0.99999315 -0.0015882128 -0.0033482015 0.001598151 0.9999943 0.002966155 0.003343463 -0.0029714715 0.9999899 0.02433984 -0.0034704208 0.006904006
0.999993 -0.0020257633 -0.0031190813 0.0020307298 0.99999666 0.0015931446 0.0031158365 -0.0015994683 0.99999374 0.026536599 -0.0004515648 0.0076642036
0.9999557 0.0032773912 -0.008806884 -0.0033076704 0.9999888 -0.0034380555 0.008795351 0.0034670532 0.9999554 -0.035386324 0.00488472 -0.058761
1 0 0 0 1 0 0 0 1 -0.15212822 0.057211876 0.0053942353
1 0 0 0 1 0 0 0 1 -0.0007696152 0.0017108917 0.016215563
0.9999965 -0.000533901 0.0025963709 0.0005301464 0.9999988 0.0014426075 -0.002597157 -0.0014412296 0.9999956 0.002901435 -0.006910324 -0.012789786
0.9872725 -0.12543523 -0.0977698 0.1259815 0.99203247 -0.0005906224 0.09706498 -0.011734098 0.99520874 0.19615686 0.13195705 0.47104478
0.99999326 -0.0020276248 -0.0030374266 0.0020330427 0.99999624 0.0017825384 0.003033802 -0.0017886963 0.9999937 0.025246099 0.00027132034 0.010330439
0.9999956 -0.0017203686 -0.002422858 0.0017309136 0.9999891 0.004329647 0.0024153776 -0.0043338416 0.9999877 0.022179067 -4.339218E-05 0.015634298
0.9999871 -0.002340294 -0.004478082 0.0023511434 0.99999404 0.0024330989 0.00447233 -0.002443619 0.999987 0.029834628 0.0020918846 0.010195494
0.99999225 -0.0021062447 -0.0033958629 0.0021140014 0.9999954 0.0023110025 0.003390994 -0.0023181587 0.99999154 0.026260432 -0.00010681152 0.009880364
0.9999868 -0.001969503 -0.0047617815 0.0019796966 0.9999958 0.0021222346 0.004757587 -0.0021316297 0.9999864 0.022630967 0.0041456223 0.009242356
0.99999285 -0.0021208893 -0.0031775981 0.0021271426 0.99999607 0.0019520335 0.0031734519 -0.001958765 0.99999297 0.026035264 0.0018429756 0.009025931
1 0 0 0 1 0 0 0 1 -0.4744553 -0.025936604 0.30958676
0.9999927 -0.0009799288 -0.0036814716 0.0009931542 0.999993 0.0035964753 0.0036779214 -0.0036001094 0.9999868 0.0105009675 0.00996685 0.009933114
1 0 0 0 1 0 0 0 1 0.01616323 -0.006942034 0.007237911
1 0 0 0 1 0 0 0 1 -0.4325894 -0.124800205 0.21982074
0.9999978 -0.0015032995 -0.0014640987 0.0015101496 0.9999875 0.004737649 0.001456961 -0.004739855 0.9999877 0.020494506 -0.0018415451 0.01798439
0.9999972 -0.002041032 -0.0012268052 0.002043894 0.9999954 0.002324827 0.0012220512 -0.0023272932 0.9999964 0.024645 0.0028834343 0.008486092
0.9999939 -0.002103704 -0.0028055273 0.00210779 0.99999666 0.001398202 0.0028025806 -0.0014041252 0.99999505 0.026011378 0.0010757446 0.00831759
1 0 0 0 1 0 0 0 1 0.0032100677 0.0039036274 -0.005162239
0.999996 -0.001980298 -0.0019811708 0.0019875108 0.9999915 0.0036425404 0.0019739382 -0.0036464594 0.99999136 0.025607523 0.0004925728 0.010783017
0.9999844 -0.0016432493 -0.0053203106 0.001654875 0.99999636 0.0021911133 0.0053167343 -0.0021998752 0.99998343 0.02203552 0.000890255 0.008159906
0.999998 -0.00059454516 -0.0018954724 0.0005967915 0.999999 0.0012278408 0.0018947572 -0.0012289733 0.9999974 0.018541515 0.0048594475 0.00020062923
0.99999154 -0.0021646847 -0.0035409601 0.0021689879 0.99999684 0.0012235381 0.0035382938 -0.0012311898 0.99999297 0.026539221 0.0023918152 0.006773591
0.99995303 -0.0023784041 -0.00937739 0.0023646057 0.99999607 -0.0014897287 0.009380847 0.0014674813 0.99995506 0.02675271 -0.00947094 0.0010553598
0.99209076 -0.10031834 -0.0754451 0.10021374 0.99495244 -0.0051820725 0.07558417 -0.0024196655 0.9971366 0.06398034 0.07284737 0.3733511
1 0 0 0 1 0 0 0 1 -0.3700986 -0.20169592 0.1682396
0.99999815 -0.0012969605 0.0013019443 0.0012922236 0.9999926 0.0036505302 -0.0013066232 -0.003648864 0.9999925 0.014775008 0.00076293945 0.014351606
0.99999124 -0.0014530818 -0.0039545186 0.0014682243 0.99999166 0.003840217 0.0039489083 -0.0038459864 0.9999848 0.014656678 -0.0019545555 0.010313094
0.99999285 -0.0020409944 -0.0031690076 0.0020471644 0.9999962 0.0019330569 0.0031650485 -0.0019395277 0.9999931 0.0256606 0.000330925 0.008484721
1 0 0 0 1 0 0 0 1 0.012904644 0.008754253 0.0061263554
0.99999183 -0.0020063384 -0.0034821555 0.0020112437 0.99999684 0.0014203265 0.0034792945 -0.0014273264 0.9999929 0.025860265 0.0014910698 0.008058548
0.99998987 -0.0023197401 -0.003892284 0.0023283844 0.9999949 0.002251558 0.0038870275 -0.0022606216 0.99999005 0.026594594 -0.00061893463 0.010102212
0.999996 -0.0021378682 -0.0017220043 0.0021418803 0.9999945 0.0023977067 0.001716882 -0.0024013948 0.99999565 0.025566995 0.0001001358 0.010394454
0.99999034 -0.0019347104 -0.0038369894 0.0019308375 0.9999971 -0.001018256 0.0038390309 0.0010107756 0.99999213 0.027194142 0.0012946129 -0.00053602457
0.9999924 -0.0019191423 -0.0033907755 0.0019259463 0.99999624 0.0020181648 0.0033868873 -0.0020246524 0.9999922 0.026237026 -0.001894474 0.007646382
1 0 0 0 1 0 0 0 1 0.011796951 -0.0018939972 0.0058591366
1 0 0 0 1 0 0 0 1 0.01174283 -0.0061297417 0.011922479
0.999994 -0.0018645759 -0.0029112622 0.0018680173 0.99999714 0.0012049861 0.0029090084 -0.0012104195 0.99999493 0.025425851 -0.0008416176 0.0055541396
0.99995273 0.0014812835 -0.009596825 -0.0014692396 0.9999981 0.0012699701 0.009598687 -0.0012558065 0.99995303 -0.006623596 -0.015339851 0.015866935
0.99475914 -0.08215758 -0.06086296 0.081053495 0.9965011 -0.02039653 0.062325686 0.015356332 0.99793774 -0.022723675 -0.022083282 0.20133972
0.9999847 -0.00084156543 -0.005399853 0.0008574147 0.9999952 0.0029522553 0.00539732 -0.00295683 0.9999808 0.015089512 0.005458355 0.016181529
0.9999922 -0.0020634644 -0.003273528 0.0020694467 0.99999577 0.0018437505 0.0032696985 -0.0018505342 0.99999285 0.025926843 0.0008497238 0.008840144
0.99999297 -0.0022421253 -0.0029883906 0.0022468863 0.99999636 0.0016171187 0.0029847473 -0.0016238019 0.99999416 0.027067512 0.0018715858 0.009088039
0.9999941 -0.0023075861 -0.0025815405 0.0023136432 0.99999464 0.0023358222 0.0025761276 -0.0023417836 0.9999939 0.027116012 -0.0015602112 0.008973479
0.99999416 -0.0017248788 -0.003076896 0.0017331077 0.99999505 0.00268016 0.0030722693 -0.0026854686 0.9999917 0.02422271 0.0007042885 0.00860399
1 0 0 0 1 0 0 0 1 -0.010798037 0.038333893 -0.018790841
1 0 0 0 1 0 0 0 1 0.0063507557 0.0119485855 0.008491695
0.99999535 -0.0019689843 -0.0022563133 0.0019753496 0.99999404 0.002814237 0.0022507575 -0.0028186925 0.99999344 0.026557863 0.0022621155 0.013226271
0.999992 -0.0018651086 -0.003531335 0.0018698873 0.9999972 0.001351459 0.003528799 -0.0013580453 0.9999928 0.02642079 -0.004668474 0.004033625
1 0 0 0 1 0 0 0 1 -0.014731646 -0.005921364 -0.06623167
0.9999913 -0.0022834744 -0.0034955647 0.0022906063 0.9999953 0.0020495653 0.0034908727 -0.002057545 0.9999917 0.023264602 0.00097465515 0.011098146
0.999992 -0.0011464832 -0.003843464 0.0011557734 0.9999965 0.0024070907 0.0038406998 -0.0024115127 0.9999897 0.0067438483 0.0075187683 0.003736794
0.99999326 -0.0015176532 -0.0033922046 0.001533106 0.9999884 0.0045665475 0.0033852533 -0.004571717 0.999984 0.017111242 -0.0023870468 0.018240988
0.99998933 -0.0022799794 -0.0040254295 0.0022857236 0.9999965 0.0014229503 0.004022166 -0.0014321276 0.99999094 0.027577821 -0.0022614002 0.0060414076
0.99998796 -0.002294961 -0.004279889 0.0023052488 0.99999416 0.002381199 0.0042743534 -0.0023910552 0.999988 0.027856678 -0.00025177002 0.008794725
1 0 0 0 1 0 0 0 1 0.022914648 -0.038354874 -0.03141427
0.9999931 -0.0021307769 -0.0031056227 0.0021353438 0.99999666 0.0014637299 0.0031024953 -0.0014703348 0.99999404 0.02694894 0.0017166138 0.00771755
0.9999905 -0.0016067456 -0.004075289 0.0016136821 0.9999975 0.0016956627 0.0040725395 -0.0017022043 0.9999903 0.020834833 0.0015511513 0.0062265396
0.99998856 -0.0021840828 -0.0042368174 0.0021912453 0.99999607 0.0016744924 0.0042331517 -0.0016837604 0.99998957 0.027473807 -0.0058488846 0.0052728355
0.99999326 -0.002113823 -0.003016021 0.0021208583 0.9999948 0.0023549348 0.0030110367 -0.0023613237 0.9999927 0.02721095 0.0022797585 0.010545313
1 0 0 0 1 0 0 0 1 0.009955913 -0.013394356 -0.0021433495
0.9999962 -0.0017740376 -0.0020773932 0.0017836401 0.99998766 0.004605918 0.002069205 -0.0046096053 0.9999872 0.020928849 -0.0021209717 0.01702267
1 0 0 0 1 0 0 0 1 -0.010808229 -0.00283432 -0.047391653
0.9999536 0.003196057 0.0091006905 -0.0031853188 0.9999945 -0.0011962205 -0.0091044605 0.0011672005 0.999958 -0.07894373 0.014616013 -0.019228965
0.9999934 -0.0022199817 -0.0029650033 0.0022263501 0.9999955 0.0021617245 0.0029601809 -0.002168294 0.9999932 0.027029742 -0.00041532516 0.009555936
0.9999957 -0.001832613 -0.0021281738 0.0018413804 0.9999895 0.0041730404 0.002120501 -0.004176941 0.9999889 0.022161007 0.0016846657 0.01586622
0.99999356 -0.0020764158 -0.0029414666 0.002086195 0.99999225 0.0033272784 0.0029345353 -0.0033333935 0.99999017 0.023442492 0.0014929771 0.014292657
0.9999942 -0.0019743068 -0.0026854202 0.0019784519 0.9999968 0.001522895 0.0026824046 -0.0015282054 0.9999952 0.025892213 0.0007276535 0.0072339177
1 0 0 0 1 0 0 0 1 -0.16111755 0.047683716 -0.040147424
0.99999464 -0.0019707254 -0.0026927143 0.0019817366 0.9999899 0.0040538795 0.002684705 -0.004059191 0.9999882 0.02387213 -0.00094890594 0.014959276
0.9999972 -0.0017691101 -0.0016820244 0.0017756743 0.99999034 0.0039803125 0.0016749687 -0.0039833 0.99999064 0.023337416 0.00014448166 0.013007164
0.9999904 -0.0019262974 -0.003933206 0.0019303237 0.99999744 0.000986347 0.0039312914 -0.0009939149 0.9999917 0.025708377 -0.006358862 0.0038352013
0.99999326 -0.0021963825 -0.002958862 0.0022046128 0.999994 0.00275434 0.0029527973 -0.0027608294 0.9999917 0.027543057 0.0015993118 0.0076565742
1 0 0 0 1 0 0 0 1 0.029830456 0.022410393 -0.014814198
0.9999952 -0.0020960812 -0.0024000406 0.00209868 0.9999974 0.0010422319 0.0023978278 -0.0010472573 0.9999965 0.028797299 0.0014472008 0.0060138702
1 0 0 0 1 0 0 0 1 0.10866904 -0.23777914 0.026658535
0.99997413 0.00085797533 -0.0071703494 -0.0008581169 0.99999964 -3.4868717E-05 0.0071702003 4.094839E-05 0.99997425 0.028876185 0.020427704 0.019533515
0.9999817 -0.0014218651 -0.005872637 0.0014286041 0.9999983 0.0011426061 0.0058710277 -0.001150988 0.999982 0.01804775 -0.025340438 -0.0018620491
0.9999937 -0.0016733762 -0.0031803139 0.0016831527 0.999994 0.0030661654 0.0031751692 -0.0030715019 0.9999903 0.020011585 -0.006831169 0.009032011
0.9999829 -0.0023022438 -0.0053695105 0.0023105869 0.9999962 0.0015368406 0.005365964 -0.0015492216 0.9999843 0.028051555 -0.002291441 0.0026549697
0.99998915 -0.0024832697 -0.00399784 0.0024886234 0.999996 0.0013598464 0.003994435 -0.0013697783 0.9999912 0.027172461 0.00083112717 0.0074846447
0.99065214 -0.09709798 -0.09581292 0.09698516 0.9952687 -0.005843252 0.095926955 -0.0035037994 0.99538225 -0.03822601 0.057062626 0.40723443
0.9999959 -0.0017074135 -0.002230525 0.0017097201 0.99999803 0.0010068994 0.0022288114 -0.0010107132 0.9999968 0.015968502 0.00032424927 0.0006637573
0.99998564 -0.0030170584 -0.0044283867 0.0030212775 0.99999505 0.0009468347 0.004425481 -0.00096020475 0.9999898 0.030833304 -0.0048236847 -0.0008946061
0.9999954 -0.002185109 -0.0021754503 0.002189499 0.9999957 0.001965398 0.0021711327 -0.001970157 0.99999577 0.028675228 -0.00046920776 0.0054880977
1 0 0 0 1 0 0 0 1 -0.023542881 -0.07507324 0.12159008
0.999991 -0.0022510472 -0.0036470667 0.0022570635 0.9999962 0.0016405061 0.0036433525 -0.0016487315 0.9999921 0.031231612 0.0076680183 0.0067567825
0.99999416 -0.002015459 -0.0027805567 0.0020201146 0.99999654 0.0017095134 0.0027770847 -0.0017151088 0.99999475 0.026507974 0.0035614967 0.0079010725
1 0 0 0 1 0 0 0 1 -0.51421 -0.2040739 0.17495728
1 0 0 0 1 0 0 0 1 -0.023569345 0.011777878 -0.008943796
0.99999774 -0.0015895967 -0.0013524666 0.0015956542 0.9999886 0.0044808257 0.0013453439 -0.0044829696 0.999989 0.019676462 -0.0019035339 0.015412867
1 0 0 0 1 0 0 0 1 -0.007864714 -0.00079774857 0.0068069696
0.99998885 -0.0019056732 -0.0042743366 0.0019160407 0.9999953 0.002428377 0.004269691 -0.00243654 0.9999878 0.023605138 -0.0019202232 0.0054378808
0.9999913 -0.0020997687 -0.0036903992 0.0021036658 0.9999974 0.0010543596 0.0036881454 -0.0010620933 0.99999255 0.026842594 0.0013070107 0.0042253733
0.9999921 -0.0015552742 -0.003659092 0.001563351 0.9999964 0.0022363702 0.00365562 -0.002242079 0.99999076 0.0124307275 0.0012135506 0.0064133406
0.9999972 -0.0013861265 -0.0019281507 0.0013940986 0.9999904 0.004203208 0.0019222498 -0.0042058937 0.9999894 0.016699657 -0.0064086914 0.008628488
0.9999921 -0.002240492 -0.0032514846 0.0022454425 0.9999961 0.0015848279 0.003247913 -0.0015921183 0.9999933 0.026390895 0.00072288513 0.008038819
0.99999124 -0.0023247872 -0.0034844726 0.0023300902 0.9999961 0.0015268959 0.0034809 -0.0015349835 0.9999925 0.027164698 0.0016665459 0.0076269507
0.991384 -0.10222024 -0.08190587 0.10207288 0.9947587 -0.005995512 0.082089454 -0.0024164766 0.99662197 0.06305623 0.07564592 0.38123536
0.9999928 -0.0019407875 -0.0033890484 0.001945563 0.99999744 0.0013839062 0.0033863564 -0.001390487 0.9999934 0.026631713 -0.0013394356 0.0071018934
0.99999636 -0.0018113508 -0.0021604598 0.0018208683 0.99998903 0.0043914868 0.00215251 -0.0043954 0.999988 0.02199446 -0.0019392967 0.015957892
0.9999928 -0.0021513784 -0.003138058 0.002159995 0.9999939 0.0027174018 0.0031321952 -0.0027241595 0.9999913 0.026230827 0.001595974 0.013859868
0.9996754 -0.004355691 -0.025096178 0.0045098835 0.999971 0.0060860217 0.025068965 -0.0061972328 0.9996665 0.014552951 -0.04576969 0.05624473
0.9999922 -0.0020481828 -0.0032936486 0.0020521125 0.9999969 0.0012037922 0.0032911724 -0.0012105517 0.9999938 0.027449295 -0.0022118092 0.005380571
0.99999046 -0.0021490226 -0.0037847832 0.0021576441 0.9999947 0.0023037074 0.00377981 -0.0023118514 0.99999 0.026477024 -0.00018262863 0.008520961
0.99999297 -0.0014648088 -0.0034635216 0.0014800003 0.9999894 0.0043570017 0.0034570992 -0.0043620924 0.99998456 0.015511453 -0.0029706955 0.017635554
0.999992 -0.0016825456 -0.003649339 0.0016930067 0.99999434 0.0028442265 0.003644526 -0.0028503807 0.99998933 0.021262988 0.00028467178 0.011389554
1 0 0 0 1 0 0 0 1 0.0006933212 0.005851269 -0.021685362
0.99997413 -0.0007612911 -0.0071448386 0.0007713728 0.9999985 0.0014128247 0.0071437657 -0.0014182893 0.99997354 -0.020693064 -0.07978387 0.0027873516
0.9999245 -0.006095603 -0.010652378 0.006105311 0.9999808 0.000878701 0.01064682 -0.00094365515 0.9999428 0.044721723 -0.00016117096 0.013589263
0.99999774 -0.0021066964 -0.0003315648 0.0021072328 0.9999964 0.0016629882 0.00032806676 -0.0016636862 0.9999986 0.014731467 0.023244858 0.008183474
0.9999928 -0.0022504856 -0.0030229664 0.0022564316 0.9999956 0.0019644238 0.0030185338 -0.0019712225 0.99999344 0.027043417 0.00018787384 0.009892762
1 0 0 0 1 0 0 0 1 -0.0017204285 0.026397228 0.015154362
0.99999106 -0.0021657369 -0.0036741123 0.0021745649 0.99999464 0.002434196 0.0036687776 -0.0024421625 0.99999034 0.02593971 0.0022377968 0.008322895
0.9999915 -0.00186246 -0.0036169179 0.0018705083 0.9999956 0.002234634 0.0036127325 -0.0022413917 0.99999094 0.023044191 0.0009636879 0.010107756
0.99998957 -0.0012534373 -0.0044629425 0.0012715171 0.99999124 0.004031319 0.0044578314 -0.0040369406 0.99998206 0.01435487 0.008115768 0.017096639
0.9999871 -0.0016266671 -0.0048021525 0.0016399983 0.9999949 0.0027482696 0.004797656 -0.0027561039 0.9999847 0.016376555 0.009867191 0.0077997446
1 0 0 0 1 0 0 0 1 0.007073164 0.028274298 0.017119527
0.99999356 -0.0015714171 -0.0032650903 0.001582322 0.99999315 0.0033666957 0.0032598004 -0.003371851 0.9999891 0.017646283 -0.0012936592 0.011777937
1 0 0 0 1 0 0 0 1 -0.009321064 -0.049318314 0.06590164
1 0 0 0 1 0 0 0 1 -0.40225792 -0.1533122 0.094628334
0.9908881 -0.10680131 -0.082062095 0.10771081 0.99415964 0.006724356 0.08086469 -0.015502214 0.9966045 0.09666455 0.109620094 0.48020434
1 0 0 0 1 0 0 0 1 -0.5235431 -0.1285038 0.2391007
0.99997103 -0.0012343847 -0.0074941665 0.0012715249 0.999987 0.004967753 0.007487923 -0.004977111 0.9999594 0.025258482 -0.00018024445 0.01635474
0.9999939 -0.0023110548 -0.0026159026 0.0023192528 0.9999924 0.0031092446 0.0026086979 -0.0031152964 0.99999166 0.026627198 -7.43866E-05 0.015329897
0.9999926 -0.0019443287 -0.0033360198 0.0019482253 0.99999744 0.0011752583 0.003333725 -0.0011817403 0.9999938 0.026260786 0.0029091835 0.007463217
1 0 0 0 1 0 0 0 1 -0.008875608 0.00060892105 0.012750767
0.99999934 -0.00046848785 -0.0012928843 0.0004731603 0.9999939 0.003511481 0.0012911558 -0.0035121366 0.9999929 0.0037451386 -0.0008878708 0.0041098
0.99999046 -0.0017713793 -0.004013717 0.0017872173 0.9999908 0.0039482005 0.004006535 -0.0039552785 0.99998415 0.02229539 0.005493164 0.025776058
0.99998903 -0.0021237875 -0.004122667 0.0021286637 0.9999969 0.001182016 0.0041201524 -0.0011907965 0.9999908 0.026234109 0.0013813972 0.0049583316
0.99999076 -0.001744153 -0.0039190054 0.0017503453 0.999997 0.0015794486 0.003916234 -0.0015863106 0.9999912 0.02562344 -0.003008604 0.0042357147
-0.894991 -0.13758826 -0.42433542 -0.025668986 0.9655535 -0.25893506 0.445345 -0.22085229 -0.8676935 -4.0531263 0.0074181557 1.9266057
0.20660128 -0.40547305 0.89045346 -0.42446238 0.7828452 0.45495602 -0.8815596 -0.47195864 -0.0103712585 -1.7006624 -0.9408545 -0.333821
0.9999971 -0.0017621773 -0.0016373545 0.0017631738 0.99999845 0.0005916953 0.0016363002 -0.00059455633 0.9999985 0.03226547 0.0042598248 0.0044049025
0.9999885 -0.002160411 -0.004263513 0.0021681495 0.999996 0.0018010773 0.0042595863 -0.0018103011 0.9999893 0.027803123 -0.00078082085 0.0065978467
1 0 0 0 1 0 0 0 1 -0.0314368 -0.011610508 0.022730708
1 0 0 0 1 0 0 0 1 -0.009984255 0.025000572 -0.027785182
0.9999949 -0.0021191805 -0.0023277625 0.0021268257 0.9999922 0.0032394081 0.002320893 -0.0032443404 0.99999183 0.025586816 0.0032405853 0.014350295
1 0 0 0 1 0 0 0 1 0.042159438 -0.037292115 0.0034343004
0.9999887 -0.004037345 -0.0025252476 0.004040382 0.99999106 0.0012467052 0.0025201812 -0.0012568911 0.99999595 0.03959763 0.0033704042 0.002465248
0.9999607 -0.00086844806 -0.00883317 0.0008576026 0.999999 -0.0012468174 0.008834243 0.001239188 0.99996024 0.021164432 -0.023321629 0.009103715
0.99999005 -0.0023492917 -0.0038345233 0.0023530782 0.9999968 0.0009835064 0.0038321912 -0.0009925067 0.99999225 0.028191179 0.00052285194 0.004766643
0.9999871 -0.0017758531 -0.004701659 0.0017805605 0.9999977 0.0009983685 0.004699856 -0.0010067318 0.99998844 0.021404386 0.002067566 0.0054022074
0.9999876 -0.0018820367 -0.004605122 0.0018944026 0.9999945 0.0026704352 0.0046000713 -0.0026791259 0.9999857 0.024880454 -0.0019130707 0.007956922
0.99999 -0.0009515416 -0.00443165 0.0009688698 0.9999922 0.003910266 0.0044278502 -0.0039145127 0.99998266 0.013339467 0.0042152405 0.019574344
0.9999961 -0.0015231827 -0.0023636594 0.0015312808 0.99999297 0.0034102835 0.002358459 -0.003413912 0.99999136 0.021950774 0.0021734238 0.013133943
1 0 0 0 1 0 0 0 1 0.011018753 0.002564907 0.017491102
1 0 0 0 1 0 0 0 1 0.044809222 -0.025796011 -0.004541993
1 0 0 0 1 0 0 0 1 -0.0032453537 0.001376152 0.02221936
0.9999936 -0.002010861 -0.002924934 0.002019174 0.99999386 0.0028615594 0.0029191151 -0.0028674677 0.9999917 0.025645873 0.001742363 0.011165798
0.9999934 -0.0018426226 -0.00314774 0.001856595 0.99998885 0.004377179 0.00313963 -0.004382996 0.99998534 0.022032384 -0.00045251846 0.018165648
0.9999939 -0.0019379444 -0.0029818723 0.0019427657 0.99999696 0.0016198121 0.0029787198 -0.0016255826 0.9999942 0.025144387 -0.00037145615 0.008093715
1 0 0 0 1 0 0 0 1 0.01903081 0.012125969 0.0002783686
0.999994 -0.002083137 -0.0027451217 0.002087078 0.99999684 0.0014466792 0.0027421117 -0.0014523901 0.9999952 0.027585909 0.0009970665 0.0067206025
0.9999016 0.009441171 -0.01038751 -0.009400247 0.99994826 0.003996469 0.010424674 -0.003898248 0.99993825 -0.07167983 0.0027065277 0.022592962
0.990508 -0.11025063 -0.08209199 0.11003798 0.9939021 -0.007123664 0.08237682 -0.0019774288 0.99659956 0.11338949 0.08732557 0.37597418
0.9999906 -0.0019578508 -0.003920866 0.0019697845 0.99999344 0.003049964 0.0039148675 -0.0030576587 0.9999877 0.021433404 0.00065135956 0.014093757
1 0 0 0 1 0 0 0 1 0.012712061 8.583069E-05 0.0036886334
0.9999972 -0.0015016734 -0.0018470585 0.0015100648 0.99998844 0.0045621516 0.0018401891 -0.004564929 0.9999879 0.019240819 -0.0021133423 0.016695142
0.99999756 -0.0014555175 -0.0017109513 0.0014626137 0.9999906 0.004089184 0.0017049611 -0.0040916726 0.9999902 0.018506818 -0.0055599213 0.0079751015
0.9999975 -0.00048237294 -0.002154678 0.0004761368 0.99999595 -0.0027882159 0.0021560192 0.0027870685 0.9999938 0.027112603 -0.01067543 -0.005980976
0.9937975 -0.09397535 -0.059456494 0.09397322 0.9955704 -0.0028389264 0.059459873 -0.0027661994 0.9982268 0.061686277 0.060697556 0.35179913
0.9999922 -0.0006790483 -0.0038831006 0.00069140433 0.9999947 0.0031911582 0.0038809124 -0.0031938124 0.99998736 0.006752193 0.007660866 0.011048973
0.9999966 -0.0016913065 -0.0020174682 0.0016975258 0.9999939 0.0030614417 0.0020122528 -0.0030648932 0.9999933 0.021876484 -0.003633976 0.0077720284
0.9999994 0.00031576864 -0.0010908246 -0.0003134627 0.9999978 0.0020539016 0.0010914207 -0.00205357 0.9999972 0.0005493164 0.0016224384 0.0011824667
0.9999967 -0.0014478709 -0.0022919085 0.0014573492 0.9999904 0.0041123275 0.002285935 -0.0041156355 0.9999891 0.021877721 -0.004231453 0.010668874
0.99999005 -0.0025937716 -0.003646493 0.0025962018 0.9999964 0.0006536227 0.0036448538 -0.00066307373 0.999993 0.038644075 -0.0053548813 0.0043863356
0.99999213 -0.0018845858 -0.0034135897 0.0018978397 0.9999903 0.003883738 0.0034062415 -0.003890182 0.9999865 0.021257728 -0.0030174255 0.014026225
0.9999855 -0.0029755048 -0.004521638 0.003011859 0.9999631 0.008051254 0.0044974983 -0.008064806 0.9999575 0.028766483 -0.0023593903 0.053422652
0.9999873 -0.0020714777 -0.0046291314 0.002081742 0.99999535 0.0022142548 0.0046245195 -0.0022238623 0.9999869 0.022577137 -0.0029978752 0.009501696
0.9999878 -0.0021400508 -0.0044368953 0.0021401686 0.9999976 4.2755157E-05 0.0044368207 -5.220622E-05 0.9999902 0.027364668 0.0028305054 0.003158629
0.999995 -0.0020873393 -0.0022640228 0.0020950022 0.99999213 0.003403902 0.0022568703 -0.003408637 0.9999916 0.025156662 -0.0015535355 0.01481545
0.9999913 -0.0021566714 -0.0035496727 0.0021617906 0.99999666 0.0014742911 0.0035464857 -0.0014819577 0.99999267 0.026832923 0.004582882 0.007697284
0.9999777 -0.002068309 -0.006351769 0.002094212 0.9999895 0.004060928 0.0063433647 -0.0040741432 0.9999715 0.03480497 -0.01066494 0.013032496
1 0 0 0 1 0 0 0 1 -0.0317657 -0.0151491165 -0.086248994
0.9999918 -0.002029577 -0.003480766 0.0020334686 0.9999973 0.0010822006 0.0034785531 -0.0010892674 0.9999933 0.026816323 0.0009841919 0.006763935
0.9999948 -0.0016972325 -0.00266172 0.0017010105 0.99999744 0.0014102226 0.0026593208 -0.001414746 0.9999954 0.022497088 -0.001344204 0.009854138
0.99999356 -0.0024718284 -0.0026426818 0.0024801337 0.9999921 0.0031500477 0.0026348773 -0.0031565828 0.99999154 0.02434647 -0.0007252693 0.009274304
0.9999898 -0.0016123408 -0.004185386 0.0016140736 0.99999875 0.00037560612 0.0041847546 -0.00038234144 0.99999124 0.02718532 -0.02706346 -0.0031929016
1 0 0 0 1 0 0 0 1 0.025955558 -0.0047912598 -0.0053064525
1 0 0 0 1 0 0 0 1 -0.006138563 -0.00319767 0.007840157
0.9999944 -0.0020503306 -0.0025558397 0.002055256 0.9999959 0.001962062 0.002551794 -0.0019672923 0.9999947 0.027068324 0.005186081 0.0077471733
1 0 0 0 1 0 0 0 1 -0.016019344 0.004380703 0.017228842
0.99996924 0.001321651 0.007763058 -0.0013050921 0.999997 -0.0021330044 -0.0077658296 0.0021228194 0.9999676 -0.015325069 -0.06199789 0.007819176
1 0 0 0 1 0 0 0 1 -0.021349072 -0.02739811 -0.07761204
1 0 0 0 1 0 0 0 1 -0.014215708 0.0118813515 0.012746036
0.9999907 -0.002197332 -0.0036528753 0.0022017488 0.9999966 0.0012302324 0.0036501642 -0.0012382753 0.9999925 0.026175268 0.0014014244 0.0070261955
0.99999344 -0.0020989138 -0.002966512 0.0021111956 0.99998903 0.004178416 0.0029577091 -0.0041846484 0.99998695 0.024941396 -0.004090309 0.013113797
0.9999946 -0.0019175526 -0.0025943741 0.0019222179 0.99999624 0.0018206574 0.0025908574 -0.0018256493 0.9999949 0.026648851 -0.0009460449 0.0075185895
0.99999297 -0.0024632649 -0.0027965792 0.0024708665 0.99999315 0.0027461015 0.0027898028 -0.0027529877 0.9999923 0.02660583 0.00073719025 0.01165241
0.969239 0.23341817 0.07804928 -0.20246428 0.93647295 -0.28640333 -0.1399428 0.26179096 0.9549248 -1.858273 -1.2686834 -2.2355385
0.9999977 -0.00198182 -0.0009649396 0.001984762 0.9999934 0.0029962212 0.0009589866 -0.0029981807 0.9999952 0.032713205 0.009394646 0.0012772083
0.9999917 -0.0019715498 -0.0034934059 0.0019764933 0.9999969 0.0014079735 0.003490612 -0.0014148708 0.9999929 0.025456943 -0.00042963028 0.007838666
0.9999903 -0.002403278 -0.0036936905 0.0024064465 0.9999969 0.0008527916 0.0036916249 -0.00086166523 0.99999267 0.024989434 -0.00069761276 0.005959153
0.9999912 -0.004108086 -0.0006384114 0.004110789 0.9999831 0.004076369 0.00062166527 -0.0040789694 0.9999915 0.03551358 0.023804665 0.016190588
0.9999887 -0.0023625623 -0.004209101 0.0023692993 0.999996 0.0016281996 0.004205279 -0.0016381722 0.9999897 0.028612763 -0.0019001961 0.007297039
0.99999833 -0.0016963189 -0.00078149885 0.0016991701 0.99999255 0.0035578609 0.0007754639 -0.003559161 0.9999933 0.018774778 0.0010852814 0.011834741
0.9999977 -0.0019945796 -0.00048676133 0.0019953407 0.9999966 0.0015336033 0.00048365444 -0.0015345588 0.9999988 0.030899368 -0.009271622 -0.0023297668
0.9931572 -0.093887895 -0.06945419 0.09402239 0.99556947 -0.0013393164 0.06927222 -0.0052001625 0.99758434 0.03528464 0.06682539 0.38439703
0.9029456 -0.035205986 -0.42831075 -0.33251148 -0.6886275 -0.6443825 -0.27226037 0.72426033 -0.63349926 -1.6159922 8.306911 -9.874891
0.9999593 0.0027129706 -0.008605227 -0.002661176 0.9999781 0.0060339198 0.008621424 -0.0060107335 0.9999448 -0.03596437 0.009836197 0.026791096
0.9999944 -0.0019702152 -0.002752684 0.0019746162 0.99999714 0.0015782346 0.00274954 -0.0015836549 0.9999949 0.027029917 -0.0014657974 0.0077458024
0.99999225 -0.002095716 -0.003331706 0.002099202 0.9999972 0.0010615215 0.0033294708 -0.0010685138 0.99999386 0.026541233 0.0017380714 0.0075770617
0.9999931 -0.0022698296 -0.0029850155 0.0022719577 0.99999756 0.00069992244 0.0029834136 -0.00070665777 0.9999953 0.02833113 0.00540781 0.008333981
0.99999124 -0.0021461328 -0.00352774 0.0021522674 0.999996 0.0017397851 0.0035240017 -0.001747366 0.99999213 0.026498705 0.0020627975 0.00848639
0.99999654 -0.001874592 -0.0018376652 0.0018766067 0.99999774 0.0010646004 0.0018356666 -0.0010680389 0.9999977 0.027135335 -0.0016708374 0.0059193373
0.9999921 -0.002078176 -0.0034434795 0.0020774012 0.99999785 -0.00022242218 0.0034439191 0.00021526963 0.99999416 0.028002784 0.0043649673 0.003058195
1 0 0 0 1 0 0 0 1 -0.055288553 0.0074720383 -0.010963887
0.99983054 0.0005155578 -0.018399209 -0.00041853637 0.9999859 0.005272001 0.018401712 -0.005263418 0.9998168 0.0025759935 0.012576103 0.038863122
0.99999106 -0.0019867644 -0.0037116408 0.0019965814 0.9999943 0.0026533157 0.003706351 -0.002660688 0.9999896 0.02602017 -0.007040024 0.008024216
1 0 0 0 1 0 0 0 1 0.0075952113 0.008442402 0.021944046
1 0 0 0 1 0 0 0 1 -0.014045477 -0.013950348 -0.004463136
0.9920969 -0.1031113 -0.07149817 0.103232056 0.99465525 -0.0020128712 0.07132368 -0.0053836703 0.9974388 0.09796524 0.089324 0.38596773
0.99999213 -0.0021184855 -0.0034171566 0.002129151 0.99999297 0.0031207763 0.003410522 -0.003128022 0.9999893 0.02426437 0.0042672157 0.014509082
0.9999935 -0.002329365 -0.0027666092 0.0023387568 0.9999916 0.0034047607 0.0027586594 -0.0034112073 0.9999904 0.023687389 0.0001745224 0.0141785145
0.99998856 -0.0032486878 -0.0035045147 0.0032580756 0.99999124 0.002622947 0.0034959912 -0.002634272 0.99999034 0.023774624 0.014000893 0.006119013
0.9999988 -0.001413424 -0.00070273876 0.0014164057 0.99999005 0.004205102 0.0006967187 -0.0042059533 0.9999909 0.019998677 -0.004258156 0.0073028803
-0.15385959 -0.87588423 0.4573335 -0.9391554 -0.014223009 -0.34319764 0.30710608 -0.48231146 -0.8204033 1.318212 2.5109 3.5364213
0.999985 -0.00069830345 -0.0054425895 0.0007050709 0.999999 0.0012389608 0.00544174 -0.0012427848 0.9999845 0.016599536 -0.00030183792 0.0023516417
0.999993 -0.0019225173 -0.0032684356 0.0019292692 0.999996 0.0020569619 0.003264472 -0.0020632595 0.9999926 0.013377324 0.0019211769 0.011084259
0.9999996 -0.00022626936 -0.0008715093 0.00022660091 0.9999998 0.00055012666 0.0008713752 -0.0005503176 0.99999946 0.009768605 -0.00043320656 -0.004009962
0.9999917 -0.002205956 -0.0034274384 0.0022129002 0.9999955 0.0020204922 0.0034229606 -0.0020280583 0.9999921 0.026185783 -0.0005207062 0.008454442
0.9999877 -0.002099858 -0.004560191 0.0021049231 0.9999972 0.0011172928 0.004557848 -0.001126878 0.99998903 0.028138652 0.0012485981 0.0029344559
-0.062222645 -0.82481045 -0.561975 0.9452865 0.1319709 -0.29835725 0.3202526 -0.549792 0.77147067 1.0074589 7.786914 4.343871
0.9999913 -0.0013000497 -0.0039901584 0.0013097322 0.99999607 0.0024679527 0.0039869547 -0.0024731588 0.99998885 0.01975894 0.0003838539 0.008102238
0.9999877 -0.001639194 -0.004672412 0.0016563572 0.9999917 0.0037006363 0.00466631 -0.0037083365 0.9999822 0.020376712 -0.0047507286 0.008865058
0.9999919 -0.0022718422 -0.0033569522 0.0022819047 0.9999929 0.002990298 0.003350135 -0.0029979385 0.99999 0.025270045 0.0022716522 0.012590706
0.99998975 -0.0015066825 -0.0041908696 0.0015161671 0.9999964 0.0022192216 0.0041875765 -0.0022255513 0.9999887 0.020824164 -0.0037064552 0.00806278
0.9999941 -0.0018633245 -0.0029067472 0.0018701754 0.9999957 0.0023445226 0.0029023662 -0.0023499317 0.999993 0.02442811 0.005209923 0.0075546503
0.99999243 -0.0021407 -0.0032247156 0.0021459293 0.9999964 0.0016094372 0.0032212734 -0.0016163476 0.9999936 0.026681617 0.0027132034 0.009193242
1 0 0 0 1 0 0 0 1 -0.029457808 -0.034448862 0.010997176
0.99998945 -0.001940282 -0.0041391924 0.0019456573 0.9999973 0.0012870803 0.0041366853 -0.0012951191 0.99999064 0.025608182 -0.003019333 0.0016278327
0.9999944 -0.00209106 -0.00262044 0.0020962083 0.999996 0.0019436255 0.0026163645 -0.0019491017 0.9999947 0.02556327 0.0009059906 0.009471059
0.024394782 -0.25731683 -0.96601903 -0.099904805 0.9608419 -0.25846064 0.99469787 0.10281506 -0.0022678345 5.4989934 0.91006947 -1.7900764
0.99999136 -0.0010577315 -0.004027307 0.0010723067 0.99999285 0.0036275687 0.0040234625 -0.0036318456 0.9999854 0.00826776 0.0028095245 0.015780538
0.99999416 -0.0018575408 -0.0029516555 0.0018700894 0.9999894 0.0042701084 0.0029436834 -0.004275594 0.99998647 0.021782301 -0.0020070076 0.015001655
0.99999964 -0.0006984772 -0.0004894063 0.0006993813 0.9999983 0.0017329436 0.0004881993 -0.0017332789 0.99999833 0.014638085 -0.0023868084 -4.3034554E-05
0.9999137 -0.009703558 -0.0088572055 0.009789664 0.99990475 0.009729862 0.0087619275 -0.009815678 0.9999134 0.093306616 0.00010967255 0.071211845
0.999989 -0.001862477 -0.004286699 0.0018684743 0.99999696 0.0013789535 0.004284106 -0.0013869628 0.99998975 0.026171684 -0.0015742779 0.004001975
0.99999374 -0.0020480447 -0.0028740629 0.0020497667 0.9999978 0.00060386583 0.0028728186 -0.00060975924 0.9999957 0.027050942 0.001024723 0.0067108274
1 0 0 0 1 0 0 0 1 -0.00022649765 -0.0014424324 0.0024110675
0.9951164 -0.08459091 -0.050865162 0.08684413 0.9952564 0.04384908 0.046914488 -0.048052162 0.9977423 0.010365486 0.18300724 0.67672515
0.99999326 -0.00089850393 -0.0035372972 0.00091442093 0.9999897 0.0044867285 0.0035332143 -0.004489932 0.9999837 0.011798799 -0.0010271072 0.018999636
1 0 0 0 1 0 0 0 1 -0.06269699 0.024835587 -0.09019637
0.99368966 -0.08649102 -0.07141544 0.0865677 0.99624395 -0.002026111 0.0713224 -0.0041687936 0.9974446 -0.025586247 0.048495293 0.37727618
0.999994 -0.0020945638 -0.0027983636 0.0020995666 0.9999962 0.00180877 0.002794562 -0.0018146411 0.9999945 0.02677849 0.0013618469 0.008062243
1 0 0 0 1 0 0 0 1 -0.051036954 -0.018161774 -0.042375267
0.9992567 0.012721304 -0.036393374 -0.0077593653 0.99103624 0.13336904 0.037763685 -0.13298737 0.9903981 -0.6694219 0.21696377 1.2097018
1 0 0 0 1 0 0 0 1 -0.48300052 -0.20078802 0.1611185
0.9999934 -0.0020096514 -0.0030033402 0.0020141108 0.9999969 0.001472177 0.0030003712 -0.0014782101 0.99999434 0.026620105 -0.000330925 0.007627368
0.9999904 -0.0018820837 -0.0039694235 0.0018916624 0.9999953 0.0024224296 0.0039648414 -0.0024299193 0.9999892 0.022050735 0.0027446747 0.0101392865
1 0 0 0 1 0 0 0 1 0.004646808 0.013077736 0.023713589
0.99999595 -0.0015957206 -0.0023404583 0.0016060869 0.999989 0.0044103563 0.002333384 -0.004414091 0.99998766 0.019977689 -0.0056762695 0.011642069
0.9999947 -0.002149378 -0.002449043 0.0021551698 0.9999946 0.0024041934 0.0024438873 -0.0024094582 0.99999416 0.02679725 -0.00074768066 0.008994758
1 0 0 0 1 0 0 0 1 -0.026465297 0.03028357 -0.08200693
0.9999984 -0.0018715076 -0.00029724836 0.0018728636 0.9999876 0.004622355 0.0002885759 -0.0046229362 0.9999891 -0.00846526 -0.010457993 0.014419764
0.9945568 -0.08157721 -0.06482619 0.081713706 0.9966557 -0.00054457784 0.06465387 -0.004755676 0.99789643 -0.037711143 0.03956175 0.3750794
0.9999974 -0.001311714 -0.001969548 0.0013206609 0.9999889 0.0045760814 0.0019635241 -0.0045786723 0.99998766 0.01782298 -0.0018930435 0.014001846
0.99999744 -0.0013418351 0.00182987 0.0013357564 0.99999356 0.003335271 -0.0018343255 -0.0033328198 0.9999927 0.015286088 -0.017603874 -0.003654182
0.9952266 -0.05765395 -0.07873902 0.057259083 0.9983329 -0.0072651505 0.0790267 0.0027222335 0.9968689 -0.25756812 -0.042201042 0.32836223
0.9999863 -0.0022878936 -0.004732281 0.0023017342 0.999993 0.002922508 0.0047255754 -0.0029333644 0.9999846 0.026757747 0.0006403923 0.017710656
0.99999166 -0.0020378819 -0.0035542436 0.0020432353 0.99999684 0.0015222691 0.0035511032 -0.0015294962 0.9999924 0.025951624 0.0016708374 0.008364677
0.9999947 -0.0027368797 -0.0016946308 0.0027391259 0.9999951 0.0013289591 0.0016909875 -0.0013335908 0.9999977 0.036549687 -0.00083732605 0.006411195
1 0 0 0 1 0 0 0 1 0.015348077 -0.009377718 -0.0144222975
1 0 0 0 1 0 0 0 1 0.02526927 0.0030984879 0.010275245
1 0 0 0 1 0 0 0 1 0.09907675 -0.096307755 0.1058712
0.9999892 -0.002102148 -0.004140012 0.0021078794 0.9999968 0.0013625175 0.0041371286 -0.0013712309 0.99999046 0.02682525 0.00067710876 0.0064516068
0.9999929 -0.002482554 -0.0027882755 0.0024867207 0.99999577 0.0015241206 0.0027845055 -0.0015310496 0.99999493 0.030619562 0.0053801537 0.009298027
0.9999944 -0.0011835414 -0.0031820089 0.0012047386 0.9999771 0.0066384226 0.0031740814 -0.006642228 0.99997294 0.012501568 -0.0028896332 0.039028943
0.99998623 -0.00013976013 -0.005241953 0.00014697248 0.99999905 0.0013778155 0.005241763 -0.0013785656 0.9999853 0.012598574 0.0060789585 0.008392394
0.99987215 -0.014322648 -0.0071047246 0.014350898 0.9998892 0.00393207 0.007047653 -0.0040335804 0.9999668 0.051748514 0.039961815 0.04141617
0.9999894 -0.0020264047 -0.0041307956 0.0020398167 0.9999927 0.0032286067 0.0041242167 -0.0032370118 0.9999864 0.02489014 -0.0034246445 0.011499882
0.9999926 -0.0019353824 -0.0033835247 0.0019367952 0.99999833 0.00041194633 0.0033826903 -0.0004184805 0.99999416 0.02752234 0.0030305386 0.0044928193
1 0 0 0 1 0 0 0 1 0.023064733 0.00094255805 -0.030209184
0.9999901 -0.0023778426 -0.0037130043 0.0023856228 0.999995 0.002069153 0.0037081018 -0.0020780414 0.9999911 0.026389569 0.008805275 0.009726107
0.99331623 -0.08182381 -0.08141036 0.078207895 0.9958447 -0.04666069 0.08489008 0.039981842 0.9955879 -0.07819569 -0.06477022 0.08218956
1 0 0 0 1 0 0 0 1 -0.012451172 -0.033405304 -0.028097272
1 0 0 0 1 0 0 0 1 0.055236995 -0.04396534 0.003474325
0.9999917 -0.0022066063 -0.003439881 0.002214344 0.9999952 0.0021950975 0.0034350231 -0.0022026934 0.99999166 0.0257857 0.0049819946 0.01116401
0.9999913 -0.0015296243 -0.0038863681 0.0015466395 0.9999893 0.0043838676 0.0038796365 -0.004389815 0.99998266 0.021200329 0.00034856796 0.018235862
1 0 0 0 1 0 0 0 1 -0.13753533 0.017644882 0.064606786
0.99999064 -0.002049311 -0.0038119256 0.0020568667 0.9999961 0.0019640345 0.003807895 -0.001971852 0.9999909 0.025321074 0.0016665459 0.007301569
0.99999416 -0.001970462 -0.002726432 0.0019778989 0.9999942 0.0027265325 0.0027210428 -0.0027319007 0.9999925 0.024930358 0.0035495758 0.01050359
1 0 0 0 1 0 0 0 1 0.124647856 -0.33535576 0.062406063
0.99999315 -0.0021862495 -0.0030072872 0.002189392 0.99999714 0.0009926632 0.0030051097 -0.0009992719 0.9999952 0.026976079 0.0033631325 0.008434415
0.9999915 -0.0020832098 -0.0036134943 0.002089629 0.99999624 0.0017764382 0.0036097802 -0.0017839745 0.999992 0.026287287 0.00060272217 0.009273946
1 0 0 0 1 0 0 0 1 -0.02061379 0.006559372 -0.03156072
1 0 0 0 1 0 0 0 1 -0.36674285 -0.08948898 0.26800156
0.9999827 -0.0015111379 -0.005730998 0.0015159228 0.9999986 0.0008376166 0.0057296976 -0.0008463003 0.9999832 0.02051884 -0.013607979 0.0018763542
0.9999958 -0.0010657673 0.0027173795 0.0010551389 0.9999919 0.003868673 -0.0027214773 -0.0038657784 0.9999889 0.012150884 -0.0033245087 -0.015982598
0.9999931 -0.0018217094 -0.0032273568 0.001825228 0.9999975 0.0010936018 0.00322536 -0.0010995064 0.9999941 0.02429095 -0.00060224533 0.0046013594
0.99693674 -0.043709576 -0.064860165 0.04204628 0.9987565 -0.026792452 0.06595054 0.023983136 0.9975347 -0.30135512 -0.09466505 0.16404271
0.9999928 -0.002137926 -0.003149569 0.002138406 0.99999774 0.00014095008 0.0031492412 -0.00014767796 0.99999505 0.02750361 0.0038130283 0.0023171306
0.99999183 -0.0020942627 -0.0034329966 0.002099087 0.999997 0.0013794648 0.0034301057 -0.0013866555 0.9999932 0.026515543 0.000623703 0.006589055
1 0 0 0 1 0 0 0 1 0.000109791756 0.005218506 -0.0382884
1 0 0 0 1 0 0 0 1 -0.006585598 0.0026364326 -0.011937022
0.9999763 -0.0016120791 -0.0066753104 0.0016162242 0.99999857 0.00060818344 0.006674323 -0.0006189458 0.9999774 0.026084632 0.0010836124 0.008861452
0.99999344 -0.0017945593 -0.0031773 0.0017956384 0.9999983 0.00036210008 0.003176652 -0.00036783144 0.99999475 0.023714215 -0.0067534447 0.0057194233
0.99999374 -0.00187437 -0.003004223 0.001879374 0.999997 0.0016592201 0.0030010995 -0.0016648546 0.9999943 0.025918916 -0.0018291473 0.007468462
0.999992 -0.00095435977 -0.003798008 0.0009898618 0.99995524 0.009408936 0.0037888587 -0.009412691 0.9999484 0.060022354 -0.06848943 0.07902956
0.9999981 -0.0014860029 -0.0015250891 0.0014865352 0.99999917 0.00030564517 0.0015246123 -0.00030788034 0.99999887 0.03266631 0.0076191425 0.004414439
0.99999166 -0.0022207908 -0.0034724888 0.0022254423 0.99999684 0.001319237 0.003469543 -0.0013269335 0.9999931 0.026640877 0.0042381287 0.0071669817
1 0 0 0 1 0 0 0 1 0.0016961098 0.0068540573 0.064400196
0.9999917 -0.0018161542 -0.0036050305 0.0018224749 0.99999666 0.0017317254 0.0036019161 -0.0017382894 0.999992 0.024515934 0.0003581047 0.0059369206
0.99999523 -0.0023109464 -0.0021511018 0.0023171166 0.99999374 0.0028284928 0.0021445602 -0.0028334623 0.99999386 0.02702576 -0.002058506 0.01047045
1 0 0 0 1 0 0 0 1 0.014472127 0.0107421875 0.010731578
0.9999959 -0.0019083628 -0.0021490892 0.0019143409 0.9999942 0.002766434 0.0021438003 -0.0027705394 0.9999938 0.024108171 0.0010213852 0.012484133
0.99998546 -0.004671571 0.0027227402 0.004669713 0.9999889 0.0006662216 -0.0027257502 -0.0006534867 0.99999636 0.04940641 0.01640892 0.001926899
1 0 0 0 1 0 0 0 1 0.0763824 -0.044093847 -0.036541343
0.99999017 -0.0019144991 -0.0040541235 0.0019228018 0.9999962 0.0020505525 0.0040501864 -0.0020583086 0.9999897 0.023893751 0.0023007393 0.010449648
0.9999876 -0.0019881905 -0.004539307 0.0019988522 0.9999951 0.0023447247 0.004534621 -0.0023537697 0.99998695 0.021551415 0.00019741058 0.00842613
0.9999533 0.0074580126 -0.0061864997 -0.0074802116 0.99996567 -0.003565073 0.0061597563 0.003611275 0.9999745 0.026437998 0.016877174 0.0061828196
0.9999943 -0.0016908996 -0.0029306822 0.0017045592 0.99998766 0.00466887 0.0029227585 -0.0046738423 0.9999848 0.018762752 -0.0026750565 0.01911813
