0.99999 -0.0032660677 0.0030069202 0.0032614206 0.99999344 0.0015466157 -0.003011942 -0.0015367931 0.9999943 0.01710236 -0.006649494 -0.031877816
0.99999124 -0.0030485499 0.0028884076 0.003045249 0.9999947 0.0011208933 -0.0028918162 -0.0011120904 0.9999952 0.01991956 -0.0042262077 -0.033730686
0.9993038 -0.02939123 -0.022978961 0.029933512 0.9992727 0.023619711 0.022268087 -0.024291039 0.9994569 0.1925891 0.048974037 0.14770323
1 0 0 0 1 0 0 0 1 -0.16655421 0.029081345 0.20296854
1 0 0 0 1 0 0 0 1 0.006162286 -0.004812479 -0.036397696
0.99999034 -0.0017755358 -0.003996365 0.0017727712 0.9999983 -0.0006617387 0.0039975457 0.00065464433 0.9999918 0.0016024709 -0.005605221 -0.007135272
0.9996328 -0.024695754 -0.01117149 0.024605185 0.999664 -0.008168727 0.011369526 0.007891044 0.9999043 -0.19534636 -0.16347647 0.52447814
0.99999094 -0.003337022 0.0027186014 0.0033338289 0.9999938 0.00115522 -0.0027224682 -0.0011461396 0.99999565 0.02065137 -0.004016876 -0.032740116
0.9999827 -0.0043253223 0.003938243 0.0043168636 0.99998826 0.002153121 -0.003947526 -0.0021360856 0.9999899 0.018902913 -0.004758358 -0.028886437
0.99998957 -0.0034335135 0.0030480325 0.0034285225 0.99999297 0.0016320236 -0.0030536056 -0.0016215518 0.99999404 0.019438297 -0.0039601326 -0.031618983
0.9999899 -0.0035142933 0.002759764 0.0035106633 0.999993 0.0013119392 -0.0027643517 -0.001302246 0.9999953 0.021149263 -0.0032863617 -0.03311187
0.99998343 -0.0039498443 0.004219504 0.00394417 0.9999914 0.0013430025 -0.004224777 -0.00132633 0.9999902 0.017696083 -0.0018901825 -0.030174851
0.99998856 -0.0035956537 0.0031140745 0.003591738 0.99999285 0.0012447648 -0.0031185225 -0.0012335666 0.99999434 0.019841194 -0.0018324852 -0.032553136
1 0 0 0 1 0 0 0 1 -0.3566215 -0.22249699 0.5301918
0.9999723 -0.0038416495 0.006377794 0.0038310208 0.9999912 0.0016642949 -0.006384123 -0.001639816 0.99997824 0.012339234 -0.0008201599 -0.028965652
1 0 0 0 1 0 0 0 1 0.0221349 0.0026814938 -0.04398769
1 0 0 0 1 0 0 0 1 -0.32060146 -0.26776838 0.5412264
0.9999815 -0.0042758305 0.0043358654 0.004266588 0.99998844 0.0021482604 -0.004345 -0.0021297308 0.9999885 0.01690936 -0.005671501 -0.029263794
0.99998605 -0.0036941436 0.0038044099 0.003689276 0.99999255 0.0012638681 -0.0038090497 -0.0012498088 0.999992 0.020634651 -0.0005340576 -0.0344463
0.9999905 -0.0031223223 0.0030081533 0.0031193804 0.9999947 0.00092969835 -0.0030110255 -0.00092031434 0.999995 0.019955248 -0.0036854744 -0.033627927
1 0 0 0 1 0 0 0 1 -0.006375313 0.0064439774 -0.006937623
0.99998534 -0.0041495366 0.0034211297 0.0041438495 0.9999901 0.0016710423 -0.003428028 -0.0016568322 0.9999927 0.020182677 -0.0032610893 -0.030595362
0.99998796 -0.0034007344 0.003560394 0.0033945744 0.99999285 0.0017288709 -0.003566295 -0.0017168256 0.9999924 0.016101275 -0.005947113 -0.029100478
0.99998695 -0.0023510437 0.0045247823 0.0023448095 0.99999624 0.0013963655 -0.004528016 -0.0013857409 0.9999888 0.017498374 0.010884285 -0.036507726
0.99999255 -0.002812996 0.002527466 0.0028103222 0.9999954 0.0010693856 -0.0025304593 -0.0010622926 0.9999963 0.019293457 -0.002421379 -0.032791913
0.99996173 -0.0006392002 0.008712202 0.00060009956 0.99998975 0.0044917017 -0.008715004 -0.004486233 0.99995196 0.009335518 -0.006313324 -0.032878906
0.99975145 -0.015427172 -0.016109318 0.015594512 0.99982524 0.010325506 0.015947267 -0.010574117 0.999817 -0.2507186 -0.1837511 0.6652752
1 0 0 0 1 0 0 0 1 -0.32615995 -0.15334654 0.54037976
0.9999837 -0.004039644 0.0040272474 0.004036503 0.9999915 0.00081262924 -0.004030466 -0.0007963516 0.9999915 0.014882803 0.0037670135 -0.032310247
0.99998605 -0.003798018 0.00367295 0.0037902333 0.9999904 0.0021366812 -0.0036810283 -0.0021227296 0.99999106 0.013144076 -0.0057225227 -0.027985096
0.9999904 -0.003291967 0.0028788857 0.0032885864 0.9999941 0.0011752658 -0.0028827358 -0.0011657737 0.99999523 0.020684613 -0.002916813 -0.03290671
1 0 0 0 1 0 0 0 1 0.01170063 0.018054008 -0.0339805
0.9999928 -0.0027956385 0.0025034286 0.0027929028 0.9999953 0.0011225175 -0.002506528 -0.0011155494 0.9999963 0.01946731 -0.004050255 -0.032850623
0.9999894 -0.0035163541 0.0030080993 0.00351165 0.99999243 0.0015521813 -0.0030135289 -0.0015415587 0.9999943 0.018403381 -0.00424242 -0.03043592
0.99998826 -0.003502288 0.0032552779 0.003498409 0.999993 0.0012582969 -0.0032596514 -0.0012468975 0.99999386 0.021381617 -0.0029273033 -0.034554303
0.9999932 -0.0013620732 0.0033765286 0.0013593566 0.9999985 0.00080347806 -0.003377512 -0.0007988997 0.99999404 0.016733408 -0.0014853477 -0.03306371
0.9999881 -0.0033107763 0.003582079 0.0033059106 0.99999374 0.0013748212 -0.0035866061 -0.0013629645 0.9999927 0.017825961 -0.005036831 -0.03174919
1 0 0 0 1 0 0 0 1 0.022418499 -0.012317181 -0.03805685
1 0 0 0 1 0 0 0 1 -0.0040917397 0.0059256554 0.001594305
0.9999904 -0.0027185306 0.0034913032 0.0027140814 0.99999565 0.0012907945 -0.0034947959 -0.0012813052 0.9999931 0.017012298 -0.002760172 -0.032509416
0.99998635 -0.0017201174 0.004921466 0.0017176028 0.99999857 0.0005150065 -0.00492236 -0.0005065575 0.9999877 0.009386182 -0.009496212 -0.03493905
0.9995867 -0.021556377 0.019014671 0.021577656 0.9997668 -0.00091712177 -0.018990457 0.0013268143 0.9998187 -0.15444946 -0.18125296 0.44259942
0.9999858 -0.0033636894 0.004071474 0.0033580884 0.99999326 0.0013965704 -0.0040760636 -0.0013828799 0.99999046 0.004005313 -0.0032215118 -0.03638041
0.9999894 -0.003403727 0.0031272918 0.0033995947 0.9999935 0.0013356172 -0.0031318106 -0.0013249554 0.9999942 0.020262465 -0.0034213066 -0.03195262
0.99999136 -0.003207706 0.0026775151 0.003204896 0.99999434 0.0010916814 -0.0026810244 -0.0010830797 0.99999577 0.020649582 -0.0038723946 -0.033014357
0.9999887 -0.003509524 0.0031806417 0.0035046584 0.99999255 0.0015352354 -0.003186006 -0.0015240721 0.99999374 0.02034058 -0.00320673 -0.032457113
0.999988 -0.0034822603 0.003462974 0.0034775212 0.99999285 0.0013572797 -0.0034676865 -0.0013452359 0.99999315 0.018218935 -0.0032877922 -0.03208214
1 0 0 0 1 0 0 0 1 -0.02140528 0.017572403 -0.0543561
1 0 0 0 1 0 0 0 1 0.012115002 -0.015848637 -0.03840798
0.9999874 -0.0037778642 0.003288406 0.003773071 0.99999166 0.0014714487 -0.0032939366 -0.0014590211 0.99999344 0.021162122 -0.0009818077 -0.034532726
0.99999017 -0.0029573783 0.003283457 0.0029533415 0.9999949 0.001246281 -0.0032871268 -0.0012365635 0.9999939 0.018230733 -0.0055935383 -0.033784688
1 0 0 0 1 0 0 0 1 -0.038962066 -0.01841259 -0.048050046
0.99999064 -0.0035344842 0.0023666099 0.0035326683 0.9999933 0.00079417974 -0.0023694057 -0.00078581646 0.99999684 0.020003468 -0.002334118 -0.031925976
0.99997383 -0.0034280454 0.006384259 0.0034251735 0.9999942 0.0004722029 -0.0063858293 -0.00045030378 0.9999794 -0.0004912615 -0.0015563965 -0.026224315
0.9999795 -0.003953698 0.0050410107 0.003943557 0.99999017 0.0020207241 -0.0050489455 -0.0020007938 0.99998534 0.00958094 -0.008296967 -0.029584676
0.9999911 -0.002753213 0.0032449216 0.0027481462 0.9999948 0.0015601458 -0.0032491982 -0.001551242 0.99999374 0.017510697 -0.004399061 -0.029382318
0.99998736 -0.0032936146 0.0037342533 0.0032868353 0.99999267 0.0018479689 -0.003740348 -0.0018356661 0.9999913 0.017724767 -0.003926277 -0.028965265
1 0 0 0 1 0 0 0 1 0.0042130947 -0.0014615059 -0.018411934
0.99999183 -0.0028689355 0.002862397 0.0028653974 0.99999505 0.0012060218 -0.0028658458 -0.0011978261 0.9999952 0.019084945 -0.0024938583 -0.032770872
0.9999916 -0.0020416053 0.0035777763 0.0020381315 0.9999976 0.0009646639 -0.003579758 -0.00095734745 0.99999315 0.016039073 -0.0012083054 -0.032642484
0.99998933 -0.0026161517 0.0038515925 0.0026092827 0.9999949 0.0018085269 -0.0038563162 -0.0017984491 0.9999911 0.013044894 -0.0043153763 -0.027607769
0.99999 -0.003418262 0.002912812 0.003414163 0.9999934 0.0014382638 -0.0029177293 -0.0014282949 0.99999475 0.020637363 -0.0025186539 -0.03177768
1 0 0 0 1 0 0 0 1 0.013320565 0.0046572685 -0.04273742
0.9999807 -0.0043843836 0.004436355 0.004374534 0.99998796 0.0022254982 -0.0044460557 -0.0022060473 0.99998766 0.017604321 -0.006198883 -0.029810458
1 0 0 0 1 0 0 0 1 -0.037565768 -0.016051292 -0.051457047
0.9995753 0.012783704 -0.026189752 -0.011285764 0.998335 0.05656602 0.02686923 -0.05624642 0.99805516 -0.18459654 -0.0068559647 0.4784811
0.9999887 -0.0034990308 0.0031863227 0.003494628 0.99999297 0.0013814792 -0.0031911358 -0.0013703257 0.9999938 0.020766761 -0.004005432 -0.03263694
0.999981 -0.0045346776 0.004190084 0.0045256997 0.99998754 0.0021398738 -0.0041997386 -0.0021208618 0.9999888 0.019201964 -0.0059075356 -0.029334366
0.99998695 -0.004158769 0.003039918 0.004153723 0.99999017 0.0016582198 -0.0030467855 -0.0016455632 0.999994 0.023355275 -0.0034003258 -0.031024039
0.99999154 -0.0029876954 0.002792921 0.002984523 0.9999949 0.001135625 -0.0027962923 -0.0011272803 0.9999954 0.020520449 -0.0033884048 -0.034120858
1 0 0 0 1 0 0 0 1 -0.0137217045 -0.13691711 0.1385495
0.9999809 -0.0045296694 0.0042264387 0.0045217546 0.99998814 0.0018998259 -0.0042349696 -0.0018806737 0.9999891 0.018613249 -0.0049409866 -0.03109631
0.9999839 -0.0041978257 0.0037683807 0.0041905697 0.9999892 0.0019192714 -0.0037764087 -0.0019034538 0.99999106 0.020251319 -0.0036420822 -0.030749977
0.9999911 -0.0023709126 0.0035142526 0.0023654834 0.9999958 0.0015680492 -0.0035179518 -0.0015597194 0.99999255 0.014390796 -0.0044338703 -0.030069798
0.9999838 -0.0038677244 0.0041772327 0.0038597975 0.9999905 0.0019275341 -0.004184647 -0.0019113813 0.99998945 0.018645577 -0.0041155815 -0.029058099
1 0 0 0 1 0 0 0 1 0.015159488 -0.008657932 -0.04248768
0.99998987 -0.0029599715 0.0033867136 0.0029567664 0.9999952 0.0009848624 -0.0033896193 -0.0009748414 0.99999374 0.019411802 -0.0039293766 -0.033310026
1 0 0 0 1 0 0 0 1 0.29086065 -0.41382885 0.62056875
0.9999419 -0.0068425015 0.008327454 0.0068102963 0.9999692 0.003890276 -0.00835377 -0.0038333237 0.9999578 0.046195507 -0.0071935654 -0.03979838
0.999994 -0.0033987649 -0.00034052134 0.0033992939 0.999993 0.0014574379 0.00033557415 -0.0014585704 0.9999989 0.01695019 -0.009335399 -0.020878017
0.999986 -0.0038593977 0.0036153104 0.003854049 0.9999915 0.0014926028 -0.00362104 -0.001478646 0.9999923 0.018769406 -0.007353306 -0.03336212
0.9999872 -0.002836313 0.0042075627 0.0028287622 0.9999944 0.0018289527 -0.0042127334 -0.0018170206 0.9999895 0.011434078 -0.004427433 -0.02324292
0.9999901 -0.0031519933 0.003102973 0.0031475886 0.9999938 0.0014222823 -0.0031074323 -0.0014124997 0.99999404 0.019071745 -0.0049586296 -0.031363994
0.99834996 -0.04653853 -0.03363958 0.04687369 0.99885833 0.009237438 0.033171326 -0.01079908 0.99939144 -0.07074857 -0.06029463 0.7224143
0.9999744 -0.00295671 0.0065158457 0.0029578535 0.99999547 -0.00015523471 -0.006515369 0.00017451867 0.9999788 0.004997313 -0.002151966 -0.026795745
0.9999904 -0.002781763 0.003426157 0.0027787925 0.9999959 0.00086626783 -0.0034285486 -0.0008567516 0.9999938 0.016359389 -0.0011930466 -0.03641522
0.99998915 -0.0033653628 0.0032288507 0.0033618468 0.9999937 0.0011275988 -0.0032326207 -0.001116734 0.99999416 0.021288097 -0.004734516 -0.035013556
1 0 0 0 1 0 0 0 1 -0.085711 -0.045225143 0.07747555
0.9999901 -0.0034520328 0.0029262006 0.0034480616 0.9999934 0.0013760924 -0.0029309466 -0.0013659298 0.9999948 0.021811873 -0.0012865067 -0.031353176
0.99999106 -0.0031674094 0.0027778447 0.0031643938 0.99999434 0.0011087433 -0.002781339 -0.0010999478 0.9999954 0.020312846 -0.002781868 -0.033355355
1 0 0 0 1 0 0 0 1 -0.3184805 -0.30142784 0.6283622
1 0 0 0 1 0 0 0 1 -0.030767262 0.005921364 -0.039252877
0.999981 -0.004289443 0.0044760145 0.004279783 0.9999885 0.0021761642 -0.004485283 -0.0021569654 0.9999877 0.01750844 -0.0057764053 -0.030460477
1 0 0 0 1 0 0 0 1 -0.084085226 0.026566029 -0.027535737
0.99998724 -0.003368588 0.0037714466 0.0033628112 0.9999932 0.0015714988 -0.0037767105 -0.0015587974 0.99999154 0.016204774 -0.0047798157 -0.031398445
0.99999183 -0.0026775945 0.0030309781 0.0026741147 0.99999577 0.001112137 -0.0030339211 -0.0011040121 0.9999947 0.018806294 -0.00385046 -0.032659292
0.9999753 -0.0034164623 0.006132193 0.003410701 0.99999356 0.0009542657 -0.006135434 -0.00093332445 0.99998075 0.0050497353 -0.0022993088 -0.025666177
0.99998426 -0.003845648 0.0040409416 0.0038368022 0.9999902 0.0021894984 -0.004049301 -0.0021739788 0.9999894 0.013190016 -0.009270668 -0.029588759
0.99999017 -0.0031329673 0.0031794626 0.003129111 0.9999945 0.0012138262 -0.003183253 -0.0012038499 0.99999416 0.01913485 -0.0042881966 -0.032094
0.99998915 -0.0032052519 0.0033738166 0.0032014665 0.9999941 0.0011673477 -0.003377527 -0.0011565574 0.99999374 0.019382939 -0.0039520264 -0.03158313
0.99994576 0.008191258 -0.006414801 -0.008059353 0.99976134 0.020315751 0.006579697 -0.020262942 0.99977314 -0.38831782 -0.2377963 0.70085835
0.99999094 -0.0028375334 0.0031278161 0.002833638 0.99999493 0.0012480672 -0.0031313403 -0.0012392029 0.99999446 0.01861906 -0.0048208237 -0.03261724
0.99998176 -0.00441152 0.0040878095 0.0044026487 0.9999878 0.0021696019 -0.004097346 -0.0021515642 0.99998933 0.019330624 -0.0055122375 -0.02979678
0.9999881 -0.003960959 0.0028013906 0.003956858 0.999991 0.0014466457 -0.0028070938 -0.0014355294 0.9999949 0.023771599 -0.0029110909 -0.031101227
0.99993443 0.0014937557 -0.011357237 -0.0014915888 0.9999989 0.00019941665 0.011357516 -0.00018246286 0.99993557 0.04489088 0.05514717 -0.021048367
0.99998885 -0.002676683 0.0038439939 0.002672119 0.9999955 0.001190085 -0.0038471604 -0.0011798032 0.99999195 0.016426094 -0.0036058426 -0.031817973
0.9999885 -0.0034871434 0.003327798 0.003481813 0.9999929 0.0016142963 -0.003333412 -0.0016026853 0.99999315 0.019302085 -0.0035796165 -0.030977607
0.9999757 -0.0040342305 0.0056913793 0.004023076 0.9999898 0.0019700062 -0.0056993216 -0.0019470528 0.99998194 0.0074634254 -0.00838089 -0.02856487
0.9999855 -0.00372981 0.0038910732 0.0037244507 0.99999183 0.0013936283 -0.0038962513 -0.0013791211 0.9999916 0.015902132 -0.0035309792 -0.032574594
1 0 0 0 1 0 0 0 1 0.010650396 0.03203678 -0.026509762
0.99990916 -5.7549565E-05 0.013482481 4.581266E-05 0.99999946 0.00086510857 -0.013482511 -0.00086439005 0.99990886 -0.003849268 -0.0076500773 -0.034006834
0.9999881 -0.00040128082 0.004894346 0.00038347393 0.99999344 0.003603015 -0.004895881 -0.0036010407 0.9999816 0.012278259 -0.0045194626 -0.037035525
0.99987555 -0.006770551 0.014268681 0.006726086 0.9999726 0.0031723678 -0.014289781 -0.0030760244 0.9998931 0.022163153 -0.008646965 -0.017186906
0.99999 -0.0034631805 0.002742162 0.0034596121 0.99999297 0.0013194606 -0.0027467012 -0.001309976 0.9999954 0.020705245 -0.003294468 -0.03280759
1 0 0 0 1 0 0 0 1 0.026426315 -0.015049458 -0.06303394
0.99998885 -0.0034902203 0.0031931028 0.0034859306 0.999993 0.0013125129 -0.0031976476 -0.0013013594 0.99999404 0.020772431 -0.0036358833 -0.031398594
0.99998796 -0.0036143498 0.0033350652 0.0036102256 0.9999928 0.0012606662 -0.003339597 -0.0012486093 0.9999937 0.018535564 -0.0032491684 -0.031601965
0.9999745 -0.004762952 0.0053402334 0.0047521507 0.9999865 0.0020434558 -0.0053498857 -0.0020180345 0.9999838 0.017332673 -0.0011844635 -0.025908172
0.99997044 -0.0034972539 0.0068274383 0.0034953726 0.99999374 0.00027816743 -0.0068283677 -0.00025429577 0.99997646 0.012308568 0.002184391 -0.03243637
1 0 0 0 1 0 0 0 1 0.02403009 -0.020216465 -0.04333043
0.9999829 -0.0038125012 0.0044376776 0.0038043219 0.99999106 0.0018527331 -0.004444726 -0.0018358137 0.99998844 0.01399608 -0.0069851875 -0.029125392
1 0 0 0 1 0 0 0 1 -0.036228687 0.008515835 -0.042769432
1 0 0 0 1 0 0 0 1 -0.27649593 -0.15838146 0.5760062
0.9996314 -0.021527082 -0.016540349 0.02141957 0.99974847 -0.0066515356 0.016679376 0.0062948763 0.999841 -0.22093081 -0.17142534 0.5498065
1 0 0 0 1 0 0 0 1 -0.37460828 -0.26596022 0.5432035
0.9999795 -0.0030846428 -0.005666591 0.003078559 0.9999948 -0.0010897331 0.005669914 0.0010722652 0.99998343 0.019946456 -0.0069093704 -0.038218677
0.99998397 -0.00433212 0.0036692359 0.004326766 0.9999896 0.0015003541 -0.0036757104 -0.0014844574 0.9999922 0.022206172 -0.0047044754 -0.030932069
0.99999344 -0.0026782225 0.0024269745 0.0026758001 0.9999959 0.0010265186 -0.0024297312 -0.001020018 0.9999965 0.019247293 -0.0024776459 -0.03316182
1 0 0 0 1 0 0 0 1 0.01836276 0.0019078255 -0.025442965
0.99995947 0.0047512315 -0.007625401 -0.004719861 0.99998033 0.004126899 0.0076449215 -0.0040907413 0.99996245 -0.10553199 -0.013354301 0.008027628
0.9999559 -0.004531514 0.008217365 0.0045125578 0.9999873 0.002328707 -0.008227974 -0.0022915322 0.9999636 0.009235434 -0.0046186447 -0.030219078
0.9999929 -0.0025004868 0.0028654933 0.0024974167 0.99999624 0.0010672435 -0.0028681569 -0.0010600984 0.9999952 0.017756905 -0.0020866394 -0.032289863
0.99998933 -0.0025363714 0.0038744994 0.0025303257 0.99999565 0.0015793238 -0.0038784854 -0.0015695002 0.9999913 0.013132155 -0.0026836395 -0.031731546
0.15847054 -0.18518266 -0.96984285 0.07096431 0.9818505 -0.17588001 0.98481023 -0.040952284 0.1687358 -1.3922665 0.20843124 2.5737042
0.9938423 -0.023004552 0.10839032 0.015361167 0.9973699 0.07083389 -0.10973475 -0.068732746 0.99158174 -0.06558359 -0.03536451 -0.14326346
0.99998623 -0.002759946 0.004437089 0.0027538496 0.9999953 0.0013601258 -0.004440829 -0.0013478622 0.99998915 0.018296376 -0.0024774075 -0.032127976
0.99998903 -0.0028556874 0.003724128 0.002849954 0.9999947 0.0015814696 -0.0037286207 -0.001570832 0.99999166 0.015522927 -0.0028424263 -0.030443013
1 0 0 0 1 0 0 0 1 0.06178403 0.074667454 -0.13902771
1 0 0 0 1 0 0 0 1 -0.08586943 0.031025887 0.0011512041
0.9999814 -0.0043911296 0.0041772947 0.004383477 0.99998844 0.0018453356 -0.0041853637 -0.0018269792 0.99998945 0.02084244 -0.0020694733 -0.02895385
1 0 0 0 1 0 0 0 1 0.01787293 -0.015717536 -0.0343972
0.99994195 -0.0022730469 0.01054658 0.002280193 0.9999972 -0.0006670684 -0.010545041 0.0006910728 0.99994415 0.002025485 0.008524418 -0.050895244
0.99994975 0.0008909628 -0.009989493 -0.0008991165 0.9999991 -0.0008137487 0.009988748 0.00082271546 0.9999499 0.01324203 -0.025715351 0.00592947
0.99999183 -0.0025293676 0.0030025393 0.0025254884 0.9999957 0.0013178736 -0.0030058883 -0.0013101771 0.99999446 0.016707063 -0.0022978783 -0.031956345
0.99997604 -0.003094053 0.006225653 0.003093788 0.9999952 5.1345676E-05 -0.00622575 -3.2080337E-05 0.9999805 0.011123419 -0.0021486282 -0.032087415
0.9999891 -0.0034177846 0.0031588078 0.0034131843 0.9999931 0.0014484706 -0.0031637307 -0.0014376729 0.9999939 0.015937597 -0.0054593086 -0.02886051
0.99997526 -0.0037493133 0.005957663 0.0037402771 0.9999919 0.0015178472 -0.0059632957 -0.0014955178 0.9999813 0.005710438 0.0006198883 -0.033181548
0.99998516 -0.0038480416 0.0038122386 0.0038420644 0.99999106 0.0015844107 -0.003818348 -0.0015697703 0.9999915 0.017479122 -0.0007786751 -0.03152716
1 0 0 0 1 0 0 0 1 0.013345003 -0.010855198 -0.031675935
1 0 0 0 1 0 0 0 1 0.00659883 -0.0008928627 -0.044084758
1 0 0 0 1 0 0 0 1 -0.023314238 0.041544914 -0.021897256
0.99998754 -0.0039340304 0.003155619 0.003929684 0.9999917 0.0013547726 -0.003160894 -0.0013423301 0.999994 0.020495497 -0.0013623238 -0.031099021
0.9999835 -0.004491657 0.003635686 0.004483976 0.9999877 0.0021548395 -0.0036453344 -0.0021385022 0.999991 0.019678015 -0.005391121 -0.028883755
0.99999154 -0.0028967434 0.0029520802 0.0028934455 0.99999523 0.0011484493 -0.0029553939 -0.0011398997 0.999995 0.01914749 -0.0038485527 -0.033501357
1 0 0 0 1 0 0 0 1 0.019222617 0.0032138824 -0.030357122
0.99999106 -0.0029336389 0.0029183552 0.0029305161 0.99999475 0.00112281 -0.0029216036 -0.0011142716 0.99999505 0.019527674 -0.0040688515 -0.033403784
0.99987304 -0.015913073 -0.0007314384 0.015919466 0.9998274 0.009546004 0.00057932734 -0.009556428 0.9999542 0.088448286 -0.010462761 0.036853522
0.99964464 -0.017286047 -0.020300068 0.017611142 0.9997178 0.01595366 0.020018551 -0.016305499 0.99966687 -0.24457812 -0.15304422 0.7224164
0.9999824 -0.004237485 0.0041307425 0.0042300355 0.9999891 0.0018106978 -0.0041383747 -0.0017932011 0.9999899 0.019424392 -0.0032749176 -0.029047132
1 0 0 0 1 0 0 0 1 0.028781801 0.013156414 -0.031606555
0.9999806 -0.004201255 0.0045420676 0.004191184 0.9999888 0.0022312724 -0.004551396 -0.0022121943 0.9999871 0.016699955 -0.006011009 -0.029562354
0.9999846 -0.0038942532 0.0040206015 0.0038853073 0.9999904 0.0022070855 -0.0040291026 -0.0021914542 0.9999896 0.013589621 -0.009315491 -0.028642714
0.9999858 -0.00034017488 0.005347222 0.00031065568 0.9999848 0.005524561 -0.0053489655 -0.005522847 0.99997044 0.0104551315 0.0013816357 -0.035945624
0.9988782 -0.033685565 -0.033274055 0.033377998 0.99939513 -0.009758368 0.033582807 0.008636842 0.9993986 -0.1603384 -0.14149284 0.59605694
0.9999645 -0.0037947646 0.0075167324 0.003780468 0.99999094 0.0019240463 -0.0075239707 -0.0018955637 0.99996984 -2.3186207E-05 -0.0040426254 -0.023690224
0.99998504 -0.0034632438 0.0042167604 0.0034552051 0.9999924 0.0019014971 -0.004223317 -0.0018869145 0.9999892 0.018020734 -0.0035347939 -0.030362695
0.9999945 -0.0026848312 -0.001907289 0.0026867762 0.9999958 0.0011114031 0.0019043088 -0.0011164732 0.9999973 0.0052349567 0.0025868416 -0.04029739
0.99998474 -0.0040537417 0.0037705358 0.0040468536 0.9999904 0.0018545836 -0.003778019 -0.0018392988 0.9999913 0.015087888 -0.008560181 -0.029507637
0.99998665 -0.0025364193 0.004521981 0.0025304665 0.999996 0.001310382 -0.0045251995 -0.0012989305 0.99998885 0.014237583 -0.002910614 -0.03533888
0.99998194 -0.004199002 0.004310569 0.0041908138 0.9999895 0.0019028988 -0.004318511 -0.0018848032 0.999989 0.017700821 -0.0084581375 -0.029450506
0.9999431 -0.005999931 0.008793309 0.005978384 0.99997896 0.0024862103 -0.008808002 -0.002433546 0.99995834 0.008580446 -0.0086193085 -0.027574964
0.99999285 -0.0031054192 0.002173936 0.0031023545 0.99999434 0.0014293045 -0.0021783654 -0.0014225468 0.9999966 0.018712811 -0.004535198 -0.031257153
0.99999756 -0.001546972 0.0016344041 0.0015457291 0.99999857 0.0008485876 -0.0016356558 -0.0008460246 0.99999845 0.017781671 -0.0010962486 -0.031719446
0.9999737 -0.0045988522 0.005619511 0.004589481 0.99998826 0.0016789194 -0.00562717 -0.0016530883 0.9999829 0.01450631 -0.005241394 -0.032223403
0.9999909 -0.0031553805 0.0027893744 0.0031519444 0.99999434 0.0012042746 -0.0027931482 -0.0011954606 0.99999535 0.019840479 -0.0020151138 -0.032164156
0.99998593 -0.004536125 0.0027413666 0.0045303535 0.99998784 0.002036415 -0.0027506053 -0.0020239763 0.99999404 0.018184096 -0.012760162 -0.032211274
1 0 0 0 1 0 0 0 1 0.052928686 0.102804184 -0.058330357
0.999992 -0.003035764 0.0026280452 0.0030332168 0.9999948 0.0010068528 -0.0026310831 -0.0009988807 0.9999961 0.019452363 -0.0029063225 -0.033127487
0.9999873 -0.0028822655 0.0041468292 0.0028752217 0.99999434 0.0017063366 -0.0041517466 -0.0016943868 0.99999 0.017388642 -0.0037081242 -0.027569413
0.9999734 -0.004771054 0.0054934565 0.0047621657 0.9999872 0.0016181972 -0.0055011087 -0.0015919898 0.99998355 0.016659275 -0.0035977364 -0.031447858
0.9999867 -0.0009212822 0.0050845426 0.00090429443 0.999994 0.003364928 -0.0050876224 -0.0033603087 0.9999813 0.0016380548 -0.0017916858 -0.020788193
1 0 0 0 1 0 0 0 1 0.0045763254 -0.004085064 -0.0407542
1 0 0 0 1 0 0 0 1 0.021267653 -0.0035142899 0.002810359
0.9999904 -0.003428361 0.0027601942 0.0034248922 0.9999937 0.0012119636 -0.0027643666 -0.0012024529 0.99999535 0.02083528 -0.002614975 -0.03406596
1 0 0 0 1 0 0 0 1 -0.08459544 0.034912586 -0.033993125
0.9999775 -0.002109643 -0.006359324 0.002115773 0.99999726 0.0009747222 0.0063572973 -0.0009881705 0.9999792 0.014612913 -0.025532246 -0.009802341
1 0 0 0 1 0 0 0 1 -0.037112594 -0.01007843 -0.04256904
1 0 0 0 1 0 0 0 1 0.01236701 -0.002260685 0.0045250654
0.99999356 -0.0025880642 0.002528157 0.0025852798 0.9999962 0.0010764375 -0.0025309362 -0.0010698885 0.99999624 0.018888801 -0.002523899 -0.03344941
0.99998575 -0.0044692643 0.003025912 0.0044640186 0.9999887 0.0017790198 -0.003033831 -0.0017654877 0.9999939 0.021622652 -0.007598877 -0.031697363
0.9999887 -0.0030792218 0.0036326852 0.003074285 0.9999942 0.0013248418 -0.0036367439 -0.0013136603 0.99999243 0.018741883 -0.0039258003 -0.03310132
0.9999868 -0.003938514 0.0033401027 0.003933356 0.99999106 0.0015581511 -0.0033462122 -0.0015449952 0.99999326 0.021278352 -0.004995823 -0.031733662
0.25366715 0.8839333 -0.39282984 0.28397986 -0.45627168 -0.8433099 -0.92466664 0.10236436 -0.3667605 -9.715278 8.066328 -6.9383707
0.9999918 -0.003850894 0.0013163313 0.0038500093 0.99999255 0.00070569664 -0.0013190135 -0.0007005632 0.99999875 0.01945889 0.0008444786 -0.03190404
0.9999913 -0.0029875687 0.0028457656 0.0029843363 0.999995 0.0011364445 -0.0028491495 -0.0011279341 0.9999952 0.019087747 -0.0036616325 -0.032799304
0.99999416 -0.0023781052 0.0024240352 0.002375803 0.9999967 0.0009556748 -0.002426304 -0.0009499043 0.99999654 0.018764496 -0.0019421577 -0.034324884
0.99994045 -0.0046524215 -0.009897426 0.0046118856 0.999981 -0.0041117966 0.009916361 0.0040659085 0.9999426 0.032125294 0.008362293 -0.050225317
0.9999922 -0.0028276672 0.0026958361 0.0028230394 0.99999475 0.0016889609 -0.002700612 -0.0016813539 0.99999493 0.018395126 -0.004240513 -0.03155783
0.99998176 -0.004215504 0.0043292865 0.004208585 0.99998987 0.001622241 -0.0043360963 -0.0016039927 0.9999894 0.017724842 0.0011506081 -0.03435576
0.9999859 -0.0030085947 0.004410252 0.0030008582 0.9999942 0.0017524567 -0.004415497 -0.0017392095 0.9999887 0.014788121 -0.005048752 -0.029668957
0.9989699 -0.03455454 -0.029409349 0.0345058 0.99940205 -0.002160903 0.02946639 0.001143761 0.99956506 -0.1489501 -0.1298585 0.6298306
0.98646694 -0.025033139 -0.16203807 0.02463666 0.9996865 -0.004455847 0.16209872 0.00040323287 0.9867744 -0.52757835 -0.16913748 1.039279
0.999892 -0.00083409995 0.014670432 0.00080935843 0.9999984 0.0016874522 -0.014671847 -0.0016753823 0.99989104 -0.030222058 -0.0025615692 -0.019943416
0.999991 -0.0029235533 0.003076017 0.0029204006 0.9999952 0.0010510396 -0.0030790493 -0.0010420469 0.99999475 0.019769266 -0.005828619 -0.034068912
0.99999297 -0.0028564653 0.0023562089 0.002854065 0.99999523 0.00096001476 -0.0023589134 -0.00095329434 0.9999967 0.019966334 -0.004190445 -0.03383571
0.9999926 -0.0027998295 0.0026569813 0.0027971454 0.9999957 0.000995405 -0.002659753 -0.000987947 0.9999959 0.019818604 -0.0024733543 -0.03248751
0.9999914 -0.0030852966 0.0027431138 0.0030821408 0.9999945 0.0011484288 -0.0027466565 -0.0011399686 0.99999565 0.019901156 -0.0035657883 -0.032329917
0.9999876 -0.00267012 0.0041603446 0.0026647863 0.99999535 0.0012884019 -0.0041637626 -0.001277307 0.9999906 0.017943231 -0.0028004646 -0.033668935
0.99999595 -0.0017030463 0.0023056716 0.0017013215 0.99999845 0.00074838847 -0.0023069158 -0.0007444173 0.99999714 0.018092826 -0.00036001205 -0.032963514
1 0 0 0 1 0 0 0 1 -0.14312291 -0.12073517 0.05127029
0.9999862 0.0048264936 0.0021967888 -0.004844047 0.999956 0.008036867 -0.0021577477 -0.008047387 0.9999654 -0.10799897 -0.05190468 0.053161293
0.9999805 -0.0039671827 0.004796356 0.0039602243 0.9999912 0.0014448613 -0.0048020333 -0.0014258474 0.99998754 0.015250027 -0.005672455 -0.031886905
1 0 0 0 1 0 0 0 1 0.014816612 -0.005721092 -0.0322991
1 0 0 0 1 0 0 0 1 -0.003608942 0.028919697 -0.008600891
0.998823 -0.040567413 -0.026576936 0.04082063 0.99912536 0.009050674 0.026186451 -0.010125129 0.9996057 -0.106552124 -0.093547344 0.6936189
0.9999833 -0.0045239613 0.003640824 0.0045175035 0.9999884 0.0017800741 -0.0036488343 -0.0017635934 0.99999183 0.022274897 -0.0028538704 -0.029927075
0.99998176 -0.0044909734 0.004044786 0.004483788 0.99998844 0.0017725341 -0.0040526614 -0.0017543612 0.99999017 0.020130835 -0.0060715675 -0.030386537
0.999998 -0.00045023113 0.0019679368 0.00044999272 1 6.688386E-05 -0.0019679666 -6.595999E-05 0.99999815 0.020996928 0.008997917 -0.018533349
0.99998415 -0.0040109106 0.0038910508 0.004002495 0.9999894 0.002151668 -0.0038996488 -0.0021360628 0.99999 0.015771957 -0.007940292 -0.029476106
0.99845445 -0.03531687 -0.04290636 0.033310544 0.9983576 -0.04660818 0.04448183 0.045107007 0.9979914 0.15491173 0.06406021 -0.14267159
0.9999968 -0.0013604674 0.0021322072 0.0013590509 0.99999887 0.00075802486 -0.0021332204 -0.00075512845 0.9999974 0.0049726665 -0.004705906 -0.03525263
0.9999854 -0.0033149205 0.0042656288 0.0033079004 0.99999315 0.0016625123 -0.004271105 -0.0016483758 0.9999895 0.014256045 -0.0027871132 -0.028329492
0.9999989 -0.0014807021 0.00039453804 0.0014795933 0.9999945 0.0029634573 -0.0003989339 -0.0029628687 0.9999957 0.005573511 -0.004061699 -0.01997453
0.99998814 -0.0033286095 0.003561262 0.0033243892 0.9999936 0.0012113871 -0.0035652742 -0.0011995367 0.99999297 0.019156441 -0.0043697357 -0.03189403
0.99998736 -0.0027418588 0.004210891 0.0027354374 0.9999953 0.0015186854 -0.0042150244 -0.0015071221 0.9999899 0.015686512 -0.0032708645 -0.028910011
0.35145134 -0.8109876 -0.46774042 0.9253649 0.3767311 0.04211012 0.1420615 -0.44763026 0.8828622 1.2117219 7.876811 3.778128
0.99998945 -0.0030309635 0.0034809187 0.003026635 0.9999945 0.0012721829 -0.0034847409 -0.0012616478 0.9999932 0.012864485 -0.0027127266 -0.030869782
0.99998575 -0.00384703 0.0036460757 0.0038402935 0.9999908 0.0018380657 -0.0036531277 -0.0018240325 0.99999166 0.012926102 -0.0075244904 -0.029399633
0.99998575 -0.0040553454 0.0033981986 0.004049572 0.9999904 0.0017193016 -0.003405124 -0.0017055124 0.99999267 0.022437602 -0.0025644302 -0.030600905
0.9999801 -0.004667457 0.0042379946 0.0046549626 0.99998474 0.0029746108 -0.0042518526 -0.0029548393 0.9999865 0.02969037 -0.0041866302 -0.023218215
0.99998987 -0.0035512247 0.002842985 0.0035468615 0.9999927 0.0014905743 -0.002848275 -0.0014804453 0.9999949 0.02120617 -0.0019044876 -0.0313102
0.9999914 -0.0032546157 0.002635926 0.003251449 0.99999404 0.0011709183 -0.0026397258 -0.0011623316 0.9999957 0.020662278 -0.0035953522 -0.03297144
1 0 0 0 1 0 0 0 1 0.0108216405 -0.010074377 -0.0424695
0.99998933 -0.0025093032 0.0038952641 0.0025030132 0.9999954 0.0016095515 -0.0038992912 -0.0015997874 0.9999912 0.0139891505 -0.0034689903 -0.029053122
0.99998975 -0.003261241 0.0031466112 0.0032574192 0.999994 0.0012075342 -0.0031505227 -0.001197271 0.99999446 0.020232469 -0.003839016 -0.03291166
0.63610184 0.21805708 0.7401524 -0.26906776 0.9617115 -0.05208859 -0.72317165 -0.16601756 0.6704185 -2.1932297 0.95559597 3.4138513
0.9999696 -0.002726317 0.0072774887 0.0027090737 0.9999934 0.0023743492 -0.0072838664 -0.0023545427 0.99997073 -0.00690794 -0.0141916275 -0.01362741
0.99998295 -0.0042406693 0.0039620847 0.004232162 0.99998856 0.0021550488 -0.003971163 -0.002138243 0.99998987 0.017476171 -0.006989956 -0.029313564
0.9999957 -0.0021745549 0.0020617144 0.0021696554 0.99999493 0.0023387726 -0.002066791 -0.002334293 0.9999952 0.008292347 -0.0049626827 -0.02262628
0.999927 -0.008991107 0.008074895 0.008946214 0.9999443 0.0055805296 -0.00812459 -0.005507812 0.99995184 0.014893502 -0.0013742447 0.0026456863
0.99998933 -0.0025327979 0.0038840063 0.0025261173 0.99999535 0.0016968474 -0.003888283 -0.0016870275 0.99999106 0.013565302 -0.0028486252 -0.03016287
0.9999926 -0.00267733 0.002791143 0.002674578 0.999996 0.0009851456 -0.0027937698 -0.0009776652 0.9999956 0.018674746 -0.0037846565 -0.03296107
1 0 0 0 1 0 0 0 1 0.01610446 -0.0021719933 -0.0039024353
0.99516684 -0.03495851 -0.091763675 0.03332305 0.9992584 -0.01929447 0.09237021 0.016143262 0.995594 -0.28253603 -0.16160727 0.72203875
0.99997884 -0.0036100904 0.005441278 0.0035999026 0.99999166 0.0018964559 -0.0054481328 -0.0018768087 0.99998355 0.0053682327 -0.0050344467 -0.028072506
1 0 0 0 1 0 0 0 1 -0.022028744 0.002272129 -0.059309006
0.99873954 -0.03953743 -0.030917898 0.039749146 0.9991901 0.006262077 0.03064531 -0.0074830726 0.9995023 -0.11710763 -0.096283436 0.69322884
0.9999907 -0.0031274473 0.0029612444 0.0031238939 0.9999943 0.0011939816 -0.0029649585 -0.0011847243 0.9999949 0.020041019 -0.0036010742 -0.033076674
1 0 0 0 1 0 0 0 1 -0.011006594 0.00961113 -0.010091007
0.99981165 0.01709256 -0.009197563 -0.016152136 0.9954322 0.094093695 0.010763735 -0.09392753 0.9955207 -0.48932147 -0.15623045 1.1823199
1 0 0 0 1 0 0 0 1 -0.31220675 -0.26090813 0.6643332
0.9999908 -0.0031093962 0.0029591806 0.0031061135 0.99999446 0.0010921638 -0.0029625744 -0.001082968 0.99999505 0.01976657 -0.0044493675 -0.033345103
0.9999903 -0.0033138017 0.0030062087 0.0033102944 0.9999938 0.0011912268 -0.0030101389 -0.0011812672 0.99999493 0.019608216 -0.0016021729 -0.031374216
1 0 0 0 1 0 0 0 1 0.007291883 -0.002705574 -0.031636953
0.9999854 -0.004075084 0.0035750568 0.004067177 0.99998933 0.0022077672 -0.0035840012 -0.0021932013 0.99999106 0.016068965 -0.008915901 -0.02924192
0.99998814 -0.003593921 0.0033192933 0.0035897528 0.99999285 0.0012832468 -0.003323868 -0.0012713079 0.9999937 0.021161795 -0.0049939156 -0.033550978
1 0 0 0 1 0 0 0 1 0.030646801 0.016956687 -0.01932311
0.9999926 -0.003243789 0.0020582676 0.00323952 0.99999255 0.002084501 -0.0020650923 -0.0020778477 0.99999565 0.0065009 -0.008547783 -0.022872174
0.9990811 -0.032187775 -0.028301962 0.03207946 0.9994761 -0.0042746067 0.02842471 0.0033629239 0.9995903 -0.16140652 -0.13891411 0.61081815
0.9999827 -0.003951006 0.0043864846 0.0039403588 0.9999894 0.0024106018 -0.00439596 -0.0023932755 0.99998754 0.014198214 -0.0073661804 -0.027989507
0.9999849 -0.003992791 0.003751561 0.003987781 0.9999912 0.0013290606 -0.003756851 -0.001314085 0.999992 0.01401116 -0.014400482 -0.02987644
0.99871665 0.050607152 -0.002005279 -0.05059868 0.99871075 0.0040448904 0.0022074133 -0.003938228 0.99998975 -0.6861062 -0.4566207 0.55937946
0.9999619 -0.005236496 0.0069586486 0.0052252947 0.9999849 0.0016331212 -0.0069670826 -0.0015967153 0.99997425 0.018133461 -0.002521515 -0.0341039
0.9999926 -0.0028975427 0.0025074594 0.0028947496 0.99999535 0.0010990016 -0.0025106408 -0.0010917112 0.9999961 0.019488946 -0.0033574104 -0.03270459
0.9999793 -0.0035447115 0.0053387024 0.0035374097 0.99999267 0.0013686428 -0.0053435154 -0.0013497304 0.9999847 0.01822441 -0.0037133694 -0.034015596
1 0 0 0 1 0 0 0 1 0.0064306855 -0.0055130124 -0.02888462
1 0 0 0 1 0 0 0 1 0.0143613815 0.005901575 -0.05738473
1 0 0 0 1 0 0 0 1 -0.08013296 0.0008444786 0.17762947
0.99999166 -0.0028090118 0.003002176 0.0028053643 0.9999954 0.0012213811 -0.0030055866 -0.0012129508 0.9999948 0.01686266 -0.0021138191 -0.031146675
0.99998945 -0.0034172432 0.003119737 0.0034139743 0.9999937 0.0010816082 -0.0031233877 -0.0010709353 0.99999464 0.021405399 -0.0026521683 -0.032532573
0.9999735 -0.0028316728 0.006715916 0.0028150587 0.99999315 0.0024750195 -0.0067228824 -0.002456043 0.9999743 -0.011806637 -0.010691643 -0.027081817
0.9999959 -0.0019738576 0.0020818412 0.00196956 0.9999958 0.0020166077 -0.002085816 -0.0020124973 0.9999959 0.012140721 -0.0018458366 -0.02352035
0.9998769 -0.002457003 0.015483528 0.00242005 0.999994 0.00240691 -0.015489429 -0.002369091 0.9998773 0.0016283393 -0.0143351555 -0.018666923
0.9999856 -0.004000762 0.0035808235 0.0039954963 0.9999908 0.0014811698 -0.0035867468 -0.0014668442 0.99999243 0.01877135 -0.007945538 -0.031165749
0.9999949 -0.0021903561 0.0023368225 0.002188487 0.9999973 0.00083161145 -0.0023386404 -0.0008265078 0.99999696 0.018723235 -0.0019783974 -0.03410822
1 0 0 0 1 0 0 0 1 0.03725779 -0.013373792 0.019755423
0.9999914 -0.0032620998 0.0025598183 0.0032590432 0.999994 0.0012162253 -0.0025637746 -0.0012078807 0.999996 0.021030277 0.0018401146 -0.031357586
0.9990768 -0.031360835 -0.029348955 0.032046042 0.99921757 0.023177326 0.028599054 -0.024096444 0.99930036 -0.17704773 -0.084093094 0.79585457
1 0 0 0 1 0 0 0 1 0.09833515 0.030970573 0.08286798
1 0 0 0 1 0 0 0 1 -0.03245759 -0.014840126 -0.03102374
0.9999897 -0.0036327206 0.002684392 0.0036291105 0.9999924 0.0013473071 -0.0026892647 -0.0013375431 0.99999535 0.021707326 -0.0019049644 -0.031683564
0.9999858 -0.004153494 0.0033250079 0.004146386 0.99998903 0.0021144785 -0.0033337697 -0.0021006688 0.9999923 0.01753673 -0.004675865 -0.030218482
1 0 0 0 1 0 0 0 1 -0.12924767 0.15078354 0.20672536
0.9999914 -0.0031365133 0.002691187 0.0031333035 0.9999944 0.0011915248 -0.0026949048 -0.0011830721 0.99999565 0.02016402 -0.0033974648 -0.032685757
0.9999879 -0.0036759526 0.003185221 0.0036716308 0.9999924 0.0013804846 -0.0031902709 -0.0013687573 0.9999939 0.020447768 -0.0020809174 -0.032342494
1 0 0 0 1 0 0 0 1 0.4852829 -0.64630413 0.8199351
0.9999912 -0.0031714612 0.0027913926 0.003168815 0.9999946 0.00095300376 -0.0027944036 -0.0009441674 0.9999958 0.019214593 -0.0006957054 -0.033675134
0.99999213 -0.0030397703 0.0024095587 0.003036779 0.9999945 0.0012150332 -0.0024132207 -0.001207713 0.99999636 0.01995197 -0.0036039352 -0.03255844
1 0 0 0 1 0 0 0 1 -0.09454799 0.007683754 -0.032877237
1 0 0 0 1 0 0 0 1 -0.32466173 -0.22863817 0.5615163
0.99998325 -0.0016177366 0.0055491477 0.0016070588 0.9999967 0.0019412972 -0.005552262 -0.0019323342 0.99998283 0.0067637563 -0.010700941 -0.025757343
0.99999225 -0.0036847675 0.0013722517 0.0036825668 0.9999919 0.0016507208 -0.0013783257 -0.0016456693 0.99999774 0.009705007 -0.014032364 -0.028368466
0.9999918 -0.002781827 0.0029233508 0.0027789553 0.99999565 0.00096992776 -0.0029260255 -0.000961747 0.9999952 0.01782386 -0.0025949478 -0.033290148
0.9981203 -0.05615884 -0.024534017 0.0576829 0.9961116 0.066591725 0.020699129 -0.06788154 0.9974787 -0.0038650036 0.033107758 1.0805085
0.9999932 -0.002023913 0.0031448454 0.0020212736 0.99999774 0.00078073144 -0.0031464398 -0.0007743314 0.99999475 0.017538056 0.00012373924 -0.034737527
0.9999916 -0.0028815488 0.0029119551 0.002878626 0.99999523 0.001029402 -0.0029149204 -0.0010210183 0.99999523 0.019763917 -0.0043826103 -0.0331586
1 0 0 0 1 0 0 0 1 -0.0025211573 -0.05343151 0.0140096545
1 0 0 0 1 0 0 0 1 0.0037076473 0.0023441315 -0.0035290718
0.9999981 -0.0017427914 0.00097373314 0.0017414278 0.9999974 0.001441298 -0.0009762477 -0.0014395975 0.9999984 0.0140699595 -0.0062847137 -0.024857461
0.99999213 -0.002288949 0.0032467805 0.0022855224 0.9999967 0.0010524746 -0.0032491721 -0.001045024 0.9999942 0.0170511 -0.0055041313 -0.03359431
0.99999017 -0.0029840984 0.0032741157 0.0029799638 0.9999946 0.0012937486 -0.0032779593 -0.0012839809 0.9999938 0.018646315 -0.004949093 -0.03254819
0.99998605 -0.0014683083 0.005090654 0.0014562607 0.9999963 0.0023431927 -0.005094141 -0.002335742 0.9999844 0.014846683 -0.00044739246 -0.035755873
0.9999858 -0.003099658 0.0042390227 0.0030937768 0.9999941 0.0013780817 -0.0042432547 -0.0013649762 0.9999901 0.018984675 -0.001650095 -0.032051355
0.9999904 -0.0031384348 0.003074139 0.0031352176 0.9999945 0.0010164753 -0.0030773222 -0.0010068119 0.9999947 0.019412935 -8.201599E-05 -0.032200754
1 0 0 0 1 0 0 0 1 -0.07946575 -0.0028181076 0.02643919
0.9999901 -0.0029680312 0.0032677352 0.0029644982 0.99999475 0.001046963 -0.0032708272 -0.0010372642 0.9999939 0.01826042 -0.0029850006 -0.033218026
0.99998784 -0.003922356 0.003088288 0.003918494 0.99999154 0.0012593698 -0.0030932054 -0.0012472495 0.9999945 0.022232741 -0.006905079 -0.034323215
1 0 0 0 1 0 0 0 1 0.027079731 -0.0074267387 -0.03524524
0.9999852 -0.0037039178 0.003940313 0.0036984994 0.999992 0.0013765432 -0.0039453832 -0.0013619438 0.9999912 0.02012974 -0.0019450188 -0.031566083
0.9999901 -0.0017424263 0.00412488 0.0017346065 0.99999666 0.0018780073 -0.004128009 -0.0018707486 0.99999 0.012584388 0.00089120865 -0.027994156
1 0 0 0 1 0 0 0 1 0.0025752783 0.016006231 -0.030579567
0.9999913 -0.0032365874 0.0026829666 0.0032333776 0.99999386 0.001201164 -0.0026868402 -0.0011924915 0.99999565 0.01981163 -0.0014038086 -0.031531096
0.99998546 -0.0034557625 0.0041376017 0.0034510593 0.99999315 0.0011606175 -0.004141584 -0.0011463226 0.9999907 0.014387801 -0.0054364204 -0.029695302
0.9986259 0.018000267 -0.049213268 -0.016687743 0.99949735 0.026952982 0.049673684 -0.02609465 0.9984245 0.08198571 0.058081627 -0.266832
