0.99999964 0.0009855116 1.7479062E-05 -0.0009855612 0.9999993 0.0008099631 -1.66893E-05 -0.0008100753 0.99999976 -0.0011799634 -0.0026006699 0.0082376
0.9999992 0.00039000018 0.0011727214 -0.00039054046 0.99999964 0.00055472367 -0.0011724979 -0.0005552061 0.9999993 -0.0007544458 -0.0012550354 0.009554863
0.9999666 0.007440686 0.0033766925 -0.0074112415 0.9999347 -0.008666903 -0.0034409165 0.008641481 0.99995655 -0.059471607 0.009364128 -0.07855898
1 0 0 0 1 0 0 0 1 -0.018573284 -0.015012741 -0.04068269
1 0 0 0 1 0 0 0 1 0.0010341406 0.008004665 0.016371846
0.9999969 0.001102461 -0.002167087 -0.0011035679 0.99999917 -0.0004366762 0.0021665879 0.00043905852 0.9999976 -0.0019274354 -0.009298801 -0.0027924776
0.9963174 -0.0830484 -0.021317221 0.08313465 0.9965332 0.0031879544 0.020978622 -0.0049483776 0.99976766 0.36212653 0.10113716 0.048238516
0.99999857 0.00061843963 0.0014432147 -0.00061933394 0.9999995 0.0006120354 -0.0014428347 -0.00061291456 0.99999857 -0.002171725 0.0014009476 0.010780573
0.9999985 0.0015166304 -0.00073574483 -0.0015155928 0.9999977 0.0014510266 0.00073793344 -0.0014499202 0.9999986 -0.0030756295 0.00043010712 0.011800766
1 -4.6758447E-05 -0.0006010309 4.745042E-05 0.9999995 0.0011856556 0.00060099363 -0.0011856556 0.99999905 0.007096708 -0.006378174 0.012843877
0.99999917 0.0006154131 0.0009484701 -0.00061614474 0.99999946 0.0008027442 -0.0009479802 -0.00080332905 0.99999917 -0.0023217425 -0.0021800995 0.008675277
0.9999987 0.0008672811 -0.0011746348 -0.00086663384 0.9999992 0.00056150556 0.0011751233 -0.00056050345 0.9999991 -0.0013591051 0.0034899712 0.0076962113
0.99999905 0.0006392414 0.0012297295 -0.0006401073 0.99999976 0.00067043304 -0.0012293123 -0.00067121536 0.99999905 -0.001290828 -0.0005340576 0.009414852
1 0 0 0 1 0 0 0 1 -0.15652008 0.04741621 0.07976723
0.9999924 0.0016302067 -0.0035238937 -0.0016256104 0.9999976 0.0013204627 0.0035260394 -0.0013147313 0.9999929 -0.0037187338 0.0023050308 0.01001364
1 0 0 0 1 0 0 0 1 0.0012717247 -0.001940012 0.00784421
1 0 0 0 1 0 0 0 1 -0.16078854 -0.016491413 -0.01527524
0.99999833 0.0016601329 -0.0006389767 -0.0016590249 0.99999696 0.001812771 0.000641942 -0.0018117111 0.9999981 -0.0042891502 -0.00019836426 0.014663637
0.9999962 0.0008990003 0.002529909 -0.00090093474 0.99999905 0.00077459216 -0.0025292067 -0.00077688694 0.9999964 -0.0027582347 -3.194809E-05 0.009959638
0.99999845 0.00049671927 0.00166367 -0.00049746386 0.9999997 0.00049132854 -0.0016634241 -0.0004921667 0.9999985 -0.0027084053 0.0020799637 0.010339677
1 0 0 0 1 0 0 0 1 -0.031793833 -0.0022206306 0.007404804
0.99999934 0.0013206361 -0.00029087532 -0.0013202972 0.99999857 0.0011436604 0.00029238965 -0.0011432618 0.99999934 -0.0022992585 -7.9631805E-05 0.0106318
0.9999997 0.0009199097 -0.00042665005 -0.0009198375 0.99999964 0.0002826471 0.00042700768 -0.00028226152 1.0000001 -0.0017896155 0.0056114197 0.007936329
0.9999975 0.00095066614 0.0019862354 -0.00095232204 0.999999 0.00084623694 -0.0019854456 -0.00084816664 0.9999977 -0.0033435822 -0.0012526512 0.0089098215
0.9999992 0.00013641245 0.0012797657 -0.00013708544 0.9999999 0.00047909468 -0.0012797061 -0.00047926605 0.99999905 -0.0005618781 -0.0014681816 0.008977175
1 0.00037781894 -0.00035485625 -0.0003785044 0.9999975 -0.0022527575 0.00035396218 0.0022527725 0.99999726 -0.0015101433 -0.025880814 0.0002798438
0.9932154 -0.086259246 -0.07798877 0.085718125 0.9962666 -0.010266274 0.07858318 0.0035112798 0.9969015 0.21970034 0.042220116 -0.005844116
1 0 0 0 1 0 0 0 1 -0.20508456 -0.06774378 -0.08295965
0.99999875 0.0016343374 -0.00061413646 -0.001634059 0.99999875 0.00046870136 0.0006150305 -0.0004676869 0.99999976 -0.005259186 0.0031471252 0.0077563524
0.9999981 0.0013984437 -0.0013728945 -0.0013967459 0.9999981 0.0012147855 0.0013745914 -0.0012128651 0.99999815 -0.0036001503 0.0006456375 0.008365631
0.99999917 0.00057102717 0.0010828767 -0.00057160563 0.9999998 0.0005680695 -0.0010825563 -0.0005686842 0.9999991 -0.0030863006 -0.0011487007 0.008963048
1 0 0 0 1 0 0 0 1 0.0083248615 -0.033045292 -0.0013985429
0.99999964 0.00027952576 0.0010154434 -0.0002800906 0.9999999 0.0005240403 -0.0010152869 -0.000524316 0.9999993 -0.0014947504 -0.0008840561 0.010031462
1 0.00046936172 0.00026403368 -0.00046962115 0.99999976 0.00070255995 -0.0002637077 -0.0007026717 0.9999998 -0.0007353574 -0.0033140182 0.009655416
0.9999975 0.00090599456 0.0020844191 -0.00090833066 0.99999905 0.001086995 -0.0020834357 -0.0010888912 0.9999972 -0.0035972893 -0.0012536049 0.01415056
0.9999995 -0.00019922853 0.0008416772 0.00019950466 0.9999997 -0.00033701584 -0.000841558 0.00033715367 0.9999997 0.0004926324 -0.0021049976 0.0064468384
0.9999997 0.0006721993 0.00017508492 -0.0006722562 0.9999998 0.00047984347 -0.00017475896 -0.00047994033 1 -0.0016274154 -0.0024733543 0.008177638
1 0 0 0 1 0 0 0 1 -0.00847137 -0.0042090416 0.0018962622
1 0 0 0 1 0 0 0 1 0.01838088 -0.020284414 0.02641499
1.0000001 9.032813E-05 0.00032970007 -9.041392E-05 1 -1.5051104E-05 -0.00032970146 1.5028752E-05 0.99999976 -0.00077325106 -0.009777784 0.0055565834
0.9999974 -0.0007839026 0.0021375865 0.0007847613 0.99999946 -0.0003712289 -0.0021372736 0.00037292764 0.9999976 0.0008469522 0.0035552979 0.00747782
0.98770976 -0.1404386 -0.06860204 0.14086416 0.9900278 0.0013804138 0.06772408 -0.011027008 0.9976431 0.6564949 0.1632433 0.10540509
0.9999932 0.0015880801 -0.003278911 -0.0015839897 0.99999785 0.0012188405 0.003280729 -0.0012136474 0.999994 -0.0015704334 0.003575325 0.014468551
0.99999917 0.0005971329 0.0010248832 -0.0005977116 0.9999998 0.0005636774 -0.0010245442 -0.00056427345 0.9999992 -0.0010559708 -0.0012626648 0.008211732
0.99999905 0.000519271 0.0013456643 -0.0005202051 0.99999976 0.00062010065 -0.0013453662 -0.00062079355 0.999999 -0.0011120737 0.0020418167 0.010633409
0.99999934 0.0007379845 0.0010207072 -0.00073862664 0.9999997 0.00069955364 -0.0010201819 -0.0007002987 0.9999993 -0.0038828999 -0.0036830902 0.010200024
0.99999964 0.0009161177 -9.788945E-05 -0.0009161114 0.99999934 0.00073825195 9.8567456E-05 -0.0007381514 0.99999964 -0.001466319 -0.0009713173 0.008851171
1 0 0 0 1 0 0 0 1 -0.00466609 0.051748753 0.003946662
1 0 0 0 1 0 0 0 1 0.0062452555 0.0046105385 0.004852891
0.9999993 0.0011830751 0.00054081157 -0.001183469 0.99999905 0.00071245804 -0.0005399734 -0.0007130988 0.99999964 -0.0029189885 -0.0034794807 0.009678245
1 0.0003055748 0.00035141304 -0.00030576342 0.9999998 0.0004135389 -0.0003512859 -0.0004136432 0.9999998 -0.0015666112 -0.0050878525 0.008341879
1 0 0 0 1 0 0 0 1 0.040875077 -0.17696476 0.087703824
0.9999995 0.00044032698 0.0008473154 -0.0004404533 0.9999999 0.00019960105 -0.00084722973 -0.00019997358 0.99999964 -0.0042683184 0.00014019012 0.010148287
0.99998766 0.0010367278 -0.004862481 -0.0010309004 0.99999887 0.001218278 0.004863736 -0.0012132525 0.9999874 -0.0013790727 0.0009460449 0.009007692
0.99999833 0.0012570876 -0.0014149323 -0.0012545794 0.9999977 0.001777981 0.0014171675 -0.0017762023 0.99999744 -0.0013244152 0.0011177063 0.014769137
0.9999993 0.0003873374 -0.0011337698 -0.0003868639 0.9999994 0.00048494386 0.0011339486 -0.00048460532 0.9999993 -0.0037132706 -0.004683256 0.011880755
0.99999964 0.0004388832 -0.00046508014 -0.0004385966 0.9999996 0.0007173531 0.0004653558 -0.0007171575 0.99999964 -0.0013116598 -0.0066308975 0.008957982
1 0 0 0 1 0 0 0 1 -0.007981777 -0.0186342 -0.0052818656
0.9999992 2.7627437E-05 0.0012043656 -2.8182978E-05 1 0.0004828833 -0.0012043552 -0.0004828982 0.99999905 0.0009080637 -0.0029826164 0.009630561
0.9999998 0.00028248783 -6.902218E-05 -0.00028252043 0.9999999 -0.00011476874 6.8984926E-05 0.000114798546 1 -0.004090935 -0.0038003922 0.005998075
0.9999992 0.00020095808 -0.0011105202 -0.00020087912 0.9999998 0.0001265062 0.0011105388 -0.00012628594 0.99999934 -0.0008137822 -0.014257431 0.005487323
0.9999987 0.0006571021 0.0013661534 -0.00065827975 0.99999946 0.0009003505 -0.0013655871 -0.0009012334 0.99999857 -0.00053281337 6.580353E-05 0.012167752
1 0 0 0 1 0 0 0 1 -0.018455863 -0.0075621605 0.0030597597
0.9999988 0.001495947 -0.00024878234 -0.0014955644 0.99999756 0.0015956964 0.00025117025 -0.0015953295 0.9999987 -0.0027830452 0.0011129379 0.013154864
1 0 0 0 1 0 0 0 1 -0.06351876 -0.054600716 -0.019447684
0.99996096 0.00035435334 -0.0088173 -0.00027452037 0.99995893 0.009055465 0.008820161 -0.009052768 0.9999201 0.00258708 -0.009667397 0.08062352
0.9999994 0.0005566133 0.0010877475 -0.0005573373 0.9999997 0.0007193051 -0.0010873489 -0.00071991235 0.99999905 -0.0023089277 -0.0017538071 0.0103007555
0.99999845 0.0016268843 -0.00047104247 -0.00162618 0.9999977 0.0013910048 0.0004733093 -0.0013902299 0.9999988 -0.0029384121 0.002688408 0.011832774
0.9999981 0.001205367 0.0013317233 -0.0012070413 0.9999982 0.0012382679 -0.0013302229 -0.0012398884 0.9999983 -0.0046016723 0.001136303 0.012473941
0.99999845 0.00047682924 0.0016107894 -0.00047746423 0.9999995 0.0005626399 -0.0016105045 -0.0005634278 0.99999875 -0.0016248524 -0.0020389557 0.009889007
1 0 0 0 1 0 0 0 1 0.002051115 -0.01390934 -0.020967364
0.9999988 0.0012838335 -0.0005011484 -0.0012831024 0.99999803 0.0014461167 0.00050299615 -0.0014454778 0.99999887 -0.002126649 -0.0011019707 0.01169771
0.99999905 0.0015204402 0.0001829341 -0.0015207649 0.9999982 0.001322452 -0.00018092245 -0.0013227239 0.9999991 -0.0030726418 0.000977993 0.012069166
0.9999997 -3.043079E-05 -0.000850033 3.0230905E-05 0.9999998 -0.00029147603 0.0008500442 0.00029145367 0.9999995 -0.00012338161 -0.012009144 0.0034231246
0.99999964 0.00083616306 0.00042544305 -0.000836562 0.9999993 0.0007457733 -0.00042482 -0.00074613467 0.99999964 0.002977538 0.0004477501 0.00716877
1 0 0 0 1 0 0 0 1 0.004991889 0.00046992302 0.013836324
0.99999905 9.725243E-05 0.001269728 -9.759283E-05 0.9999998 0.00036163628 -0.0012696907 -0.00036176667 0.99999905 0.0010103583 -8.034706E-05 0.009257317
1 0 0 0 1 0 0 0 1 -0.08158445 0.05669546 -0.010236502
0.99998206 0.0058559924 0.0014141649 -0.005854938 0.9999826 -0.00073194504 -0.001418516 0.0007236898 0.9999987 -0.043645024 0.026200771 0.015033722
0.9999999 0.00023093075 0.000634253 -0.00023084879 0.9999999 -0.00018567592 -0.0006342828 0.00018554926 0.9999997 0.00038826466 -0.027773857 0.00071674585
0.9999991 0.0011710331 0.00068812445 -0.0011719791 0.99999845 0.0012708921 -0.0006866418 -0.0012716968 0.999999 -0.003737446 -0.000770092 0.012229562
0.99999875 8.086371E-05 -0.0014232676 -8.1013306E-05 0.9999999 -0.00016546063 0.0014232565 0.0001655817 0.99999887 0.0016589165 -0.009589672 0.0022619069
0.99999976 4.167187E-05 -0.00044026598 -4.1573177E-05 0.99999994 0.00021514297 0.00044029206 -0.00021512364 0.99999976 -0.001246646 -0.002772808 0.007666588
0.99658376 -0.0689569 -0.045455836 0.06955922 0.99750805 0.011805266 0.044528536 -0.014927149 0.9988967 0.18828113 0.1057291 0.12731433
0.99999624 0.0008631926 -0.002663657 -0.000862533 0.9999998 0.0002932828 0.00266397 -0.00029099546 0.99999636 -0.0003296137 -0.004535198 0.0053879917
0.9999939 -0.0006030691 0.003404297 0.0006024889 0.9999997 0.00018892065 -0.0034043938 -0.00018687919 0.99999416 0.0005069375 -0.0019021034 0.005040288
0.9999984 0.0007268818 0.00157395 -0.00072812475 0.9999993 0.00076298043 -0.0015733987 -0.00076413155 0.99999857 -0.002371937 1.4305115E-05 0.010615647
1 0 0 0 1 0 0 0 1 -0.008758545 0.0023784637 -0.018489718
0.99999976 0.00048772153 0.0006489083 -0.00048809638 0.9999998 0.00045132637 -0.0006486848 -0.0004516542 0.9999998 0.0020483136 0.002377987 0.008518279
0.99999857 0.0006520194 0.0016085804 -0.0006530555 0.9999997 0.00061265007 -0.0016081855 -0.0006137043 0.9999986 -0.0021942556 0.0013575554 0.009775698
1 0 0 0 1 0 0 0 1 -0.31013203 -0.042284966 -0.02438283
1 0 0 0 1 0 0 0 1 -0.015532166 0.0012168884 -0.014512539
0.99999857 0.0017100131 -8.847937E-05 -0.0017098159 0.9999975 0.0015354417 9.111315E-05 -0.0015352815 0.9999989 -0.0032352433 0.001739502 0.012858927
1 0 0 0 1 0 0 0 1 0.077610254 -0.02323389 0.003098011
0.99999934 0.0008855875 -0.0009322637 -0.00088491244 0.9999995 0.00069356896 0.00093287975 -0.0006927415 0.99999917 -0.0036849678 -0.007712364 0.009036452
0.99999976 0.00021460233 0.00078082085 -0.00021488918 0.9999998 0.00039772317 -0.00078074634 -0.00039790943 0.99999976 -1.0251999E-05 -0.0008649826 0.009631932
0.9999956 0.000843363 -0.002843596 -0.0008415667 0.9999995 0.0006464636 0.0028441623 -0.00064406963 0.99999565 -0.0012598932 0.0005764961 0.0074519217
0.99999905 0.001217063 -0.00075903535 -0.0012159669 0.9999981 0.0015336163 0.0007608831 -0.0015326887 0.9999986 -0.00015352666 -0.0028514862 0.01029256
0.99999934 0.00025653362 0.0009942148 -0.00025715365 0.99999976 0.0004915297 -0.00099409 -0.000491783 0.99999934 -0.0009914786 -0.0005841255 0.009775817
0.99999946 0.00029120338 0.00060834736 -0.0002914872 0.9999997 0.00039970502 -0.00060821325 -0.0003998913 0.99999964 -0.0021763146 -0.0005311966 0.00941956
0.99432576 -0.08126739 -0.068641424 0.08296004 0.9963062 0.022176147 0.06658563 -0.027744904 0.997395 0.19815624 0.15460443 0.22511387
0.99999976 0.00017596227 0.0008323593 -0.00017637876 0.9999998 0.00045120902 -0.000832282 -0.0004513599 0.9999996 0.0001898855 -0.0018277168 0.009220779
0.9999988 0.0015351528 -0.00016813353 -0.001534907 0.9999976 0.0014743954 0.00017039105 -0.0014741458 0.999999 -0.0028618723 0.00069999695 0.012491584
0.9999989 0.0008429576 0.0012627231 -0.00084389653 0.9999993 0.0008573197 -0.0012619988 -0.00085837767 0.9999988 -0.00045400858 0.0016989708 0.010312438
0.9999834 -8.3701685E-05 -0.0057830065 9.726919E-05 0.99999744 0.0023315512 0.005782798 -0.002332069 0.99998057 -0.0006483793 -0.016571999 0.018864155
0.9999999 -1.37242605E-05 0.00068426225 1.36673625E-05 1 0.00016687252 -0.000684266 -0.0001668632 0.99999976 0.0020470321 -0.005466461 0.0080474615
1 0.00034534372 -0.0005033426 -0.00034504425 0.99999964 0.00055180304 0.00050351396 -0.00055164285 0.9999997 -0.00061671436 -0.0052518845 0.006965041
0.9999966 0.0011661043 -0.0023305342 -0.0011622342 0.9999979 0.0016894229 0.0023324937 -0.0016867109 0.99999595 -0.0016245842 0.0010633469 0.01472649
0.99999934 0.0010185959 -0.000664562 -0.0010180244 0.99999917 0.00076152943 0.00066533685 -0.0007608533 0.99999946 -0.0019096881 -0.0011582375 0.0095537305
1 0 0 0 1 0 0 0 1 0.05589795 -0.024916649 0.015904307
0.9999999 0.00017354824 -0.00048281252 -0.0001732232 0.99999994 0.0002342998 0.00048287213 -0.00023423973 0.99999976 -0.0151536465 -0.025578223 0.010795116
0.99998784 0.004728645 -0.001471594 -0.0047266036 0.9999879 0.0013641119 0.001478076 -0.0013571195 0.99999785 -0.018690228 -0.026490211 0.019093275
0.9999982 0.0007111728 -0.0018437039 -0.00070664287 0.9999967 0.0024171672 0.0018454213 -0.0024158424 0.99999535 -0.0016281009 0.0042181015 0.019642401
0.99999887 0.0005091496 0.0014220141 -0.000510029 0.9999996 0.0006848164 -0.001421662 -0.000685554 0.9999988 -0.0016411636 -0.0011148453 0.009951174
1 0 0 0 1 0 0 0 1 7.9631805E-05 -0.024676323 -0.0064554214
0.9999992 0.00090601644 0.00040075183 -0.00090634427 0.99999905 0.0007768683 -0.00040002167 -0.0007772334 0.9999996 -0.0036786052 0.0028867722 0.009771287
0.9999997 0.0008239859 2.9324437E-05 -0.00082406006 0.9999994 0.00050507113 -2.8911629E-05 -0.00050508603 0.9999998 -0.0022086645 9.6321106E-05 0.0085296035
0.9999957 0.0016445804 -0.0024867356 -0.0016411673 0.9999978 0.0013426319 0.002488926 -0.0013385452 0.999996 -0.0036536008 0.004717827 0.011199415
0.99999243 0.00096957514 -0.0037944932 -0.0009655922 0.99999887 0.0010571592 0.0037955148 -0.0010534897 0.9999922 -0.0006482005 0.0003643036 0.008359671
1 0 0 0 1 0 0 0 1 0.0048371553 -0.009129047 0.0015967488
0.9999989 0.001100295 -0.0007755831 -0.0010996424 0.9999989 0.00094576087 0.0007766187 -0.00094490964 0.9999992 -0.001064539 -0.0008535385 0.0099877715
1 0 0 0 1 0 0 0 1 -0.00096690655 0.020485401 -0.05023825
1 0 0 0 1 0 0 0 1 -0.19514322 -0.05729437 -0.10966444
0.9962559 -0.07894862 -0.03523154 0.078250706 0.99671733 -0.02076922 0.036755547 0.017934559 0.9991633 0.28232753 0.027347565 -0.099496126
1 0 0 0 1 0 0 0 1 -0.20878404 -0.063967705 0.22400188
0.9999957 0.002511683 -0.001405716 -0.0025098585 0.99999595 0.001275856 0.0014089495 -0.0012723431 0.9999982 -0.00679636 0.0022964478 0.01546824
0.9999991 0.0010275167 0.00089263543 -0.0010286324 0.9999989 0.0010757074 -0.0008915216 -0.0010766089 0.9999991 -0.0028573275 0.002655983 0.012350678
0.9999999 0.00014349492 0.00074391067 -0.00014378084 1.0000002 0.00026413798 -0.0007439032 -0.0002641864 0.99999946 -0.00030132383 -0.0014858246 0.008220732
1 0 0 0 1 0 0 0 1 -0.006542444 0.0007991791 0.02831078
0.99997544 -0.0014745174 -0.0068548024 0.0014912151 0.99999577 0.0024305657 0.006851211 -0.0024406835 0.9999736 0.03245437 -0.00674057 0.024758495
0.99999166 0.0021036826 -0.0035623312 -0.0020979457 0.99999654 0.0016087331 0.0035656393 -0.0016013235 0.9999925 -0.0040808246 0.0059127808 0.018844187
0.9999999 9.3920855E-05 0.000584092 -9.418349E-05 0.9999998 0.00030895695 -0.00058408827 -0.00030900165 0.9999998 0.0008329153 -0.0020542145 0.009065509
0.9999995 0.00024048332 -0.0011167563 -0.00023971102 1 0.00063975155 0.0011169203 -0.0006394591 0.9999992 -0.0031496286 -0.018375874 0.0080162585
0.35363954 -0.1570545 -0.92210245 0.096937984 0.98664886 -0.13087113 0.9303453 -0.043105394 0.36414266 -1.0100143 0.2902658 2.4713552
0.16886576 -0.4191994 -0.8920517 -0.3601208 0.8162363 -0.4517426 0.91749525 0.3975302 -0.01312807 -0.34769118 -0.027362525 2.1153436
0.9999997 5.640555E-05 0.0005656332 -5.6635123E-05 0.99999994 0.00011514127 -0.0005656481 -0.00011512637 0.9999997 0.003360264 -0.001632452 0.00830704
0.9999996 0.000109474175 -0.0007195622 -0.00010901154 0.99999964 0.00069089234 0.0007196292 -0.0006908104 0.9999994 0.0004943013 -0.011733055 0.009559512
1 0 0 0 1 0 0 0 1 0.021488905 -0.005523205 -0.0087867975
1 0 0 0 1 0 0 0 1 0.021196604 -4.673004E-05 0.012809098
0.99999917 0.0010838313 0.00026442856 -0.0010840134 0.9999987 0.0009581484 -0.00026337802 -0.00095845014 0.9999994 0.0010818243 0.0001206398 0.012512505
1 0 0 0 1 0 0 0 1 0.012196779 -0.021237195 0.015415281
0.9999948 0.0015682107 0.0027753673 -0.0015655021 0.9999982 -0.0009736903 -0.002776891 0.000969341 0.9999956 -0.0032824278 -0.006362915 0.0011752844
0.9999966 0.0007083465 0.002472587 -0.00070460327 0.9999987 -0.0014851801 -0.0024736337 0.001483433 0.99999577 -0.00210277 -0.006119728 -0.005143583
0.99999964 -0.00041757268 0.00044326112 0.00041742157 0.9999998 0.00045911223 -0.0004434511 -0.00045889616 0.99999976 0.0014814436 -0.0078418255 0.007912368
0.99999833 0.00020755897 -0.0017251372 -0.0002074861 1 6.823987E-05 0.0017251298 -6.78841E-05 0.9999984 -0.001521647 -0.0015463829 0.0058149695
0.9999989 0.0006966848 -0.0011284687 -0.0006958627 0.9999996 0.00068352744 0.0011289455 -0.0006827377 0.99999905 -0.001473546 -0.002749443 0.0091510415
0.99998534 0.0021172846 -0.0050127506 -0.0021086764 0.9999965 0.0017087162 0.0050163567 -0.0016981252 0.99998605 -0.004563689 0.0027341843 0.017819703
0.9999988 0.0014872155 -0.0005347356 -0.0014866418 0.99999845 0.0010713823 0.00053633004 -0.0010706335 0.99999934 -0.00407888 0.0011458397 0.011446655
1 0 0 0 1 0 0 0 1 0.008656144 0.025809765 0.019465804
1 0 0 0 1 0 0 0 1 -0.012611747 -0.0037493408 0.004967153
1 0 0 0 1 0 0 0 1 0.08260155 -0.31611633 -0.0061484575
0.9999994 0.0008527315 0.00026080012 -0.00085292896 0.99999917 0.00086500496 -0.00026007742 -0.0008652285 0.9999995 -0.0005688891 -0.0016031265 0.009631574
0.9999987 0.0015211999 -0.00046934932 -0.0015204351 0.9999977 0.0015064813 0.00047165155 -0.0015057735 0.99999875 -0.0035414807 0.0023255348 0.012837648
0.99999964 0.00037732063 0.00089455023 -0.00037762924 1.0000001 0.00043486804 -0.0008943975 -0.00043520145 0.9999995 -0.0028523281 -0.0035467148 0.010451019
1 0 0 0 1 0 0 0 1 0.0059171915 -0.008267164 0.017157912
0.99999934 0.0003394615 0.0011304095 -0.00033998443 1.0000002 0.00044241548 -0.0011302829 -0.00044276938 0.9999992 -0.00028522313 -0.0001282692 0.009048283
0.99997413 0.006911829 -0.00205186 -0.006906271 0.99997246 0.0026784092 0.0020703524 -0.0026641637 0.99999434 -0.059187412 -0.0010070801 0.024090946
0.9941752 0.006543055 -0.10757822 -0.0066045746 0.9999781 -0.00021536648 0.10757434 0.00092443824 0.99419653 -0.574486 -0.021178722 0.0039896965
0.99999917 0.0011902106 -0.00010634214 -0.001190136 0.999999 0.00081504136 0.00010731071 -0.000814911 0.9999997 -0.002220035 0.002345562 0.010755181
1 0 0 0 1 0 0 0 1 -0.009415686 0.0057120323 0.0028762221
0.99999845 0.0017391003 -0.0006410405 -0.0017381273 0.9999973 0.0015418082 0.0006437227 -0.0015406925 0.99999875 -0.0030910075 0.0014028549 0.012776792
0.9999989 0.001322082 -0.00029983371 -0.0013217553 0.9999982 0.001335945 0.00030159205 -0.0013355464 0.99999917 -0.0006157607 -0.00045108795 0.00885731
0.99999154 -0.0027096719 0.0031276792 0.0026917756 0.99998015 0.00571844 -0.0031431317 -0.005709946 0.99997884 0.0034468174 -0.06537342 0.014842302
0.99652374 -0.07289007 -0.040347904 0.073243946 0.99728715 0.0073638707 0.039701596 -0.010293327 0.9991587 0.22954842 0.09081793 0.10542178
0.9999873 0.0013130682 -0.004872963 -0.0013061458 0.99999857 0.0013951063 0.004874781 -0.0013887063 0.99998724 -0.0044728518 0.0047922134 0.012173533
0.9999988 0.0012508384 0.0005054027 -0.0012513003 0.99999857 0.0008073859 -0.0005044937 -0.0008080341 0.9999995 7.8991055E-05 -0.0049390793 0.0064628124
0.99998385 0.0022043139 -0.005184144 -0.0022170348 0.99999446 -0.0024482943 0.0051787496 0.0024597682 0.9999835 0.0072505474 0.0039639473 -0.02894172
0.99999875 0.0012679579 -0.0008541369 -0.0012667403 0.9999981 0.001454303 0.00085598 -0.0014532208 0.9999985 -0.0015901327 -0.00071811676 0.010768086
0.99999815 -0.0011354224 -0.0015609711 0.0011362825 0.9999991 0.000572728 0.0015603453 -0.0005745515 0.9999986 0.010405004 -0.018394232 0.009158134
0.9999992 0.0012582635 -0.00031992048 -0.0012578389 0.9999982 0.0013350227 0.00032159686 -0.00133462 0.9999991 -0.0027271807 0.0002117157 0.011684775
0.99998707 -0.0017429404 -0.004783705 0.001760561 0.9999919 0.003648214 0.0047772825 -0.003656581 0.9999819 0.027594894 0.0028505325 0.03367336
0.9999997 0.0005137345 0.00057399273 -0.0005141537 0.9999996 0.0005990807 -0.0005736761 -0.00059938245 0.9999997 -0.0024454668 -0.0015392303 0.0085814
0.9999998 -0.0003878167 0.00089631975 0.00038806256 0.9999999 -0.00018597022 -0.00089626014 0.0001863204 0.9999997 -0.00014581159 -0.002998829 0.0064655542
0.99999833 0.0014019012 -0.0010642409 -0.0014005839 0.9999985 0.0012794919 0.0010660589 -0.0012779795 0.99999857 -0.0010244101 -0.0007491112 0.013391644
0.9999995 0.00037124543 0.0011195131 -0.00037188386 0.9999999 0.0005919337 -0.0011192858 -0.00059235096 0.99999917 -0.0005541444 0.0002799034 0.009733379
0.9999967 0.00012202747 -0.002544552 -0.00011744164 0.9999983 0.0017952546 0.0025447905 -0.0017949473 0.99999523 0.014659047 -0.00027751923 0.015868843
1 0 0 0 1 0 0 0 1 0.077587605 -0.044657707 0.023767233
0.99999946 9.490154E-05 0.0010322351 -9.529386E-05 1 0.00039539486 -0.0010321978 -0.00039548054 0.99999934 0.0001842985 -0.002055645 0.00897038
0.9999955 0.00051169307 0.0029387325 -0.0005151341 0.9999994 0.0011561401 -0.002938196 -0.0011576414 0.999995 -0.002491489 0.00038814545 0.017907381
0.9999996 0.0007319864 -0.00014359504 -0.0007316575 0.99999887 0.0012215097 0.0001444919 -0.001221405 0.99999917 -0.0030387342 -0.001639843 0.009802103
0.9999974 0.0020999704 -0.00042863376 -0.002099704 0.99999744 0.00027254596 0.00042918697 -0.0002716221 0.99999976 -0.011218786 -0.034203947 0.0046324134
1 0 0 0 1 0 0 0 1 0.005281329 -0.023448944 0.0026575327
1 0 0 0 1 0 0 0 1 -0.014353514 0.0022764206 -0.017654657
0.99999917 0.00093618454 0.0011162013 -0.0009370828 0.99999934 0.0007939823 -0.0011154786 -0.0007950328 0.99999917 -0.00247892 0.002105713 0.009743869
1 0 0 0 1 0 0 0 1 0.041296482 -0.005308628 -0.016061544
0.99994224 0.0030200407 0.010306552 -0.003014762 0.99999523 -0.00051888824 -0.010308132 0.0004877895 0.99994665 -0.017530441 -0.028401613 -0.0087662935
1 0 0 0 1 0 0 0 1 -0.034270525 0.13004112 -0.022250533
1 0 0 0 1 0 0 0 1 0.007518053 -0.015856266 -0.017290413
0.9999994 4.1547464E-06 0.001334358 -4.6523055E-06 1.0000002 0.0004287511 -0.0013343673 -0.0004287362 0.999999 0.0009051487 -0.0020112991 0.009859145
0.9999994 0.0011282042 -7.9649035E-06 -0.0011282127 0.9999983 0.0014917031 9.648153E-06 -0.0014916933 0.9999988 -0.0029081926 -0.0002655983 0.011829674
0.9999994 0.00039885833 0.0007353686 -0.00039911794 0.99999976 0.0005096756 -0.0007351693 -0.00050997734 0.99999964 0.0011718348 -0.004494667 0.009364247
0.9999989 0.00074900885 0.0011163391 -0.0007502028 0.99999905 0.0010421555 -0.0011155568 -0.00104299 0.9999987 -0.0024618655 0.00077056885 0.011551976
-0.058092922 0.82674384 -0.5595713 -0.4688729 -0.51744527 -0.71582735 -0.88135326 0.22078335 0.41769767 -9.921999 8.288406 -5.1721287
0.99999756 0.0010704137 -0.0021515936 -0.0010691294 0.9999994 0.0006317571 0.002152294 -0.00062942505 0.99999756 -0.00021138787 0.0009293556 0.0068867207
0.99999934 0.00035822944 0.0010906411 -0.0003588018 0.99999976 0.0005425289 -0.0010904454 -0.00054291263 0.9999992 -0.0012038201 -0.001935482 0.010335743
0.9999985 -6.59941E-05 0.0016800612 6.566045E-05 1.0000001 0.00014128909 -0.0016800687 -0.00014116056 0.99999845 0.0002711499 -0.0032424927 0.008454263
0.9999947 0.0017021982 -0.002708319 -0.0016995897 0.9999979 0.000975132 0.0027099731 -0.0009705499 0.9999959 -0.009359658 -0.0010476112 0.00883472
0.9999996 2.233102E-05 -3.5367906E-05 -2.232194E-05 0.9999996 0.0006068554 3.5315752E-05 -0.00060682744 0.9999999 0.0009818077 -0.008978367 0.008474678
0.99999774 0.001387489 0.0013829619 -0.0013887188 0.9999982 0.0010598861 -0.0013815314 -0.0010618307 0.9999985 -0.0040353835 0.0006489754 0.009978056
0.9999998 0.00040206336 -8.267909E-05 -0.00040201726 0.9999997 0.00066589564 8.293241E-05 -0.0006658621 0.9999997 0.001574859 -0.010026932 0.007937372
0.996971 -0.06416342 -0.043956354 0.064121425 0.99793935 -0.0023645759 0.044017553 -0.00046125054 0.9990307 0.15452057 0.04817581 0.02438736
0.99924105 -0.02572766 -0.029245034 0.022866964 0.9952848 -0.094260275 0.031532176 0.093519926 0.99511784 -0.061951995 -0.30108643 -0.6587961
0.9999899 0.0013516117 -0.004254982 -0.001338914 0.9999947 0.0029764175 0.004259005 -0.0029706657 0.9999865 -0.006139159 0.0016937256 0.028293967
0.9999998 0.00034827896 0.00082452595 -0.00034879136 0.9999999 0.0006279703 -0.000824295 -0.00062825624 0.9999996 -0.0018394142 -0.000967741 0.011406451
0.99999946 0.0001916471 0.0011380538 -0.0001921705 0.99999994 0.00047343597 -0.0011379644 -0.0004736483 0.9999992 -0.0007483065 0.0002784729 0.009764254
0.99999815 0.00011789985 0.0020552352 -0.00011920463 0.99999994 0.0005957037 -0.0020551458 -0.00059595704 0.99999785 -0.00022110343 0.0014586449 0.012264967
0.9999997 0.00034588692 0.0008073002 -0.00034631463 0.9999999 0.0006129369 -0.0008070916 -0.00061322004 0.9999995 -0.00064982474 -0.0003838539 0.009802818
0.9999988 0.000105899686 0.0015355912 -0.00010629813 0.99999976 0.00012174994 -0.0015355796 -0.00012191199 0.99999887 0.0020968765 -0.005964279 0.008984029
0.9999986 -0.0005061161 0.0015605763 0.0005059466 0.99999994 -4.6543777E-05 -0.0015605912 4.7378242E-05 0.9999986 0.0021719337 -0.0020070076 0.0073313713
1 0 0 0 1 0 0 0 1 -0.028607965 -0.004008293 -0.0022669137
0.9999452 -0.00043314695 0.010450721 0.0004434809 0.9999995 -0.0009916723 -0.010450333 0.0009962097 0.9999449 0.009694338 -0.0064926147 -0.017097473
0.99999905 0.00085570454 -0.0010839626 -0.00085492874 0.99999946 0.0007056892 0.0010845587 -0.0007047653 0.9999993 -2.4437904E-05 -0.007795334 0.009328127
1 0 0 0 1 0 0 0 1 -0.00945738 0.021347523 -0.00782454
1 0 0 0 1 0 0 0 1 -0.027361631 -0.038618565 0.12859213
0.99419546 -0.0773035 -0.07483113 0.07754171 0.99698913 0.00027790666 0.07458416 -0.0060786605 0.9971961 0.15255356 0.062431335 0.068014145
0.9999994 0.0012022983 1.29072E-05 -0.0012022627 0.9999987 0.0011353046 -1.154514E-05 -0.0011353083 0.99999934 -0.0024018884 0.0025310516 0.011909664
0.9999993 0.00096552656 0.00018052757 -0.00096575066 0.99999875 0.001036426 -0.00017955899 -0.0010366142 0.9999994 -0.0014574155 7.390976E-05 0.0120411515
1 0.00017715618 -0.00047406554 -0.00017738342 0.9999999 -0.00057159364 0.00047412515 0.0005717054 0.99999976 0.014030129 0.00048398972 0.01137054
0.9999988 0.001387483 -0.00043849647 -0.0013868397 0.999998 0.001557989 0.00044062734 -0.0015574265 0.99999857 -0.00041766837 9.346008E-05 0.011474788
-0.3651216 -0.8621133 0.35135055 -0.858666 0.16604513 -0.48489398 0.35969353 -0.47873783 -0.8008937 1.2238739 2.370788 3.5753832
0.99999994 0.0006787905 -0.0005971417 -0.0006788061 1 -3.547035E-05 0.000597097 3.5868958E-05 0.99999994 -0.00086441636 -0.0010972023 0.005415261
0.9999999 0.00077612104 9.354204E-06 -0.0007761065 0.99999976 0.00020167045 -9.17539E-06 -0.00020166859 0.99999994 -0.0015599728 0.001367569 0.0067572594
0.99999684 0.00048615388 0.002451405 -0.00048390613 0.9999996 -0.00090512075 -0.0024518222 0.0009039352 0.9999965 0.00013315678 0.003974676 -0.003177762
1 0.0005396745 0.00013960153 -0.0005397789 0.9999998 0.00054691546 -0.00013933331 -0.0005469918 0.9999999 -0.0018253499 -0.0014276505 0.00939399
0.9999998 0.00042843528 -0.00056922995 -0.0004284024 0.99999994 -6.330013E-05 0.0005692169 6.3568354E-05 0.99999964 -0.0009765327 -0.0035238266 0.0043328404
0.7234594 -0.59952235 -0.34231526 0.63208413 0.774621 -0.02078623 0.27762628 -0.20133403 0.93935513 2.9445376 2.4485083 1.6785026
0.99999946 0.00090064574 -0.00069996715 -0.0009002753 0.9999995 0.0004993491 0.0007004142 -0.0004987195 0.9999996 -4.914403E-05 -0.0022478104 0.0076384544
0.99999887 0.0009523111 -0.0012201732 -0.00095101306 0.9999992 0.0010866355 0.001221207 -0.0010854825 0.9999986 -0.00055116415 -0.0030827522 0.005197823
0.9999992 0.0009827532 0.00090102106 -0.000983576 0.99999905 0.0010022558 -0.0009000227 -0.0010031573 0.9999991 -0.0027579144 0.0013570786 0.012090266
0.99999696 0.0024409853 -0.00010599196 -0.002440896 0.99999696 -0.00033242116 0.000105157495 0.00033265725 0.9999999 -0.012557119 -0.0011053085 0.005080998
0.9999993 0.0010215128 0.0006303787 -0.0010219533 0.99999917 0.00064139813 -0.0006297678 -0.00064204633 0.99999946 -0.003867885 0.000936985 0.008381903
0.9999993 0.00048806402 0.0010425448 -0.0004887141 0.9999996 0.0006458685 -0.0010422245 -0.0006463863 0.9999993 -0.00063596666 0.0006427765 0.0106163025
1 0 0 0 1 0 0 0 1 -0.019711614 -0.010314465 0.009708643
0.9999985 0.00055552414 -0.0014742166 -0.00055565615 0.9999998 -0.000102926046 0.0014741533 0.00010374375 0.9999989 -0.0030668378 -0.012853622 0.002774477
0.99999857 0.00062929327 0.0014401935 -0.0006301785 0.99999946 0.00059218705 -0.0014398098 -0.00059309974 0.9999988 -0.0025606751 0.0010519028 0.010044336
0.8008255 0.060977582 -0.5957853 -0.14171752 0.98584455 -0.08959036 0.5818886 0.15617944 0.79813135 0.5011606 0.5085516 -2.3376963
0.99999267 0.00093283365 -0.0036711395 -0.00092692673 0.9999981 0.0015794467 0.0036726594 -0.0015760586 0.9999919 -0.0009661913 0.0042409897 0.014281392
0.9999988 0.0014784371 -0.00039426982 -0.0014779128 0.9999978 0.0014437549 0.0003964156 -0.00144317 0.9999989 -0.0019531697 0.0011548996 0.011188924
0.99999946 0.0005109193 0.0009580124 -0.0005107321 0.9999998 -0.00026520342 -0.00095815025 0.0002647154 0.9999995 0.0026715728 -0.00894022 -0.0013446212
0.99993986 -0.005087346 -0.009705082 0.0051089525 0.9999844 0.0022043213 0.009693697 -0.0022538155 0.99995035 0.056851335 0.004034996 0.021586485
0.9999991 0.00014721835 -0.0013254471 -0.0001464556 0.9999995 0.00056891516 0.0013255216 -0.00056874007 0.999999 -0.0024332404 -0.016135693 0.0076664686
0.99999917 -0.00016992944 0.0013409066 0.00016950801 1.0000001 0.00025758892 -0.0013409476 -0.00025735423 0.9999991 0.00013113022 -0.0013771057 0.009058714
1 0 0 0 1 0 0 0 1 -0.012387276 0.0020947456 -0.0029146075
0.99640673 -0.074725956 -0.039868183 0.07365595 0.9969 -0.027667522 0.041812137 0.0246315 0.9988219 0.22089088 -0.03464508 -0.165905
0.9999951 0.0013382589 -0.0027035922 -0.0013333457 0.9999974 0.0018026745 0.0027059764 -0.0017990544 0.9999945 -0.0023966432 0.0017004013 0.014576912
1 0 0 0 1 0 0 0 1 0.016265213 -0.02199173 0.0491333
0.9973928 -0.059074014 -0.04144764 0.059332013 0.9982258 0.005022183 0.041077375 -0.0074680746 0.99912816 0.124364614 0.06987715 0.07748175
0.99999917 0.0003420997 0.0012727045 -0.0003430664 0.9999997 0.0006843358 -0.0012724735 -0.0006847605 0.99999887 -0.00081534684 -0.0013723373 0.010650039
1 0 0 0 1 0 0 0 1 -0.00020980835 0.010781288 0.0043851733
0.9931396 -0.116765685 0.0062740445 0.11681195 0.9882196 -0.09887956 0.0053456128 0.09893398 0.9950796 0.675534 -0.14275885 -0.7604561
1 0 0 0 1 0 0 0 1 -0.3141631 -0.07128906 -0.03430462
0.99999934 0.00030160765 0.0010194369 -0.00030210277 0.9999997 0.0004929714 -0.0010192841 -0.0004932862 0.99999946 -0.0007275343 -0.00079345703 0.0096024275
0.9999996 0.0009894745 -0.00030860677 -0.0009892745 0.99999917 0.0007743351 0.00030937418 -0.00077403337 0.99999964 -0.001895804 0.000101566315 0.009499013
1 0 0 0 1 0 0 0 1 -0.0015015602 0.010498524 -0.0012557507
0.9999991 0.0014120578 -0.00013754517 -0.0014118779 0.999998 0.0015482232 0.00013973191 -0.0015480258 0.99999887 -0.0018668994 -0.00055503845 0.010996163
0.9999988 0.0008087931 0.0013752878 -0.0008097496 0.99999976 0.0007635467 -0.0013746917 -0.0007646624 0.99999887 -0.0023609847 0.0010418892 0.009425163
1 0 0 0 1 0 0 0 1 0.027119994 -0.07595372 0.012742281
0.99999857 0.0016483516 0.0005964637 -0.001649078 0.9999981 0.0011476055 -0.00059452653 -0.0011485443 0.9999993 -0.013055101 -0.00016307831 0.0071956813
0.9982264 -0.044072866 -0.040021956 0.044133335 0.9990256 0.0006323606 0.03995487 -0.002397567 0.9991988 0.030840397 0.032865524 0.047332525
0.9999984 0.0015912489 -0.0009375904 -0.001589767 0.9999974 0.0016365796 0.0009401934 -0.001635087 0.99999833 -0.0023984313 0.0005683899 0.012550235
0.9999969 1.622783E-05 0.0025758296 -1.8665101E-05 0.99999964 0.0009165555 -0.0025757775 -0.0009166077 0.9999963 -0.004044354 -0.0032367706 0.002910018
0.9955105 -0.07397556 -0.059046615 0.07470018 0.9971545 0.010157138 0.058127113 -0.014522672 0.9982036 0.15879881 0.08742142 0.1092422
0.99999654 0.0015923507 -0.0019461513 -0.0015897548 0.99999785 0.0013305787 0.0019482821 -0.0013274681 0.99999726 -0.0030170903 -0.00029611588 0.014910489
0.99999934 0.0003028186 0.0009198673 -0.0003032072 0.99999964 0.0004912317 -0.00091969594 -0.0004915558 0.99999964 -0.001036495 -0.00075912476 0.009543717
0.9999989 -0.0003506532 0.0015031472 0.00035007976 1 0.0003429877 -0.0015032515 -0.00034246338 0.99999887 0.013320006 -0.0076704025 0.009959698
1 0 0 0 1 0 0 0 1 0.0024168491 -0.0064119697 0.02226621
1 0 0 0 1 0 0 0 1 -0.0027852058 -0.01754415 0.00087052584
1 0 0 0 1 0 0 0 1 -0.029876709 0.022669792 -0.015386343
0.99999976 5.3163734E-05 0.00011799671 -5.316618E-05 0.9999998 0.00028494745 -0.00011798553 -0.00028495863 0.99999994 0.00019517541 -0.0060009956 0.007642925
0.9999992 0.0001954725 0.0012062043 -0.00019633584 0.99999976 0.0007657334 -0.0012060255 -0.0007659644 0.999999 0.0019517839 0.0017771721 0.013072491
0.9999969 0.0008690588 -0.002390191 -0.00086175994 0.9999952 0.0030125761 0.0023928285 -0.0030105188 0.9999928 0.003270179 0.000620842 0.026539832
0.9999993 0.00085171126 -0.0008589905 -0.0008516767 0.99999946 0.0002296581 0.00085918605 -0.00022892794 0.9999996 -0.0021278262 -0.0056843758 0.008788109
0.9999957 0.0017605787 -0.002321899 -0.0017519249 0.9999914 0.003738977 0.0023284853 -0.0037348978 0.9999903 -0.011673868 -0.004386902 0.03483236
0.9999994 0.0010967029 -0.00053379685 -0.001096142 0.9999988 0.0010836972 0.00053492934 -0.0010831171 0.9999992 -0.0025758445 -0.0016298294 0.010030359
0.9999996 -0.00026075356 0.0007238537 0.0002606106 0.99999994 2.2295862E-05 -0.0007238388 -2.2090971E-05 0.9999997 5.898904E-05 -0.0025053024 0.0074041486
1 0 0 0 1 0 0 0 1 0.002217412 0.0127135515 -0.012724102
0.9999996 0.0006849868 0.00048386306 -0.0006853519 0.9999992 0.00069787353 -0.00048335642 -0.00069820136 0.9999996 -0.001063846 0.0012607574 0.010320783
0.9964176 -0.055788875 -0.063554615 0.055452272 0.9984364 -0.0070479214 0.06384832 0.0034983158 0.99795336 0.019469038 0.024357319 0.0021409988
1 0 0 0 1 0 0 0 1 0.012877822 -0.012347221 0.0129342675
1 0 0 0 1 0 0 0 1 0.0001821667 0.010445595 -0.009368092
0.99999946 0.0007728101 0.0007421747 -0.0007733116 0.9999995 0.00057314336 -0.0007417351 -0.0005737245 0.9999997 -0.0013851374 0.001329422 0.009005368
0.99999803 0.0017238157 -0.0010987357 -0.0017219317 0.9999968 0.0016914792 0.0011016484 -0.0016896129 0.99999815 -0.004388213 0.00065279007 0.01430434
1 0 0 0 1 0 0 0 1 -0.08059788 0.0825119 -0.010661423
0.9999999 0.0006662009 0.00044810772 -0.0006665394 0.9999995 0.00063178875 -0.0004477203 -0.00063208304 0.99999964 -0.002782805 0.0005249977 0.009016156
0.99999934 0.0010086192 0.00072034914 -0.0010092341 0.99999905 0.000857085 -0.0007194872 -0.0008578226 0.9999994 -0.0029115067 0.0008597374 0.010014832
1 0 0 0 1 0 0 0 1 -0.15534407 0.07559109 0.021638393
0.999999 9.3810086E-05 0.0012668376 -9.45481E-05 0.9999997 0.00055424124 -0.0012667896 -0.00055437535 0.9999989 -0.0007272139 -0.0013828278 0.012301683
0.9999993 0.00037945504 0.0009879507 -0.00038015796 0.99999946 0.00066838413 -0.0009877011 -0.00066876784 0.99999917 -0.0014312863 -0.00068616867 0.01031661
1 0 0 0 1 0 0 0 1 0.009307265 -0.003894806 0.0017310977
1 0 0 0 1 0 0 0 1 -0.15959027 0.0012722015 0.042220116
0.9999975 0.0006209463 -0.0022416115 -0.0006228115 0.9999994 -0.00087675825 0.0022410676 0.00087815896 0.99999726 -0.0034956932 -0.009696245 0.0016839504
0.99999815 -8.4319734E-05 0.001935076 8.2512386E-05 0.9999995 0.0009357985 -0.0019351505 -0.0009356383 0.99999774 -0.0017440319 0.024149895 0.008264095
1.0000002 0.00031672278 0.0004035309 -0.00031670416 1.0000004 7.658452E-05 -0.00040353462 -7.678568E-05 1 -0.0034448504 -0.005153656 0.007812083
0.99853164 -0.049002558 -0.02310127 0.04900953 0.9987985 -0.0002632141 0.023086518 -0.00086960196 0.9997332 0.07569754 0.022722721 0.0030419827
0.9999989 -3.5417266E-05 0.0014819354 3.5628676E-05 1 -9.768456E-05 -0.0014819428 9.774417E-05 0.99999887 0.0016374588 -0.0021660328 0.00871712
0.99999917 0.0004046217 0.0011775568 -0.00040518877 0.9999998 0.00042674504 -0.001177378 -0.0004272107 0.9999992 -0.0020766258 0.0008702278 0.008767784
1 0 0 0 1 0 0 0 1 0.012083411 -0.011664391 0.003546387
1 0 0 0 1 0 0 0 1 0.01150918 -0.011984348 -0.008391738
0.9999993 -0.0001182321 -0.0014308877 0.00011784234 1.0000001 -0.0002549179 0.0014308915 0.00025476888 0.99999887 0.001468271 -0.0036606789 0.0072215497
0.9999995 0.00014133658 0.0009156428 -0.00014136825 1.0000001 -3.814511E-05 -0.0009156391 3.799051E-05 0.9999994 -0.0023660734 -0.0032901764 0.00888744
0.99999946 0.00038134857 0.0009998744 -0.00038195835 0.9999998 0.0005148519 -0.0009996742 -0.00051523186 0.9999993 -0.0010809228 -0.0020046234 0.009650171
0.99944806 -0.0072674304 0.032415718 0.006510392 0.99970514 0.023395658 -0.032576323 -0.023171723 0.9992007 0.031444192 -0.041740805 0.10520208
0.9999995 6.851461E-05 0.0007265955 -6.8558846E-05 0.9999999 0.00017665327 -0.00072657317 -0.00017672777 0.99999976 0.0046488047 -0.0013525486 0.008663893
0.9999991 0.0003151439 0.0012519364 -0.0003155811 0.9999998 0.00037718564 -0.0012518214 -0.00037758797 0.99999917 0.00028032064 1.3828278E-05 0.008342624
1 0 0 0 1 0 0 0 1 0.0034799576 -0.014401436 -0.0084195435
0.99999946 0.0005997452 0.0004363954 -0.0005998707 0.99999964 0.00024170801 -0.00043622404 -0.00024200045 0.9999999 -0.0015812479 -0.000667572 0.007330179
0.9999981 0.000955742 0.0016685426 -0.0009577852 0.99999887 0.0011620303 -0.0016674176 -0.0011636112 0.9999979 -0.0039070845 0.0023531914 0.012646824
1 0 0 0 1 0 0 0 1 -0.017857283 -0.010520458 0.012522936
