0.99997956 -0.0023298624 0.0059596077 0.0023167995 0.99999475 0.0022033434 -0.0059647188 -0.0021895012 0.99998 0.011471555 -0.0075683594 -0.019059807
0.99997807 -0.002193776 0.0062399507 0.0021841398 0.9999964 0.0015516467 -0.006243326 -0.0015379805 0.9999794 0.014507264 -0.004055977 -0.0197379
0.99995375 -0.0028927326 -0.009183556 0.002840519 0.9999799 -0.005693406 0.009199977 0.005666733 0.99994177 -0.029417157 0.021743774 -0.11160022
1 0 0 0 1 0 0 0 1 -0.102323055 0.037608147 0.108956665
1 0 0 0 1 0 0 0 1 -0.011090755 -0.002831459 -0.012895584
0.9999987 -0.00063877745 0.0014531128 0.00063895393 0.9999996 -3.8035214E-05 -0.0014531091 3.896188E-05 0.9999991 -0.0078424215 -0.009869099 -0.0055113435
0.9930649 -0.096140265 -0.067668274 0.095648915 0.99536014 -0.010470927 0.06836095 0.0039259493 0.9976529 0.1381545 0.05485201 0.6242801
0.9999793 -0.0025153463 0.0059344918 0.0025058056 0.9999955 0.0015755985 -0.005938433 -0.0015606917 0.99998116 0.015142083 -0.0037956238 -0.018549144
0.9999688 -0.0034225318 0.0070832223 0.003399648 0.999989 0.0032417814 -0.007094249 -0.0032176035 0.9999695 0.013257161 -0.004679203 -0.012878716
0.9999764 -0.0026506549 0.0063603744 0.0026356862 0.9999937 0.0023686439 -0.006366618 -0.0023518093 0.999977 0.0142751485 -0.0031132698 -0.015697211
0.9999777 -0.002656986 0.0061011035 0.0026451466 0.9999945 0.0019272678 -0.006106207 -0.0019111 0.99997944 0.015786475 -0.0029411316 -0.017859817
0.99997324 -0.0031197933 0.006618893 0.003107829 0.9999935 0.0018134825 -0.006624507 -0.001792863 0.9999764 0.012102172 -0.00073099136 -0.016253233
0.9999764 -0.0027709857 0.006292086 0.0027599912 0.99999464 0.0017565489 -0.0062969103 -0.001739148 0.9999787 0.0144174695 -0.0009913445 -0.018067539
1 0 0 0 1 0 0 0 1 -0.42360258 -0.18301916 0.4818535
0.9999615 -0.0028789395 0.008289421 0.0028559505 0.9999921 0.0027935272 -0.008297399 -0.0027697515 0.99996185 0.0053352714 0.0011577606 -0.013166308
1 0 0 0 1 0 0 0 1 0.011474252 0.0057811737 -0.03164041
1 0 0 0 1 0 0 0 1 -0.37485647 -0.22785425 0.44787908
0.99996585 -0.0033454034 0.007568389 0.0033198914 0.999989 0.0033686236 -0.00757955 -0.003343394 0.9999656 0.011429012 -0.006052017 -0.012191057
0.99996704 -0.0028785637 0.007563652 0.002864445 0.9999939 0.0018779784 -0.007569014 -0.0018562563 0.99996954 0.015035659 0.00067329407 -0.020206332
0.99997795 -0.0023134702 0.0062359907 0.0023055691 0.9999968 0.0012715124 -0.006238904 -0.0012570992 0.9999798 0.014730573 -0.0033335686 -0.019984543
1 0 0 0 1 0 0 0 1 0.0025446415 -0.014960289 0.024862051
0.99997175 -0.0032343462 0.0068079196 0.003216941 0.9999916 0.0025693364 -0.0068161674 -0.0025473535 0.9999736 0.014804974 -0.0032997131 -0.016206264
0.99998164 -0.0025511512 0.0054980516 0.0025400708 0.9999946 0.0020467984 -0.0055033565 -0.0020328406 0.9999827 0.011305071 -0.0051903725 -0.018240571
0.99995124 -0.00079971086 0.009829894 0.0007777922 0.99999714 0.0022442713 -0.009831697 -0.0022365227 0.9999492 0.009464145 0.013547897 -0.021645427
0.99998134 -0.0020293016 0.005742971 0.0020211455 0.99999696 0.0014297925 -0.005745858 -0.0014181435 0.9999824 0.013987586 -0.0016074181 -0.018761218
0.9999292 0.0018059462 0.011756092 -0.0018287748 0.9999963 0.0019418597 -0.011752546 -0.0019631833 0.9999292 0.0030136704 -0.012068272 -0.031237751
0.99764955 -0.054540724 -0.04147768 0.05535844 0.9982891 0.018826514 0.04037994 -0.021078415 0.9989621 -0.08947754 -0.031373024 0.71038747
1 0 0 0 1 0 0 0 1 -0.35418367 -0.25626898 0.49012613
0.99996644 -0.0030021141 0.0076500773 0.002988527 0.999994 0.0017878618 -0.0076554716 -0.001764942 0.99996936 0.008210033 0.002067566 -0.016961455
0.99997646 -0.0028927105 0.006227618 0.0028735788 0.9999913 0.0030620056 -0.006236423 -0.0030440392 0.999976 0.006587982 -0.0060424805 -0.013687313
0.9999774 -0.0024334777 0.006230632 0.002423038 0.9999956 0.0016847588 -0.006234696 -0.0016696341 0.99997914 0.015340811 -0.0024347305 -0.018476129
1 0 0 0 1 0 0 0 1 0.02029574 0.022461414 -0.0057641305
0.9999812 -0.001953028 0.005743675 0.0019444723 0.9999966 0.0014928319 -0.005746562 -0.001481656 0.9999823 0.014208943 -0.003499508 -0.01892984
0.99997693 -0.0027530864 0.006207213 0.0027399627 0.99999386 0.0021197349 -0.006213015 -0.002102675 0.99997854 0.012922779 -0.0040516853 -0.015814126
0.99997264 -0.0027122293 0.006906882 0.0026993542 0.9999946 0.0018604342 -0.0069119073 -0.001841737 0.99997437 0.016116902 -0.002603531 -0.020151913
0.99997836 -0.0006008325 0.0065273046 0.0005969256 0.9999994 0.00060911104 -0.006527573 -0.000605233 0.99997866 0.011146426 -0.0011866093 -0.021248162
0.99997413 -0.0024437977 0.0067763072 0.00243115 0.9999954 0.0018664654 -0.0067808363 -0.0018499373 0.9999753 0.012376085 -0.005215168 -0.017923921
1 0 0 0 1 0 0 0 1 0.022979736 -0.0034031868 -0.019281983
1 0 0 0 1 0 0 0 1 -0.009662628 0.0008571148 -0.012363315
0.99997336 -0.0018589086 0.0070643844 0.0018472718 0.99999696 0.0016582273 -0.007067443 -0.001645131 0.9999738 0.011525869 -0.0023431778 -0.018317401
0.9999805 -0.00033148937 0.0062116086 0.00032766722 0.99999976 0.00060837343 -0.006211832 -0.0006063357 0.99998033 -0.0008035898 -0.013104916 -0.02113527
0.9996307 -0.023316652 -0.013926208 0.02297154 0.9994371 -0.024446696 0.014488503 0.024117813 0.999604 -0.2572999 -0.23522997 0.28916466
0.9999803 -0.0024393927 0.0058116913 0.002426615 0.9999944 0.0022114739 -0.0058171153 -0.0021973476 0.9999807 -0.00066906214 -0.0015487671 -0.019604206
0.99997675 -0.0025626768 0.00630226 0.0025512502 0.9999952 0.0018117428 -0.0063068755 -0.0017956123 0.99997836 0.01478447 -0.0029330254 -0.01774615
0.9999796 -0.0024317224 0.0058819503 0.0024227782 0.9999957 0.0015142225 -0.0058855936 -0.0014999509 0.9999817 0.015357763 -0.0033802986 -0.018961012
0.99997455 -0.0027585854 0.0065883026 0.0027447047 0.9999939 0.0021123872 -0.006594084 -0.002094253 0.99997604 0.01543545 -0.0029325485 -0.018283248
0.9999745 -0.002529737 0.006680608 0.002516208 0.99999475 0.0020242557 -0.0066856854 -0.0020073913 0.99997556 0.012613736 -0.0028772354 -0.01783675
1 0 0 0 1 0 0 0 1 -0.014490843 0.029000282 -0.053826332
1 0 0 0 1 0 0 0 1 0.0045496225 -0.022313595 -0.032337487
0.99997085 -0.0030017241 0.007038845 0.0029854428 0.99999297 0.0023254752 -0.0070457766 -0.00230439 0.9999725 0.016345114 -0.00015068054 -0.017312229
0.9999757 -0.0020774007 0.0066587795 0.0020668688 0.9999965 0.0015842523 -0.006662048 -0.0015704446 0.99997663 0.013054036 -0.0062918663 -0.020701826
1 0 0 0 1 0 0 0 1 -0.0433715 -0.027493477 -0.05424556
0.9999818 -0.00277551 0.005377449 0.0027681815 0.9999954 0.0013549626 -0.0053811856 -0.0013400465 0.9999846 0.014847994 -0.0020127296 -0.017793179
0.9999646 -0.0024530645 0.008033397 0.0024426556 0.99999636 0.0013020281 -0.008036565 -0.0012823492 0.99996686 -0.0071478486 -6.67572E-05 -0.014380991
0.9999673 -0.00307915 0.0074985027 0.0030555874 0.9999905 0.0031480324 -0.0075081214 -0.0031250138 0.999967 0.0039109588 -0.008605957 -0.013289243
0.9999739 -0.0020327468 0.006956309 0.0020196403 0.99999595 0.0018774087 -0.006960124 -0.0018633239 0.999974 0.012347698 -0.004471779 -0.016833216
0.99997365 -0.002531291 0.0068078265 0.0025144594 0.9999939 0.002471439 -0.0068140402 -0.0024542531 0.9999737 0.012658998 -0.0035185814 -0.01459384
1 0 0 0 1 0 0 0 1 0.0055179596 -0.011203289 0.00814271
0.9999778 -0.0020546853 0.0063468004 0.0020443997 0.99999666 0.0016411953 -0.006350143 -0.0016281866 0.99997854 0.013480261 -0.0017356873 -0.018283367
0.999976 -0.0012633 0.0068091005 0.0012543565 0.99999803 0.0013125092 -0.006810747 -0.0013039783 0.9999759 0.010599971 -0.00023365021 -0.019192815
0.99997425 -0.0018579715 0.0069253854 0.0018433398 0.99999595 0.0021128673 -0.0069292895 -0.0021000458 0.99997383 0.008107066 -0.004888773 -0.014608473
0.9999775 -0.0025863475 0.0061826035 0.0025737465 0.9999947 0.0020216964 -0.0061878115 -0.0020057298 0.99997884 0.015271425 -0.0017838478 -0.017123938
1 0 0 0 1 0 0 0 1 0.009608537 0.005862236 -0.029292334
0.99996525 -0.0035126733 0.0075307824 0.0034873737 0.9999882 0.003357352 -0.0075424984 -0.0033309753 0.999966 0.011624314 -0.006667137 -0.013568938
1 0 0 0 1 0 0 0 1 -0.032452047 -0.035582542 -0.04816997
0.9996035 -0.0074295234 -0.027158245 0.009094663 0.99805266 0.061713222 0.026646942 -0.061935894 0.9977247 0.044275045 -0.03317356 0.52878463
0.99997526 -0.0026639341 0.006497152 0.002651345 0.99999434 0.0019271448 -0.0065022465 -0.0019098762 0.999977 0.015523255 -0.0038146973 -0.018309116
0.99996704 -0.0035871922 0.0072775893 0.0035642602 0.9999884 0.0031767562 -0.0072888993 -0.0031507257 0.9999685 0.012878239 -0.005610466 -0.013550878
0.99997467 -0.003306688 0.0063023977 0.003290814 0.9999915 0.0025009084 -0.0063106166 -0.0024800953 0.99997693 0.017658561 -0.0028362274 -0.015960515
0.99997795 -0.0021395753 0.0062766504 0.0021298637 0.9999964 0.0015609078 -0.0062799715 -0.0015475098 0.9999791 0.015056044 -0.0029039383 -0.020174205
1 0 0 0 1 0 0 0 1 -0.04180479 0.054851532 0.10138488
0.99996656 -0.0036486369 0.0073099285 0.0036271133 0.999989 0.0029493175 -0.007320598 -0.0029227063 0.9999688 0.012984298 -0.0049524307 -0.014989316
0.99996924 -0.0032651285 0.007126931 0.0032448417 0.9999908 0.0028683096 -0.0071362294 -0.0028450917 0.9999705 0.014641024 -0.0035762787 -0.016021192
0.9999751 -0.0015471636 0.00683859 0.0015350748 0.999997 0.0017661136 -0.0068413317 -0.0017555673 0.999975 0.008969456 -0.00501132 -0.01705569
0.9999688 -0.003055294 0.007262816 0.0030362064 0.99999195 0.0026309397 -0.007270797 -0.002608806 0.99997014 0.01316721 -0.0036568642 -0.014972806
1 0 0 0 1 0 0 0 1 0.0060452223 0.0024328232 -0.035306156
0.99997485 -0.0021212841 0.0067677647 0.0021127104 0.999997 0.0012720115 -0.006770447 -0.0012576878 0.99997634 0.014251441 -0.0034389496 -0.020138085
1 0 0 0 1 0 0 0 1 0.3887062 -0.5116129 0.5045358
0.9999733 -0.0062101036 0.0038403869 0.0061941296 0.9999718 0.004205227 -0.0038663447 -0.0041813403 0.99998385 0.038915873 0.0012907982 -0.020465374
0.9999926 -0.0029210486 0.0024190843 0.0029195696 0.99999547 0.0006211549 -0.002420932 -0.0006140694 0.9999969 0.010520399 -0.015891194 -0.021726608
0.99997294 -0.0030091587 0.0067305807 0.0029945509 0.99999315 0.0021876153 -0.006737113 -0.0021674 0.9999749 0.012592036 -0.008717537 -0.020026565
0.9999764 -0.0020995126 0.0065552704 0.0020853982 0.9999955 0.002171697 -0.006559808 -0.0021579703 0.9999762 0.0071578026 -0.004591465 -0.011632085
0.9999757 -0.0024554036 0.006568309 0.002443369 0.99999565 0.0018282617 -0.006572794 -0.0018121721 0.99997675 0.013885106 -0.0044665337 -0.017225564
0.99568 -0.0786829 -0.049299717 0.07839838 0.99689233 -0.007681161 0.049750894 0.003783077 0.9987545 0.054275036 0.006342411 0.56345737
0.99995536 -0.0023020855 0.009155303 0.0022991702 0.99999726 0.0003215531 -0.009156078 -0.00030049402 0.9999581 -0.0014298558 -0.0018510818 -0.016392887
0.9999653 -0.002377261 0.007977806 0.002366204 0.9999962 0.0013799202 -0.007981047 -0.0013609864 0.99996716 0.011753917 -0.0033323765 -0.02175337
0.99997413 -0.0025317622 0.006728053 0.0025208974 0.9999955 0.0016334439 -0.0067321435 -0.0016164295 0.999976 0.016551882 -0.0046315193 -0.021962762
1 0 0 0 1 0 0 0 1 -0.07424641 -0.003540039 0.08671856
0.9999791 -0.0026130807 0.005936321 0.0026019332 0.9999948 0.0018624514 -0.0059411675 -0.0018469691 0.9999806 0.017037123 0.00039482117 -0.017339766
0.99997926 -0.0023236526 0.0060171187 0.0023141443 0.9999963 0.0015884563 -0.006020814 -0.0015744865 0.9999806 0.014960647 -0.001891613 -0.019236922
1 0 0 0 1 0 0 0 1 -0.39963222 -0.30096388 0.44083893
1 0 0 0 1 0 0 0 1 -0.013592422 0.005710602 -0.037727714
0.9999642 -0.0033833818 0.0077581927 0.003358324 0.999989 0.0032438436 -0.0077690743 -0.0032176697 0.9999647 0.011503534 -0.006296158 -0.014898777
1 0 0 0 1 0 0 0 1 0.029327631 -0.012242794 0.020781517
0.9999728 -0.0025649606 0.0069048014 0.002549606 0.9999941 0.0022333497 -0.006910486 -0.0022156844 0.9999736 0.010806501 -0.004845619 -0.017599344
0.99997944 -0.0018740328 0.0061267093 0.0018656891 0.9999973 0.0013854057 -0.0061292946 -0.0013739467 0.9999801 0.01358071 -0.0034093857 -0.019680977
0.9999648 -0.0025701225 0.007998198 0.00255776 0.9999954 0.0015526298 -0.00800214 -0.0015321225 0.9999667 -0.0022427142 -0.0020155907 -0.014542401
0.9999698 -0.0029334743 0.0072321 0.0029097646 0.9999906 0.003284879 -0.0072416067 -0.0032637492 0.99996847 0.0065356493 -0.010766029 -0.014950216
0.9999773 -0.0023554263 0.0063678585 0.002345063 0.9999963 0.0016246662 -0.0063716713 -0.0016096756 0.9999784 0.013728052 -0.003993988 -0.0184142
0.9999759 -0.0024607305 0.006475225 0.0024505127 0.99999595 0.0015976373 -0.0064791217 -0.0015817191 0.9999777 0.0142365545 -0.0034713745 -0.017928183
0.99856824 -0.039108247 -0.03649476 0.040493548 0.99845594 0.03802243 0.034951508 -0.03944558 0.9986102 -0.18621182 -0.0127244 0.8261614
0.9999772 -0.0019985079 0.006403885 0.0019884335 0.9999967 0.0015720148 -0.0064070057 -0.0015592407 0.9999782 0.013229534 -0.0049204826 -0.0191198
0.9999667 -0.003538447 0.0073344335 0.0035147879 0.99998856 0.0032432717 -0.0073458254 -0.0032173833 0.9999679 0.013558701 -0.0059580803 -0.013876975
0.9999778 -0.0031204508 0.0058654705 0.0031080528 0.999993 0.0021197274 -0.005872044 -0.0021014512 0.99998057 0.01827833 -0.0023288727 -0.015968919
0.99998164 -0.0056799892 0.0020226352 0.0056717037 0.99997556 0.0040866006 -0.0020457804 -0.004075057 0.9999897 0.03742957 0.016729355 -0.00035756826
0.9999733 -0.0018426942 0.007053811 0.0018324831 0.9999975 0.0014422908 -0.0070564486 -0.0014293157 0.99997395 0.011195764 -0.0036125183 -0.018687129
0.9999731 -0.002675342 0.0068287663 0.0026597795 0.99999404 0.0022879732 -0.0068348385 -0.0022697502 0.9999741 0.013787076 -0.0032444 -0.016015649
0.999965 -0.003139991 0.0077518523 0.0031163804 0.99999046 0.0030579455 -0.0077613294 -0.0030336808 0.9999653 0.0017701983 -0.008964539 -0.01236558
0.99997276 -0.0028833281 0.0067789853 0.0028691366 0.99999386 0.0020982958 -0.006784998 -0.0020787818 0.9999747 0.010524094 -0.0031199455 -0.017845213
1 0 0 0 1 0 0 0 1 -0.0046799183 -0.0035586357 0.015968919
0.99987805 0.0011769425 0.015562847 -0.0011890014 0.99999887 0.0007696111 -0.015561923 -0.000788021 0.99987847 -0.015581965 -0.019327566 -0.024781466
0.9999714 0.00036747754 0.007613525 -0.00039874762 0.9999917 0.0041075386 -0.0076117516 -0.0041104406 0.9999627 0.0069504976 -0.008929729 -0.015992433
0.99980134 -0.006020874 0.019006401 0.005929619 0.9999707 0.004855711 -0.019035116 -0.004742045 0.9998076 0.014816225 -0.012625694 0.0032842858
0.99997777 -0.0026875837 0.0060693137 0.0026763096 0.99999464 0.0018640682 -0.0060742944 -0.0018477738 0.9999797 0.0153886005 -0.0029907227 -0.017745793
1 0 0 0 1 0 0 0 1 0.043509364 0.018743515 -0.065350175
0.9999776 -0.0027038367 0.0061457157 0.0026919493 0.99999446 0.0019363649 -0.006150931 -0.0019197725 0.9999792 0.015564673 -0.0030961037 -0.017378807
0.99997675 -0.0027602462 0.0062501477 0.0027491099 0.9999947 0.0018025935 -0.0062550884 -0.0017853733 0.99997896 0.012917973 -0.002770424 -0.017392397
0.99996954 -0.0036651504 0.0068646073 0.0036441959 0.99998873 0.003046494 -0.00687569 -0.003021378 0.99997175 0.009550557 0.0013237 -0.010916591
0.9999603 -0.002592062 0.008520916 0.002580753 0.9999959 0.0013272464 -0.008524314 -0.001305189 0.9999627 0.006286651 0.0038275719 -0.017512202
1 0 0 0 1 0 0 0 1 0.03727436 -0.02120018 -0.010099947
0.99996996 -0.0029156392 0.007196434 0.0028965385 0.99999213 0.002652716 -0.007204108 -0.0026317933 0.99997056 0.0072573572 -0.0073394775 -0.014849901
1 0 0 0 1 0 0 0 1 -0.012347877 -0.005706787 -0.038229346
1 0 0 0 1 0 0 0 1 -0.3845291 -0.12673473 0.47811007
0.9945278 -0.08426359 -0.06176254 0.083990216 0.9964421 -0.007013172 0.06213373 0.001787439 0.9980664 0.06687975 0.024904728 0.6119069
1 0 0 0 1 0 0 0 1 -0.4385841 -0.22408009 0.45175064
0.9999889 -0.0024848627 -0.0040423423 0.0024856008 0.999997 0.00019021705 0.0040418357 -0.00020026043 0.99999183 0.019204736 -0.02320528 -0.02492243
0.9999703 -0.003512575 0.0068288855 0.0034971316 0.9999912 0.002255246 -0.0068367496 -0.002231298 0.9999741 0.016957358 -0.004682064 -0.015427887
0.99998087 -0.0018195501 0.0058607757 0.0018113144 0.99999744 0.0013981573 -0.005863294 -0.0013874918 0.99998176 0.013794519 -0.0015220642 -0.018685818
1 0 0 0 1 0 0 0 1 -0.003199339 -0.0020256042 0.002902262
0.9998554 0.010041712 0.013712868 -0.010061612 0.9999484 0.0013696849 -0.013698354 -0.0015074387 0.99990493 -0.15639466 -0.030333519 -0.031109251
0.99994725 -0.0036899578 0.009556323 0.003656054 0.99998677 0.003551988 -0.009569228 -0.0035168007 0.99994767 0.005799927 -0.003927231 -0.009384304
0.9999805 -0.0017230969 0.005965218 0.0017149369 0.9999976 0.0013700128 -0.005967561 -0.001359757 0.9999812 0.01234806 -0.0015048981 -0.0190894
0.9999696 -0.0015943723 0.007664848 0.0015792518 0.9999969 0.0019802619 -0.007667955 -0.001968097 0.99996865 0.007057011 -0.0019488335 -0.017978638
-0.9905829 -0.13618645 -0.014102913 -0.12778053 0.95657146 -0.261999 0.049171165 -0.25772965 -0.96496516 -4.38811 -0.17919111 1.0426383
-0.5511761 -0.822326 -0.14136708 -0.8302962 0.5573037 -0.004567966 0.082540736 0.114858806 -0.98994666 -1.7811307 -1.0374546 1.5987825
0.99996513 -0.0019417629 0.0081705 0.0019295262 0.9999974 0.0015230477 -0.008173443 -0.0015071929 0.99996555 0.013600007 -0.0014438629 -0.018984824
0.9999725 -0.0020019913 0.007129781 0.0019874421 0.9999958 0.002049286 -0.0071338713 -0.002035072 0.9999726 0.010083735 -0.0021948814 -0.01635331
1 0 0 0 1 0 0 0 1 0.0635649 0.023742199 -0.0588969
1 0 0 0 1 0 0 0 1 -0.07598674 0.057372093 -0.1007421
0.99996734 -0.0035492557 0.0072701722 0.0035301815 0.99999034 0.002635343 -0.0072794557 -0.0026095994 0.99997 0.0154189 -0.0011906624 -0.013816357
1 0 0 0 1 0 0 0 1 0.0011864901 -0.019235704 -0.03347583
0.99992245 -0.0015634788 0.012345877 0.0015687651 0.9999988 -0.0004205599 -0.012345202 0.0004399016 0.99992365 0.00054240227 0.005724907 -0.039478213
0.99999905 0.0005699578 -0.00117708 -0.0005700798 0.99999976 -0.00017988682 0.0011769608 0.0001805611 0.9999993 0.0036421828 -0.021955967 0.002927959
0.99997723 -0.001734782 0.0065056123 0.0017237363 0.9999966 0.0017047152 -0.0065085813 -0.0016934276 0.9999775 0.011049509 -0.0014443398 -0.017423362
0.999961 -0.0022660212 0.008539796 0.0022643693 0.9999974 0.00019475631 -0.008540221 -0.00017542392 0.9999637 0.0057702065 -0.0011229515 -0.01912707
0.99997914 -0.0025505873 0.0059474288 0.0025381867 0.9999945 0.002093688 -0.0059527373 -0.0020785485 0.9999802 0.010727286 -0.005601883 -0.015812933
0.9999614 -0.0029052473 0.008313149 0.002885377 0.9999931 0.002396647 -0.008320093 -0.0023725703 0.99996245 0.0016158894 0.0019626617 -0.017479002
0.9999711 -0.0029029646 0.007004194 0.0028861302 0.9999928 0.0024198852 -0.00701119 -0.0023995973 0.9999726 0.012482181 -9.250641E-05 -0.016452312
1 0 0 0 1 0 0 0 1 -0.014554918 -0.01155138 -0.0196864
1 0 0 0 1 0 0 0 1 0.011436582 -0.0011083335 -0.046088547
1 0 0 0 1 0 0 0 1 0.004030943 -0.0065903664 -0.014624536
0.999975 -0.003029996 0.006363988 0.003016768 0.9999934 0.0020861365 -0.0063702837 -0.0020668805 0.9999776 0.014913248 -0.0007305145 -0.01613611
0.9999726 -0.0036018142 0.0064952597 0.003581002 0.99998844 0.0031988923 -0.0065067075 -0.0031755434 0.99997383 0.0135267265 -0.0056786537 -0.01277107
0.9999775 -0.0020405578 0.0063802376 0.0020304252 0.99999666 0.0015809312 -0.006383449 -0.0015679393 0.9999783 0.01381683 -0.0036287308 -0.01951772
1 0 0 0 1 0 0 0 1 0.004181862 0.0011863708 -0.034226596
0.9999779 -0.0020940444 0.0063118413 0.0020845078 0.9999966 0.0015215203 -0.0063149855 -0.0015083551 0.9999791 0.01414907 -0.0037546158 -0.019600987
0.9999645 -0.006636793 -0.0051878393 0.006660046 0.99996775 0.0044717416 0.0051580966 -0.004506074 0.99997634 0.030492187 -0.0053014755 0.00473696
0.9970741 -0.06693129 -0.036928352 0.06889013 0.996129 0.054598838 0.033131015 -0.056983054 0.9978253 0.0013155937 0.13434124 0.9457817
0.9999719 -0.0034123533 0.0066773817 0.003396031 0.99999136 0.0024587102 -0.0066857124 -0.0024359617 0.99997467 0.013927098 -0.0029058456 -0.014752746
1 0 0 0 1 0 0 0 1 0.011272669 -0.0013184547 -0.019997418
0.9999652 -0.0032894956 0.0076875314 0.0032638416 0.99998915 0.0033453568 -0.007698439 -0.003320152 0.9999649 0.010858931 -0.0065546036 -0.013391852
0.99997044 -0.0029711653 0.0070835426 0.0029482604 0.99999064 0.0032264702 -0.0070930347 -0.0032055117 0.9999698 0.007294059 -0.010696411 -0.0147817135
0.9999491 0.0007857643 0.01010114 -0.00079919025 0.99999905 0.0013429672 -0.010100007 -0.0013510287 0.9999481 0.004635453 0.0043616295 -0.020963483
0.9930836 -0.09045087 -0.07486258 0.08940862 0.9958471 -0.017166361 0.07610437 0.010354494 0.9970463 0.08195901 0.026555061 0.5980862
0.9999586 -0.0026698303 0.008714759 0.002646158 0.99999267 0.0027142726 -0.0087219495 -0.0026910976 0.9999582 -0.0063777566 -0.0010309219 -0.010738969
0.9999668 -0.002617974 0.007712573 0.0025966598 0.99999267 0.0027710004 -0.00771977 -0.0027508643 0.9999665 0.011550754 -0.0040125847 -0.01636982
0.9999773 -0.001648509 0.0065131485 0.0016233507 0.9999911 0.0038585663 -0.0065194964 -0.0038478822 0.9999712 -0.0050213337 -0.0059337616 -0.007645458
0.9999723 -0.0031055387 0.006778014 0.003085969 0.9999911 0.0028971955 -0.006786947 -0.0028761998 0.99997294 0.009470016 -0.009985924 -0.015410006
0.9999576 -0.0015996345 0.009063393 0.0015855655 0.9999976 0.0015575532 -0.009065852 -0.0015431046 0.99995756 0.0085090995 -0.0017387867 -0.020391539
0.9999707 -0.0033623634 0.0068781525 0.0033428757 0.9999901 0.0028296914 -0.006887598 -0.002806602 0.9999724 0.012166113 -0.009374142 -0.014846921
0.999949 -0.0056636278 0.008366212 0.0056263804 0.99997395 0.0044753887 -0.008391291 -0.0044281334 0.99995506 0.01219213 -0.0075998306 -0.0012421384
0.99998444 -0.0023577882 0.0050835833 0.0023478644 0.99999547 0.0019383915 -0.005088128 -0.0019264258 0.9999852 0.012914512 -0.004992962 -0.01703322
0.9999884 -0.0008098851 0.004728928 0.0008057505 0.99999917 0.00089259073 -0.0047295988 -0.00088882446 0.9999885 0.01311798 0.00014400482 -0.018556058
0.99995553 -0.0037727265 0.008669928 0.0037504316 0.9999899 0.0025979578 -0.008679569 -0.0025652628 0.99995893 0.0093766 -0.0053019524 -0.016133398
0.99997985 -0.0023842133 0.0058679692 0.0023748302 0.9999958 0.0016139746 -0.0058717914 -0.0016000271 0.9999815 0.014525935 -0.0006775856 -0.018142879
0.9999913 -0.0033802195 0.0024840832 0.0033648452 0.99997514 0.0062036477 -0.0025048852 -0.006195236 0.9999778 0.014667302 -0.03076744 -0.012511998
1 0 0 0 1 0 0 0 1 -0.18421626 -0.13320637 -0.08038938
0.9999804 -0.0021928935 0.0059031025 0.0021850788 0.9999971 0.0013118647 -0.005905945 -0.001298923 0.9999816 0.014156632 -0.0022220612 -0.019238412
0.99997556 -0.0021300367 0.0066352785 0.0021198401 0.9999965 0.0015445054 -0.006638542 -0.0015304042 0.9999767 0.012679659 -0.0037903786 -0.017045379
0.999958 -0.0039119357 0.008303258 0.0038914175 0.99998945 0.0024786685 -0.008312864 -0.0024462566 0.9999624 0.011675179 -0.0039138794 -0.016765922
0.9999727 -0.00074724574 0.0073243193 0.0007263195 0.9999953 0.002870798 -0.0073264483 -0.0028653666 0.99996895 -0.00032508373 -0.007461369 -0.013435543
1 0 0 0 1 0 0 0 1 -0.0004131794 -0.0040454865 -0.02217403
1 0 0 0 1 0 0 0 1 -0.008561611 0.0030794144 0.0128698945
0.999977 -0.0026054638 0.006213516 0.0025945152 0.9999949 0.0017822012 -0.0062180907 -0.0017660521 0.9999791 0.015532404 -0.0014076233 -0.019325078
1 0 0 0 1 0 0 0 1 0.05208707 -0.012416363 -0.01302135
0.9999843 0.0006934535 0.0055309236 -0.0007016137 0.99999857 0.0014741123 -0.0055298954 -0.001477994 0.99998367 -0.010020494 -0.045601845 -0.005525112
1 0 0 0 1 0 0 0 1 -0.03202063 -0.0024585724 -0.04215628
1 0 0 0 1 0 0 0 1 -0.037338972 0.00024747849 -0.027702868
0.99998146 -0.0018230376 0.005778387 0.0018148988 0.99999726 0.0014213175 -0.0057809483 -0.0014108159 0.99998236 0.013333529 -0.0018730164 -0.019460082
0.9999749 -0.0036621855 0.0060761683 0.0036449798 0.9999893 0.0028342418 -0.0060864813 -0.0028120223 0.9999774 0.016241258 -0.0086426735 -0.016640216
0.99997234 -0.002224499 0.007119935 0.0022118895 0.999996 0.0017831195 -0.0071238577 -0.0017673168 0.999973 0.01342674 -0.0037059784 -0.019248486
0.9999738 -0.0032412522 0.006483555 0.0032267016 0.9999921 0.00225568 -0.0064908043 -0.002234701 0.9999765 0.016046077 -0.004579067 -0.017147541
0.33744863 0.60634154 -0.72005445 0.40996012 -0.7832326 -0.4674177 -0.847385 -0.13746417 -0.5128765 -8.729108 11.617045 -5.911001
0.9999844 -0.0029319888 0.0047606975 0.0029245056 0.9999945 0.0015877485 -0.0047653243 -0.0015737936 0.9999874 0.015310049 0.0019798279 -0.018861592
0.99997914 -0.002177158 0.006081665 0.002168423 0.99999666 0.0014589801 -0.0060848184 -0.0014457647 0.99998045 0.013745055 -0.0033884048 -0.019099712
0.9999823 -0.0017168535 0.0056450777 0.001710131 0.9999977 0.001179371 -0.0056470707 -0.001169702 0.9999834 0.013246246 -0.0016222 -0.020621777
0.99999 -0.0044999863 5.921384E-05 0.0045000063 0.99998975 -0.0004676804 -5.711394E-05 0.00046794116 0.9999998 0.02578199 0.0102472305 -0.024766743
0.99998015 -0.0020970595 0.005964346 0.002084303 0.9999954 0.0021554418 -0.0059688687 -0.0021429658 0.99998 0.013441563 -0.004020691 -0.017038077
0.99996257 -0.0033059379 0.008023843 0.0032863503 0.99999166 0.002450928 -0.008031867 -0.0024244674 0.99996483 0.011315942 0.0021157265 -0.020851195
0.9999621 -0.0021427404 0.008431859 0.002125387 0.99999547 0.0020710807 -0.008436292 -0.0020530764 0.9999623 0.010174155 -0.0063507557 -0.018505335
0.9954675 -0.077383205 -0.055283546 0.07728042 0.9970014 -0.0039989725 0.055427223 -0.0002914816 0.99846256 0.031914473 0.0062203407 0.6101191
0.7437353 0.0006460184 -0.6684741 -0.01630359 -0.9996846 -0.019105224 -0.6682756 0.025107805 -0.7434902 -2.4846518 11.700829 -5.3278923
0.99990857 0.00045051053 0.013521716 -0.0004954245 0.9999945 0.0033183768 -0.013520181 -0.0033247322 0.99990296 -0.039037704 -0.0005426407 -0.0024319887
0.99997616 -0.0020264722 0.0065734163 0.0020171853 0.9999969 0.0014316747 -0.00657627 -0.0014183912 0.9999774 0.0145995915 -0.0061860085 -0.02064833
0.9999814 -0.002031703 0.0056988075 0.0020244953 0.99999696 0.0012647398 -0.0057013594 -0.0012531951 0.99998283 0.014629155 -0.0035967827 -0.019901395
0.999981 -0.0020263754 0.0058368742 0.0020193309 0.9999972 0.0011878908 -0.0058392733 -0.001176089 0.99998236 0.014756054 -0.0012249947 -0.018897593
0.99997985 -0.002268063 0.0059053227 0.0022584973 0.9999962 0.0016050749 -0.005908951 -0.0015916787 0.99998116 0.014513254 -0.0029454231 -0.018304527
0.99996746 -0.001869288 0.007830929 0.0018569893 0.99999696 0.0015749913 -0.00783385 -0.0015603956 0.99996805 0.012400601 -0.002444744 -0.020085216
0.9999843 -0.00093302643 0.005536124 0.0009285589 0.99999934 0.00077578425 -0.005536884 -0.0007706061 0.9999843 0.013114452 0.0010156631 -0.019765615
1 0 0 0 1 0 0 0 1 -0.17871928 0.028813362 0.05558668
0.9999752 0.0044568554 0.005452037 -0.004495755 0.9999643 0.0071450174 -0.00541991 -0.007169366 0.9999597 -0.08914089 -0.033968925 0.04254803
0.9999641 -0.003107781 0.007866442 0.0030913986 0.99999297 0.0020970292 -0.007872917 -0.0020726398 0.99996686 0.009846479 -0.00650692 -0.017826408
1 0 0 0 1 0 0 0 1 0.014564633 -0.015426159 -0.024339199
1 0 0 0 1 0 0 0 1 0.004535675 0.0027012825 -0.029869318
0.996843 -0.06455788 -0.0462194 0.06496398 0.9978607 0.007337954 0.045646764 -0.010317162 0.9989043 -0.03498721 -0.015498638 0.65192413
0.99997157 -0.0036485516 0.006570896 0.0036318062 0.99999017 0.0025552511 -0.006580159 -0.0025313087 0.999975 0.01640641 -0.0017461777 -0.014621794
0.9999683 -0.0036958698 0.0070629865 0.0036775619 0.99998987 0.0026112394 -0.0070725605 -0.00258518 0.9999716 0.014273498 -0.005959034 -0.01555869
0.99996233 0.0007885769 0.008634657 -0.00079424307 0.9999996 0.0006683618 -0.00863409 -0.00067504495 0.99996233 0.01989317 0.02332449 -0.00059342384
0.9999687 -0.0030790595 0.00729014 0.0030560172 0.9999904 0.0031887405 -0.00729993 -0.0031663477 0.9999685 0.009825431 -0.00921917 -0.015907913
0.4587353 -0.7129847 -0.5302971 -0.03352225 0.5824852 -0.8121499 0.88794065 0.3903385 0.24330564 2.1640716 1.9382799 0.2421006
0.999988 -0.00078273856 0.004809387 0.00077726395 0.9999991 0.0011381665 -0.00481027 -0.0011344133 0.9999878 0.001082927 -0.005015373 -0.021993399
0.99997276 -0.0025614148 0.0069271326 0.0025466844 0.99999434 0.0021490762 -0.006932579 -0.0021313764 0.9999737 0.0070225894 -0.0022115707 -0.014142215
0.99999356 -0.00049314206 0.0036271736 0.0004808281 0.9999941 0.0033962075 -0.0036287904 -0.0033944352 0.99998766 -0.0012896061 -0.004821539 -0.007684469
0.99997395 -0.0025714964 0.006720759 0.0025598514 0.9999953 0.0017273747 -0.0067251697 -0.0017101178 0.9999759 0.013990641 -0.004292488 -0.018081129
0.99997354 -0.0019833595 0.0070239976 0.0019708772 0.9999966 0.0017662644 -0.0070274696 -0.0017523766 0.9999739 0.0109938085 -0.0027520657 -0.016243637
-0.3999465 -0.7270562 -0.5580611 0.90897024 -0.23655748 -0.34324002 0.11754129 -0.64453864 0.7554826 -2.3350196 10.804928 4.543804
0.9999789 -0.0021126168 0.0061744377 0.002100993 0.9999963 0.0018646978 -0.006178342 -0.0018516742 0.99997914 0.0072033256 -0.0022730827 -0.017252922
0.99997747 -0.002968358 0.005989939 0.0029521086 0.9999918 0.0027377233 -0.0059980303 -0.0027199686 0.9999783 0.0070567727 -0.008558273 -0.01564154
0.9999741 -0.0033149002 0.0064066797 0.0032993872 0.99999195 0.0024317913 -0.006414704 -0.002410572 0.9999764 0.017354533 -0.0017700195 -0.016151488
0.99996907 -0.003512077 0.007007621 0.0034842044 0.99998575 0.003989399 -0.0070215613 -0.003964865 0.9999674 0.02177547 -0.0045690536 -0.0053381324
0.99997765 -0.0027306378 0.006115712 0.0027177832 0.9999942 0.0021266602 -0.0061214417 -0.0021100007 0.99997926 0.015932068 -0.0006785393 -0.017030597
0.9999798 -0.0024246285 0.0058628432 0.0024153513 0.9999957 0.0015865453 -0.0058666654 -0.0015723631 0.9999816 0.0152133405 -0.0029382706 -0.018806756
1 0 0 0 1 0 0 0 1 0.029488206 -0.0070648193 -0.013173103
0.9999735 -0.0017221129 0.007096056 0.0017084805 0.9999966 0.0019350079 -0.007099364 -0.0019228298 0.9999729 0.008869886 -0.0034854412 -0.016171813
0.9999762 -0.0024666353 0.006448593 0.0024558455 0.9999955 0.0016931593 -0.006452732 -0.001677297 0.9999779 0.014865577 -0.0034489632 -0.0188542
0.9912689 0.048834063 0.1224792 -0.0643885 0.9898821 0.12644106 -0.11506536 -0.13322334 0.9843838 -0.5936537 0.08282089 1.5210946
0.9999663 -0.0017482347 0.008001953 0.0017231319 0.9999937 0.0031516831 -0.008007407 -0.0031378032 0.9999629 -0.012781262 -0.010202408 -0.001516521
0.99997133 -0.0033668957 0.0068056844 0.0033454937 0.99998933 0.003161369 -0.0068162642 -0.0031385117 0.9999719 0.011341609 -0.007519245 -0.014076084
0.9999846 -0.0013424549 0.0053463737 0.001327245 0.999995 0.0028509758 -0.005350177 -0.0028438363 0.9999816 0.0029995516 -0.005111456 -0.010184079
0.99991614 -0.010499831 0.0075882673 0.010449979 0.9999239 0.006582007 -0.0076567978 -0.0065021664 0.9999495 0.04640864 -0.0031776428 0.018278599
0.999971 -0.0016239467 0.007455416 0.0016088104 0.99999666 0.0020271167 -0.0074586794 -0.0020150654 0.9999703 0.007750094 -0.00202775 -0.016648173
0.9999792 -0.0018632307 0.0061558983 0.0018561415 0.9999977 0.0011669062 -0.006158055 -0.0011554472 0.99998033 0.01344116 -0.0033707619 -0.019502252
1 0 0 0 1 0 0 0 1 0.0071516037 -0.005926609 0.00050503016
0.9988942 -0.04593441 -0.010013126 0.045726866 0.9987525 -0.020063162 0.010921963 0.019583195 0.9997486 -0.07449746 -0.13426256 0.3629396
0.99996835 -0.0026989658 0.0075410455 0.0026766537 0.9999922 0.002971869 -0.007548973 -0.0029515885 0.9999673 0.00012135506 -0.005162239 -0.012096703
1 0 0 0 1 0 0 0 1 -0.005659044 0.02355051 -0.026878715
0.9969764 -0.06409177 -0.04393953 0.06423156 0.9979334 0.0017772987 0.04373488 -0.004594244 0.9990326 -0.03326869 -0.025007248 0.6079606
0.9999772 -0.0023150863 0.006346632 0.0023043072 0.9999959 0.0016953312 -0.0063505247 -0.001680661 0.9999784 0.0147842765 -0.0030560493 -0.018978417
1 0 0 0 1 0 0 0 1 -0.06728339 -0.007205963 -0.05581528
0.9979667 -0.03185366 -0.055209592 0.033818904 0.99881375 0.03503503 0.05402808 -0.03683096 0.99786 -0.29346037 -0.05533552 0.8634335
1 0 0 0 1 0 0 0 1 -0.40067482 -0.25053644 0.4421705
0.99997765 -0.0022238425 0.0062744357 0.0022146427 0.99999636 0.0014528763 -0.0062776506 -0.0014389455 0.99997914 0.014350072 -0.0043435097 -0.019673765
0.9999791 -0.0023654038 0.0059892945 0.002353983 0.99999523 0.0019007921 -0.005993761 -0.0018866565 0.99998015 0.013495024 -0.0005517006 -0.016820788
1 0 0 0 1 0 0 0 1 0.00031346083 0.0007019043 -0.026549578
0.99997336 -0.0031875074 0.006585758 0.003166101 0.99998987 0.003267929 -0.006596096 -0.0032469854 0.99997306 0.009897694 -0.010328293 -0.014810026
0.9999733 -0.002780859 0.0067470223 0.0027679135 0.99999416 0.0019196589 -0.0067523047 -0.0019009309 0.99997544 0.015851587 -0.0051026344 -0.019247651
1 0 0 0 1 0 0 0 1 0.015547156 -0.0121907 0.008601785
0.999988 -0.0021641552 0.004312843 0.0021494254 0.99999195 0.0034213215 -0.004320115 -0.0034120455 0.99998486 -0.004772544 -0.010554314 -0.006360829
0.9970396 -0.05913411 -0.049147047 0.058777615 0.9982335 -0.008667707 0.04957278 0.0057531 0.99875396 -0.0803411 -0.06051731 0.5493034
0.9999684 -0.0030219099 0.007373556 0.0029957537 0.9999894 0.003553506 -0.0073842136 -0.0035313051 0.99996656 0.0082630515 -0.007814407 -0.012391508
0.9999613 -0.0042732405 0.007671684 0.004259138 0.99998915 0.0018647015 -0.0076795667 -0.0018319376 0.9999688 0.007897615 -0.022130966 -0.020303667
0.99876106 0.04962206 0.0037864223 -0.049596623 0.99874806 -0.006518334 -0.0041052103 0.0063222647 0.9999717 -0.72970605 -0.45271158 0.35047328
0.99994296 -0.004476911 0.009715974 0.0044528283 0.999987 0.0024934486 -0.009727038 -0.002450035 0.99994963 0.014081769 -0.002129078 -0.016572237
0.99998116 -0.0020669212 0.0057565793 0.0020584883 0.9999969 0.0014973693 -0.005759638 -0.0014855117 0.99998254 0.014040887 -0.0027976036 -0.018544495
0.9999544 -0.0028752554 0.009096257 0.00286005 0.9999943 0.0016712784 -0.009101018 -0.0016451855 0.9999572 0.013650648 -0.0030517578 -0.021099687
1 0 0 0 1 0 0 0 1 0.016025066 0.0043726563 -0.027274191
1 0 0 0 1 0 0 0 1 0.015004873 -0.0033137202 -0.05730605
1 0 0 0 1 0 0 0 1 -0.052907467 0.030656815 0.1908083
0.99997866 -0.001972981 0.006243501 0.001963055 0.9999967 0.0016139895 -0.0062466636 -0.0016016997 0.99997926 0.011438176 -0.0014863014 -0.016867757
0.9999759 -0.0026632147 0.0063679963 0.0026539424 0.99999505 0.0014702976 -0.006371841 -0.0014534034 0.9999787 0.016431063 -0.0013618469 -0.018866658
0.9999756 -0.0026070995 0.006444633 0.0025805652 0.9999882 0.0041167047 -0.0064552873 -0.004099982 0.9999705 -0.008542627 -0.0097436905 -0.0044167936
0.9999889 -0.0011618473 0.004572455 0.0011505944 0.9999961 0.002471534 -0.0045753084 -0.0024662432 0.9999865 0.007029325 -0.0014169216 -0.009550393
0.9998803 -0.0031599598 0.015141964 0.0031151846 0.99999076 0.0029896386 -0.0151512325 -0.002942089 0.99988085 0.013111651 -0.008584976 -0.0010831356
0.9999745 -0.0031711832 0.0064102933 0.0031563395 0.99999255 0.002316949 -0.0064176098 -0.0022966582 0.9999767 0.013428837 -0.008944035 -0.016242623
0.9999814 -0.0013159956 0.005950555 0.0013097092 0.99999845 0.0010637008 -0.0059519485 -0.0010558814 0.99998176 0.013681985 -0.0008788109 -0.020117342
1 0 0 0 1 0 0 0 1 0.030013561 -0.019208282 0.02454257
0.9999793 -0.0025809659 0.0058999956 0.0025702193 0.9999954 0.0018127635 -0.0059046596 -0.0017975047 0.999981 0.01581037 0.0045485497 -0.016941011
0.9954076 -0.09173363 -0.02736697 0.09187549 0.99576247 0.003972158 0.02688665 -0.0064682513 0.99961764 0.18676376 0.05743122 0.57535446
1 0 0 0 1 0 0 0 1 -0.020601392 -0.009455681 -0.020325422
1 0 0 0 1 0 0 0 1 -0.021106184 -0.03634739 -0.03851366
0.9999791 -0.0028338984 0.0058401525 0.0028225349 0.99999416 0.0019528978 -0.0058456697 -0.0019363649 0.99998105 0.016216144 -0.0006623268 -0.01656133
0.9999764 -0.0032470974 0.0060570836 0.0032276497 0.9999895 0.0032173395 -0.006067466 -0.0031977184 0.99997646 0.012066573 -0.0044608116 -0.013383865
1 0 0 0 1 0 0 0 1 -0.08386612 0.03900528 0.13942903
0.99998015 -0.0023492023 0.0058259666 0.0023392956 0.9999958 0.0017057229 -0.0058299378 -0.0016920604 0.9999815 0.01476825 -0.0028467178 -0.018751383
0.99997455 -0.002780818 0.0065438924 0.0027671417 0.9999937 0.0020819902 -0.006549643 -0.0020638593 0.9999765 0.014914874 -0.0011334419 -0.017374992
1 0 0 0 1 0 0 0 1 0.5862055 -0.73785496 0.53836656
0.9999783 -0.0023694288 0.006165766 0.0023615607 0.99999654 0.0012779459 -0.006168776 -0.0012633353 0.99998015 0.014202245 0.0006661415 -0.019219518
0.99998164 -0.002203521 0.005657602 0.0021941923 0.99999624 0.0016532093 -0.0056612305 -0.0016407594 0.9999826 0.014430955 -0.0033268929 -0.018266976
1 0 0 0 1 0 0 0 1 -0.06060624 -0.004767418 -0.05664049
1 0 0 0 1 0 0 0 1 -0.36305714 -0.20626497 0.45302486
0.9999691 -0.0009509097 0.0077837557 0.00093589 0.9999976 0.001947593 -0.0077855736 -0.0019402392 0.99996793 0.0017290115 -0.013364553 -0.015054166
0.9999909 -0.0028961746 0.0031308401 0.0028854297 0.99998975 0.0034495331 -0.003140809 -0.0034404434 0.9999892 0.0033891797 -0.02042389 -0.015988693
0.9999772 -0.0019449577 0.006454684 0.001936721 0.99999726 0.0012753997 -0.0064571276 -0.0012628604 0.9999785 0.012537867 -0.0022091866 -0.01984346
0.99772894 -0.059473425 -0.03162673 0.05985129 0.9981454 0.0111362785 0.030905768 -0.013003841 0.99943787 -0.032011986 -0.017141819 0.648378
0.99997795 -0.0012940709 0.006535135 0.0012885956 0.99999857 0.00084248185 -0.0065362006 -0.0008340776 0.9999783 0.012122616 0.0011947155 -0.02176094
0.99997944 -0.0020918516 0.006068811 0.0020833728 0.9999969 0.0014032675 -0.006071776 -0.0013905913 0.9999805 0.014592171 -0.0040335655 -0.019706726
1 0 0 0 1 0 0 0 1 -0.008915186 -0.0380888 0.014964849
1 0 0 0 1 0 0 0 1 -0.0029599667 0.002430439 -0.0010358095
0.9999953 -0.00086700637 0.0030022468 0.00086244475 0.9999987 0.0014929995 -0.0030035488 -0.0014903955 0.99999434 0.0092638135 -0.0062782764 -0.010492235
0.9999777 -0.0014892295 0.0065210387 0.0014823902 0.9999985 0.0010528062 -0.0065225884 -0.0010431316 0.99997807 0.011962082 -0.006362915 -0.020893365
0.99997604 -0.0021291624 0.0065806443 0.002118098 0.9999964 0.0016827984 -0.0065842113 -0.0016688192 0.99997693 0.013183624 -0.0051527023 -0.019031048
0.9999911 0.0007625222 0.0041484237 -0.00075921416 0.99999946 -0.000783056 -0.00414899 0.0007800013 0.99999124 0.007902861 -0.0018157363 -0.031116843
0.9999648 -0.002303773 0.008063324 0.0022917748 0.9999963 0.0015068874 -0.008066751 -0.0014883652 0.9999664 0.014316052 -9.894371E-05 -0.018551797
0.99997866 -0.002383071 0.0060819257 0.002374721 0.9999964 0.0013803169 -0.0060851914 -0.0013658255 0.99998057 0.014145672 0.0013899803 -0.018544137
1 0 0 0 1 0 0 0 1 -0.022519112 -0.0018177032 0.034447104
0.9999779 -0.0020844305 0.0062846467 0.00207518 0.9999966 0.0014635809 -0.0062876865 -0.0014504977 0.99997896 0.012677789 -0.002486229 -0.02015227
0.99997437 -0.0031318727 0.006453939 0.0031191448 0.9999932 0.001960219 -0.006460041 -0.0019400315 0.99997723 0.017062008 -0.0074505806 -0.020365357
1 0 0 0 1 0 0 0 1 0.037665635 -0.0045428276 -0.028358638
0.99997073 -0.0027675743 0.007108137 0.002753508 0.999994 0.0019810759 -0.0071135815 -0.0019614622 0.99997276 0.014585912 -0.0013861656 -0.017384708
0.99997306 -0.0017887428 0.0071204007 0.001781669 0.9999979 0.0009960672 -0.0071220994 -0.0009833472 0.99997413 0.0137832165 0.0017802715 -0.020413399
1 0 0 0 1 0 0 0 1 -0.024310231 -0.004776716 -0.01390183
0.99998134 -0.0023783776 0.0055968575 0.002369277 0.9999957 0.0016440712 -0.005600746 -0.0016307943 0.99998295 0.014466226 -0.0004453659 -0.017445624
0.99997425 -0.002656283 0.0066614673 0.0026449144 0.999995 0.0017154976 -0.006666001 -0.001697836 0.9999762 0.008889988 -0.005367756 -0.016825259
0.99983644 0.00012941286 -0.018075736 1.7683953E-05 0.99996686 0.008137005 0.018076245 -0.008135819 0.99980336 -5.1259995E-05 -0.00077962875 -0.07672867
