0.99999905 0.000715643 0.0013396814 -0.00071576756 0.9999997 7.9552876E-05 -0.0013396218 -8.051866E-05 0.9999992 -0.0028532147 -0.00075006485 0.0032539964
0.99999887 0.0007684459 0.0012692958 -0.0007685438 0.9999997 7.146038E-05 -0.0012692325 -7.244013E-05 0.99999917 -0.003722623 0.00050878525 0.003400743
0.9999979 0.0018573403 -0.00072169304 -0.0018599927 0.9999907 -0.0038284361 0.0007146001 0.0038298666 0.99999213 -0.0036724806 -0.0021800995 -0.030186713
1 0 0 0 1 0 0 0 1 -0.017109632 -0.0007534027 0.0016018748
1 0 0 0 1 0 0 0 1 0.010241151 0.0028352737 0.008413851
0.9999998 0.00065659254 -0.0002789013 -0.0006564482 0.9999997 0.00040003937 0.00027916953 -0.00039985008 0.9999999 -0.0006453991 -0.005428791 0.0075196624
0.9998504 0.017276645 -0.0010467321 -0.017283857 0.9998243 -0.007282883 0.00092074275 0.007299915 0.99997306 -0.14388898 -0.013822556 -0.05612254
0.9999985 0.00083450647 0.0014090985 -0.0008346294 0.9999994 6.1865896E-05 -0.001409024 -6.30673E-05 0.9999991 -0.0039156824 0.0013318062 0.003648162
0.9999992 0.0009925489 0.0010309797 -0.0009926807 0.9999996 0.00013118051 -0.0010308409 -0.00013219565 0.9999994 -0.0036447346 -0.0005378723 0.0038524866
0.99999917 0.0003557857 0.0011331439 -0.00035636406 0.9999999 0.0005548075 -0.0011329725 -0.00055523217 0.9999993 2.6613474E-05 -0.005179405 0.0066313148
0.9999989 0.0008540001 0.001117466 -0.0008539594 0.9999997 -1.9907951E-05 -0.0011174809 1.8958002E-05 0.99999934 -0.0042816326 0.00087213516 0.0021640658
0.99999905 0.0007690409 0.0011124592 -0.0007689767 0.9999999 4.5716763E-05 -0.0011124196 -4.656613E-05 0.9999994 -0.0031486005 0.0008788109 0.0034883618
0.9999988 0.0007656475 0.0014199689 -0.00076568336 0.99999976 6.8992376E-05 -0.0014199205 -7.008016E-05 0.99999905 -0.003104113 0.00021028519 0.0034445524
1 0 0 0 1 0 0 0 1 -0.009078085 0.0012788773 0.0055623055
0.9999989 0.00086544873 0.0011819974 -0.0008655663 0.99999976 0.00017611496 -0.0011818185 -0.00017713755 0.99999946 -0.003065288 -0.00023269653 0.00443995
1 0 0 0 1 0 0 0 1 0.0009281635 0.00018906593 -0.0041580796
1 0 0 0 1 0 0 0 1 0.00860256 0.008420467 0.0074284077
0.9999987 0.0009944207 0.0010741204 -0.0009947433 0.9999995 0.0002956707 -0.0010738373 -0.00029673893 0.99999946 -0.0037044585 -0.001335144 0.0050511956
0.9999977 0.0009501172 0.0019145356 -0.00095007254 0.99999964 2.1718442E-06 -0.0019145301 -3.9823353E-06 0.9999982 -0.004589647 0.0010581017 0.0029875636
0.9999983 0.00084784976 0.0015347302 -0.00084775523 0.9999995 2.2269785E-05 -0.0015347041 -2.3584813E-05 0.99999875 -0.0047883987 0.0020990372 0.0035210252
1 0 0 0 1 0 0 0 1 -0.014062166 0.045794487 0.0043979883
0.9999987 0.0009790413 0.0011926768 -0.000979149 0.99999946 9.3989074E-05 -0.0011925828 -9.5166266E-05 0.99999934 -0.0031818221 -0.00076818466 0.0035478473
0.99999946 0.00065041566 0.00040525198 -0.0006503654 0.9999994 -0.00011783093 -0.00040525198 0.00011764653 0.99999994 0.00048677996 0.0064811707 0.0047475696
0.99999785 0.000797404 0.0017267615 -0.0007975809 0.9999996 0.00015767664 -0.0017266124 -0.00015901774 0.9999983 -0.0044252276 0.00063705444 0.0043092966
0.99999905 0.00058667804 0.0013969727 -0.00058693206 0.99999994 0.00017610192 -0.0013968758 -0.00017691404 0.999999 -0.002889976 -0.0006933212 0.0038942099
0.99988997 0.014848009 -0.00019845366 -0.014845863 0.99985915 0.007834494 0.00031486154 -0.007830575 0.9999696 0.00793004 -0.06539202 -0.0063733757
0.99972266 -0.016602382 -0.016699776 0.016483948 0.99983823 -0.0072005987 0.016816571 0.0069233477 0.99983454 0.06604093 -0.015624046 -0.041337013
1 0 0 0 1 0 0 0 1 -0.0036654472 -0.0065717697 0.009577274
0.99999887 0.0012518708 0.001093775 -0.0012518531 0.9999993 3.2169046E-05 -0.0010937154 -3.3527147E-05 0.99999946 -0.0041389763 0.00016498566 0.003738463
0.9999987 0.0008778564 0.0013676011 -0.00087809784 0.9999998 0.0001269877 -0.0013674917 -0.00012818538 0.99999905 -0.002724588 -0.00042581558 0.0039735436
0.9999989 0.00089124485 0.0013025422 -0.0008913174 0.9999995 1.3187528E-05 -0.0013025329 -1.4360994E-05 0.99999934 -0.0047972053 0.0011281967 0.0031480193
1 0 0 0 1 0 0 0 1 0.0014615059 0.012099743 0.010762479
0.9999989 0.00064856664 0.0012657642 -0.00064883893 0.99999964 0.0001937896 -0.0012656264 -0.00019461289 0.9999992 -0.0031675547 -0.00048017502 0.0041624904
0.9999989 0.0006345824 0.0012130272 -0.00063473964 0.9999995 0.00014104322 -0.0012129322 -0.0001418665 0.9999991 -0.0029394776 -0.0012688637 0.0038207173
0.99999833 0.0008683356 0.001508195 -0.00086891605 0.9999995 0.00038546324 -0.0015078485 -0.00038677454 0.9999988 -0.0038258284 0.00025129318 0.00679332
0.9999991 0.0004009027 0.0014465004 -0.00040107686 0.99999994 0.00017102808 -0.0014463961 -0.00017161667 0.99999905 -0.0024239123 -0.000667572 0.0032461286
0.99999887 0.00073253375 0.0012070574 -0.00073269807 0.99999964 9.910762E-05 -0.0012069885 -9.997934E-05 0.9999991 -0.003821671 -0.0005464554 0.003541261
1 0 0 0 1 0 0 0 1 -0.0010302067 0.011728764 -0.0006952286
1 0 0 0 1 0 0 0 1 0.0060744286 -0.023381472 0.013437033
0.99999917 0.000500359 0.0010508634 -0.0005004594 0.99999976 0.0001834603 -0.001050774 -0.00018399116 0.9999996 -0.0031485856 -0.0029320717 0.0037554502
0.999998 0.00020692497 0.0021022111 -0.00020725839 0.99999994 0.00026203692 -0.0021021664 -0.00026243925 0.9999979 -0.0014505386 0.000688076 0.0055423975
0.9999324 -0.007946521 -0.008522697 0.00796818 0.9999652 0.0025210977 0.008502327 -0.0025889874 0.9999608 0.03526038 0.010123253 0.034920692
0.9999994 0.00095526874 -0.00019359589 -0.00095528364 0.9999995 0.00040775537 0.00019389391 -0.00040756166 0.9999998 -0.001653254 0.00024604797 0.006522
0.9999989 0.0008254856 0.0012149541 -0.00082548213 0.9999996 5.7738274E-05 -0.0012149103 -5.8759004E-05 0.99999934 -0.0035700798 6.341934E-05 0.003037691
0.99999875 0.00080439774 0.0014455616 -0.0008043009 0.9999997 6.472692E-05 -0.0014455467 -6.588176E-05 0.9999989 -0.0037782788 0.0011835098 0.003539145
0.9999983 0.0008501951 0.0015131459 -0.0008506232 0.9999995 0.00026359782 -0.0015129261 -0.0002648849 0.99999887 -0.0057545677 0.0010342598 0.006160617
0.99999905 0.00088001473 0.0011239499 -0.00088011916 0.9999994 0.00011822209 -0.001123853 -0.00011923164 0.9999994 -0.0036598444 -0.0005197525 0.0037235022
1 0 0 0 1 0 0 0 1 -0.0041008294 0.00028896332 9.393692E-05
1 0 0 0 1 0 0 0 1 0.0074356794 0.0026664734 -0.0071071982
0.99999857 0.0010143477 0.0009346949 -0.0010143791 0.9999993 4.58844E-05 -0.00093464274 -4.6838075E-05 0.99999946 -0.0043535233 -0.00040578842 0.00350219
0.9999992 0.0005960043 0.0010731578 -0.0005960422 0.99999976 0.00014149398 -0.0010730744 -0.00014213473 0.99999934 -0.0037386417 -0.0011732578 0.0038961768
1 0 0 0 1 0 0 0 1 0.013922095 0.0012493134 0.0026980042
0.9999983 0.00084424147 0.0016922764 -0.00084439246 0.99999976 5.8948994E-05 -0.0016922206 -6.0349703E-05 0.9999984 -0.0043746084 -2.0980835E-05 0.004340172
0.9999992 0.00060690235 0.0005348709 -0.0006072037 0.9999997 0.00026909262 -0.00053471304 -0.00026942417 0.9999998 -0.000739336 -0.0020580292 0.0050320625
0.9999996 0.0007357382 0.0010101469 -0.00073596765 0.9999998 0.00019219657 -0.0010100035 -0.00019293977 0.99999946 -0.0013883114 -0.00071144104 0.0047278404
0.99999803 0.00072782795 0.0018502772 -0.00072815595 0.9999996 0.00016981503 -0.001850158 -0.00017115986 0.9999984 -0.008815261 -0.0015702248 0.005289167
0.99999917 0.000627617 0.0008761659 -0.00062767183 0.99999964 0.00015310757 -0.00087608397 -0.00015366077 0.99999946 -0.0041437745 -0.0049858093 0.0040000677
1 0 0 0 1 0 0 0 1 -0.0061547756 -0.0066030025 4.184246E-05
0.99999917 0.0005238968 0.0013662755 -0.0005239854 1 0.00015729293 -0.0013661932 -0.00015800446 0.9999992 -0.0025371239 -0.00096845627 0.0038700104
0.99999875 0.00077720266 0.0013793036 -0.0007775165 0.99999946 0.00021062791 -0.0013791397 -0.0002117306 0.99999905 -0.0040513575 0.00021266937 0.0044944882
0.9999998 0.000408 0.0005781092 -0.0004079542 0.9999998 0.00019257469 -0.00057804585 -0.0001928038 0.9999999 -0.0029126406 -0.008976221 0.004293382
0.9999984 0.0007918831 0.0016416386 -0.0007923185 0.9999997 0.00023400784 -0.0016414598 -0.00023530051 0.9999985 -0.0032435618 -0.00013160706 0.0052251816
1 0 0 0 1 0 0 0 1 0.016850293 0.016497135 0.010239811
0.9999986 0.0009068458 0.0013701115 -0.0009069238 0.9999996 0.000115510076 -0.0013700053 -0.00011675432 0.99999905 -0.0030032694 3.2424927E-05 0.0040776134
1 0 0 0 1 0 0 0 1 0.019146979 0.0040102005 -0.0029671788
0.9999645 0.006116301 0.0057997257 -0.006063398 0.9999404 -0.009095192 -0.0058550537 0.009059757 0.99994177 -0.058872223 0.011626244 -0.072288126
0.99999857 0.00084127847 0.0013565868 -0.00084133574 0.99999964 2.6959926E-05 -0.0013565645 -2.8094277E-05 0.9999991 -0.0046965666 0.0010433197 0.0034044385
0.9999986 0.0010584345 0.0012274086 -0.0010586305 0.99999934 7.374957E-05 -0.0012273304 -7.50497E-05 0.9999992 -0.0039826334 -4.386902E-05 0.0035556555
0.99999815 0.0010151106 0.0015467433 -0.0010152996 0.99999934 7.772818E-05 -0.001546666 -7.929653E-05 0.99999875 -0.004206449 0.0008997917 0.0036211014
0.9999986 0.0007840345 0.0013653748 -0.0007842473 0.9999997 0.00012436323 -0.0013652705 -0.0001254268 0.99999905 -0.0039009154 -0.00043582916 0.003759265
1 0 0 0 1 0 0 0 1 0.0007760525 0.004673958 0.0021567345
0.9999991 0.0008604897 0.00100182 -0.00086060865 0.9999997 0.00012078695 -0.0010017157 -0.00012165122 0.9999995 -0.0026477575 -0.0010690689 0.003817737
0.99999845 0.0010349303 0.0014098547 -0.0010351286 0.9999993 0.0001417175 -0.0014097169 -0.00014320016 0.9999991 -0.0034088753 -4.2438507E-05 0.0042840242
0.9999997 0.0003011811 0.0003460534 -0.00030123326 0.9999998 8.7518245E-05 -0.0003460385 -8.762255E-05 1 -0.0016970038 -0.0054023266 0.003136754
0.9999986 0.0008733464 0.0014210632 -0.0008734054 0.99999976 9.775162E-05 -0.0014209766 -9.899214E-05 0.9999991 -0.0033099498 -0.00051116943 0.0036169887
1 0 0 0 1 0 0 0 1 0.0053389072 0.0062553883 0.0014523268
0.999999 0.0006531661 0.0013422966 -0.00065320544 0.9999999 3.4745783E-05 -0.0013422817 -3.561005E-05 0.999999 -0.0034573376 0.00070762634 0.003091216
1 0 0 0 1 0 0 0 1 -0.009605408 -0.004491806 0.030342698
0.9999937 0.0034453496 0.0008686632 -0.003444448 0.99999344 -0.0011318922 -0.0008725524 0.0011289567 0.9999989 -0.027457118 -0.0021767616 0.0037084222
0.99998945 -0.0007482283 0.004488766 0.00075956807 0.9999964 -0.0025295764 -0.0044869184 0.002532974 0.99998677 0.022701502 -0.013454795 -0.034145474
0.9999988 0.00086860976 0.0014017429 -0.0008688945 0.9999996 0.00018602517 -0.0014015734 -0.0001872452 0.999999 -0.003876347 0.00040340424 0.004603684
0.9999998 0.00017360871 0.00017011352 -0.00017365796 0.9999998 -0.00016905367 -0.00017015263 0.00016901642 0.99999994 0.0004631281 -0.0069408417 0.0011760294
0.99999917 0.00051653804 0.0011742115 -0.00051662285 0.99999964 5.589612E-05 -0.0011741668 -5.6500547E-05 0.9999993 -0.0048549958 -0.0019135475 0.0026861131
0.999931 0.0116555095 0.001638636 -0.011635736 0.99986506 -0.011591077 -0.001773566 0.011571497 0.99993145 -0.08703354 -0.03697729 -0.081086874
0.9999994 0.0006550915 0.000823617 -0.00065517984 0.9999997 0.000256015 -0.00082345307 -0.00025654305 0.9999995 -0.0016003251 -0.0028147697 0.004594505
0.999997 0.002064249 -0.0012496486 -0.002065148 0.99999744 -0.00073960796 0.0012481213 0.0007421784 0.9999989 -0.01031512 0.01153183 -0.0047291517
0.9999986 0.0008560369 0.0014149025 -0.00085622736 0.9999998 0.000105362386 -0.0014148355 -0.000106558204 0.9999989 -0.004216343 0.0006971359 0.0038506389
1 0 0 0 1 0 0 0 1 0.00037837029 -0.0007247925 -0.005941689
0.99999857 0.00077496516 0.0015161708 -0.00077518215 0.9999999 0.00016359985 -0.0015160367 -0.00016476214 0.9999988 -0.003182441 -0.00023937225 0.0041906834
0.99999857 0.0007732166 0.001482904 -0.0007733046 0.9999995 9.01185E-05 -0.0014828146 -9.128824E-05 0.9999989 -0.0036292374 0.00078344345 0.0037301183
1 0 0 0 1 0 0 0 1 -0.0050505996 0.0071496964 0.0056843758
1 0 0 0 1 0 0 0 1 0.022043318 -0.019257545 0.023862243
0.99999833 0.0010073123 0.0015483238 -0.0010074647 0.9999996 0.00010467321 -0.0015482046 -0.0001062341 0.99999887 -0.0033162758 0.00020885468 0.0039885044
1 0 0 0 1 0 0 0 1 -0.0067546368 -0.011883736 -0.0056020916
0.99999887 0.0007088758 0.0012856722 -0.0007093251 0.9999996 0.00038014865 -0.001285404 -0.00038106227 0.9999991 -0.004371494 -0.0049185753 0.0069782436
0.99999887 0.0006550583 0.0013585761 -0.000655232 0.9999998 0.00013606809 -0.0013584942 -0.00013694353 0.99999905 -0.0034648776 -0.00026202202 0.0041611195
0.99999887 0.00063069025 0.0013023242 -0.0006311402 0.99999964 0.00030499604 -0.001302138 -0.00030582398 0.9999991 -0.0012845397 -0.001065731 0.005477518
0.9999985 0.0007179142 0.0013214946 -0.0007180902 0.9999999 8.079782E-05 -0.0013214797 -8.174777E-05 0.99999905 -0.0016402602 -0.0013837814 0.0033683479
0.9999989 0.00065344234 0.0013823044 -0.00065362663 0.99999994 9.9122524E-05 -0.001382241 -0.00010000914 0.999999 -0.0036956072 -0.00023984909 0.003595531
0.9999988 0.00066247233 0.0014091879 -0.00066256104 0.99999976 9.879097E-05 -0.001409106 -9.9722296E-05 0.999999 -0.0044047683 -0.0003862381 0.0036916733
0.9997974 -0.013406485 -0.015010655 0.013401717 0.99990994 -0.00042456388 0.015015215 0.00022341311 0.9998874 0.047524273 0.00815773 0.011749029
0.99999905 0.0005744778 0.00125896 -0.0005746016 0.9999998 0.00015543774 -0.0012588706 -0.00015615858 0.9999991 -0.003045231 -0.0005836487 0.0038195252
0.9999989 0.0009608783 0.0012633614 -0.00096093543 0.9999997 9.880215E-05 -0.0012632571 -0.00010001473 0.99999934 -0.0031088516 -9.202957E-05 0.0038981438
0.99999905 0.0007800113 0.0012435759 -0.000779935 0.9999997 -0.00013405457 -0.0012436775 0.00013307482 0.9999993 -0.00085934997 0.0013790131 0.001347959
0.99999774 0.0014306214 0.001409553 -0.0014312603 0.9999986 0.00040685758 -0.0014089197 -0.0004088953 0.9999989 -0.00646019 -0.00054836273 0.0037314892
0.99999875 0.0005091818 0.0013508275 -0.0005095595 0.99999994 0.00024046935 -0.0013507018 -0.00024115108 0.99999917 -0.0022528172 -0.0017127991 0.004546225
0.99999946 0.00076128135 0.00075231865 -0.0007612165 0.99999994 -5.2416697E-05 -0.00075237453 5.1839277E-05 0.9999997 -0.005028188 -0.0018019676 0.0020352602
0.9999993 0.00073760166 0.0009167865 -0.0007377354 0.99999964 0.00017716666 -0.00091665983 -0.00017784256 0.9999997 -0.0014702082 -0.00084114075 0.004929334
0.9999996 0.0008191834 0.0009648949 -0.0008193173 0.9999999 0.00012426637 -0.00096476823 -0.00012505241 0.99999964 -0.0028220862 -0.00088739395 0.0041700006
1 0 0 0 1 0 0 0 1 -0.06473613 -0.016707897 0.06560731
1 -0.0004176041 -3.606081E-06 0.00041741767 0.9999998 0.00022652466 3.516674E-06 -0.00022651348 1.0000001 0.008696556 0.008912221 0.0063027143
0.9995372 0.010769285 -0.028446563 -0.010269128 0.99979115 0.017670766 0.028630853 -0.017370537 0.99943876 0.00028949976 -0.07918787 0.0970079
0.999953 0.0024054348 -0.009378247 -0.0024260879 0.9999945 -0.0021918602 0.009372927 0.0022145137 0.9999536 0.0030469894 -0.005839348 -0.010242555
0.99999857 0.0007371248 0.001422856 -0.000737475 0.9999995 0.00013655052 -0.0014227536 -0.00013760477 0.9999989 -0.0037088702 0.00017118454 0.003828466
1 0 0 0 1 0 0 0 1 -0.02059722 -0.021016598 0.008516073
0.99999857 0.0008419934 0.0014737695 -0.00084201293 0.9999995 8.621439E-05 -0.0014736876 -8.748472E-05 0.999999 -0.0044807866 0.00092840195 0.0040588975
0.9999991 0.00084471545 0.0011196123 -0.0008447647 0.9999997 3.2451004E-05 -0.0011195819 -3.33786E-05 0.9999994 -0.003586378 0.000330925 0.0033921003
0.9999989 0.00088956393 0.0009408742 -0.000889617 0.99999964 0.000107228756 -0.0009407401 -0.000108059496 0.9999995 -0.0028241277 0.00057792664 0.0038949847
0.99999905 0.0007230444 0.0009900122 -0.0007232818 0.9999994 0.00020360947 -0.0009898669 -0.00020433962 0.99999934 -0.0023823977 -0.0009174347 0.0043852925
1 0 0 0 1 0 0 0 1 -0.009181142 -0.0112063885 0.0043367147
0.9999989 0.0007972373 0.0011889003 -0.00079742714 0.9999996 0.00012234226 -0.0011888184 -0.0001232978 0.99999934 -0.002479151 -0.001209259 0.004360676
1 0 0 0 1 0 0 0 1 0.010529876 0.011198521 0.000400424
1 0 0 0 1 0 0 0 1 0.00019311905 -0.00289011 -0.011611104
0.999987 0.0018469989 -0.0047583766 -0.0018904805 0.99995667 -0.009112546 0.004741392 0.009121407 0.9999472 -0.032455534 -0.027971745 -0.06580162
1 0 0 0 1 0 0 0 1 -0.011986524 0.00094890594 0.020983458
0.99999624 -0.00025879126 -0.0026962012 0.00026243832 0.9999989 0.0014121607 0.0026957989 -0.0014128797 0.9999954 -0.0035595298 0.004627228 0.008460522
0.9999983 0.0010040954 0.0014312528 -0.0010043108 0.99999917 9.544566E-05 -0.0014311448 -9.69097E-05 0.999999 -0.0045531243 0.001303196 0.0037944913
0.999999 0.00063415524 0.0011713132 -0.00063426327 0.9999998 8.40351E-05 -0.0011712611 -8.476898E-05 0.99999917 -0.0033232197 -0.0003838539 0.0034192204
1 0 0 0 1 0 0 0 1 0.0015692711 -0.009344101 -0.009828461
0.999995 0.0005960772 -0.003153354 -0.00059315935 0.9999995 0.0009460673 0.0031539053 -0.0009442121 0.9999946 2.771616E-05 -0.0074949265 0.016072016
0.99999905 0.0012933612 -0.00029081106 -0.001293296 0.9999991 0.0002775304 0.0002911389 -0.00027712062 1 -0.0036131442 0.0010280609 0.006128341
0.99999905 0.0005207828 0.0013643205 -0.00052108243 0.9999998 0.00015809387 -0.0013642497 -0.00015880167 0.99999905 -0.0022972692 -0.0010848045 0.004033923
0.9999996 0.00029931578 0.00073573366 -0.00029972894 0.9999998 0.00053755566 -0.00073557347 -0.0005377643 0.9999995 -0.0033922195 -0.009804726 0.005805999
0.44254655 -0.14513761 -0.8849224 0.097893134 0.98873687 -0.11320844 0.8913864 -0.036527693 0.4517701 -0.8043184 0.2699101 2.3277056
0.18385193 -0.36763617 0.9116153 -0.41398358 0.81219935 0.41103494 -0.89152473 -0.4529634 -0.0028711786 -1.825006 -1.0095135 -0.18000978
0.9999991 0.00031287083 0.0013182946 -0.0003130557 0.9999999 0.00014062226 -0.0013182536 -0.0001410693 0.9999992 -0.0018585324 -0.00072693825 0.0036346316
0.99999964 0.0003464569 0.000843592 -0.0003468215 0.99999994 0.00045322627 -0.0008434206 -0.00045353174 0.9999996 -0.0013694763 -0.0063922405 0.005776733
1 0 0 0 1 0 0 0 1 -0.0028407574 0.0033388138 -0.00593102
1 0 0 0 1 0 0 0 1 0.0070343018 -0.017721176 0.008062243
0.99999833 0.0008822582 0.0016590655 -0.0008824824 0.9999995 0.00017566234 -0.0016589239 -0.00017716736 0.99999857 -0.0012062266 -0.00093889236 0.0052003264
1 0 0 0 1 0 0 0 1 0.0015896559 -0.0055681765 -0.005962491
0.99999905 -0.00030094857 -0.0013990924 0.00030356098 0.9999986 0.0016671559 0.0013985746 -0.0016675834 0.99999774 0.0057626963 0.021434903 0.020624667
0.9999877 -0.00060541346 -0.004957255 0.0006032424 0.99999976 -0.0004270561 0.004957512 0.0004240647 0.9999878 0.0015033334 0.0002503395 0.016548932
0.9999993 0.00023027835 0.0011393428 -0.00023065275 1 0.00032056868 -0.0011392608 -0.00032085925 0.9999993 -0.0019912422 -0.0033233166 0.004184425
0.99999857 0.00056667184 0.0014752746 -0.0005668083 0.99999964 6.307103E-05 -0.0014752597 -6.3922256E-05 0.999999 -0.0026975274 -0.002073288 0.0042713284
0.99999934 0.00073398533 0.0011428222 -0.00073411386 0.9999998 0.000111820176 -0.001142744 -0.000112657435 0.9999994 -0.0035926849 -0.001136303 0.0040579736
0.9999996 0.0011124164 -0.00028567016 -0.0011123335 0.9999994 0.00029904768 0.00028589368 -0.00029870123 0.9999999 -0.0025927573 0.00033283234 0.0066028237
0.99999875 0.0010689062 0.0012905076 -0.0010691169 0.9999997 0.00013013557 -0.001290366 -0.00013149902 0.9999991 -0.0042119026 0.0006213188 0.004225254
1 0 0 0 1 0 0 0 1 0.00014215708 -0.00032520294 0.0014221072
1 0 0 0 1 0 0 0 1 -0.020533085 -0.01481849 -0.011039972
1 0 0 0 1 0 0 0 1 0.042002678 -0.008747816 -0.021900594
0.9999991 0.00075110234 0.0011214837 -0.0007512891 0.9999996 0.00012920052 -0.001121372 -0.00013006479 0.9999993 -0.0014617592 -0.0014791489 0.0034802556
0.9999987 0.00095881545 0.0012271106 -0.00095897913 0.9999997 8.7032095E-05 -0.0012270436 -8.820556E-05 0.9999991 -0.0035752878 0.0006904602 0.0036703348
0.9999991 0.0007346314 0.0012385473 -0.000734991 0.9999997 0.00015702099 -0.0012384355 -0.0001579281 0.9999993 -0.004101921 -0.0007953644 0.0042630136
1 0 0 0 1 0 0 0 1 -0.0014516115 -0.0065193176 -0.004953563
0.999999 0.00067171454 0.0011924207 -0.0006717574 0.99999964 2.482161E-05 -0.0011923835 -2.5622547E-05 0.9999993 -0.0031606108 0.00044679642 0.0030203462
0.9999738 0.0067012943 0.0027005672 -0.006695945 0.9999754 -0.0019729584 -0.002713725 0.0019547641 0.9999943 -0.05032623 -0.0037164688 -0.014359057
0.999519 -0.027208135 -0.014890373 0.027120069 0.99961376 -0.006083846 0.015050054 0.005677074 0.99987066 0.1594187 -0.0025806427 -0.036966085
0.9999982 0.00080221065 0.0016470859 -0.0008026003 0.99999976 0.00022424385 -0.0016469099 -0.00022554398 0.99999845 -0.0013974812 0.001461029 0.0055329204
1 0 0 0 1 0 0 0 1 0.0024765432 -0.00091171265 0.003584206
0.99999875 0.0010086683 0.0012563281 -0.0010088134 0.9999995 0.00011402182 -0.0012562126 -0.00011528842 0.9999992 -0.0029720962 -7.6293945E-06 0.0039821863
0.9999986 0.0007337127 0.001402095 -0.0007337746 0.9999995 8.315593E-05 -0.0014020279 -8.418597E-05 0.999999 -0.0013986975 -0.0011577606 0.0031543374
0.99999857 -0.0006715134 0.0014689863 0.00066691265 0.9999948 0.0031869262 -0.0014711767 -0.0031859577 0.9999939 0.0015881062 -0.020679235 0.010874137
0.99996877 0.007843673 -0.0011413246 -0.007849067 0.999958 -0.0047742054 0.0011038482 0.0047829896 0.999988 -0.06791452 -0.01576233 -0.032731295
0.9999997 0.0005531241 -1.167506E-05 -0.00055309525 0.9999997 0.0001979433 1.1794269E-05 -0.00019795075 1 -0.0037772655 0.0017166138 0.005015552
0.99999785 0.0006866129 0.002067417 -0.0006875433 0.9999999 0.0004909206 -0.0020669997 -0.0004923083 0.9999978 0.0004446879 -0.0023140907 -0.0018597841
0.9999852 0.00026920676 0.0054492056 -0.00027410474 0.9999995 0.0008777567 -0.0054489374 -0.00087925396 0.99998486 0.00450778 -0.010196924 0.008080766
0.9999984 0.00074941677 0.0014970805 -0.00074959325 0.9999996 0.00012645498 -0.0014969818 -0.0001275707 0.9999989 -0.0028064102 -0.0010681152 0.004082799
0.99999964 -0.00022225222 0.000649035 0.00022191834 0.99999976 0.0006223861 -0.000649184 -0.00062231533 0.9999996 0.000120043755 -0.008963585 0.005354658
0.99999875 0.0008766051 0.0012323633 -0.0008768249 0.9999996 0.00012949295 -0.0012322478 -0.00013057177 0.9999992 -0.003271699 -0.00016498566 0.0040275455
0.9999998 -0.0004613232 -0.0005275607 0.0004615821 0.9999999 0.00058113784 0.0005273074 -0.0005813688 0.99999976 0.011668831 -0.002295494 0.00889796
0.9999991 0.0007215221 0.0013462678 -0.0007214871 0.9999998 9.040907E-05 -0.0013462156 -9.137951E-05 0.99999905 -0.0034012273 0.00022697449 0.0035250187
0.99999917 0.00042802095 0.001215905 -0.00042834086 0.9999999 0.00022666901 -0.0012158304 -0.00022723153 0.9999992 -0.0028302716 -0.0013036728 0.004410565
0.9999993 0.00092809414 0.0007585585 -0.0009281426 0.9999994 0.00017877668 -0.0007583946 -0.00017951056 0.9999998 -0.0025470257 -0.00081443787 0.004811436
0.99999857 0.00061315857 0.0015431009 -0.0006134703 0.99999976 0.00017235428 -0.0015429873 -0.00017330796 0.9999987 -0.0029752553 -0.00022125244 0.0040521026
0.99999386 -0.0010108389 0.0032658577 0.0010187691 0.9999963 -0.002484234 -0.003263235 0.00248757 0.9999913 0.00021162629 -0.011507988 -0.0024837255
1 0 0 0 1 0 0 0 1 -0.005106926 0.00060272217 0.00032234192
0.99999887 0.0006260959 0.0012495574 -0.0006263106 0.99999964 0.00015478581 -0.0012494698 -0.0001555793 0.99999917 -0.0027815811 -0.00046682358 0.0037547946
0.9999876 0.0005009528 0.0049496964 -0.0005118847 0.9999974 0.0022099726 -0.0049486086 -0.0022124778 0.9999852 -0.004805535 -0.0038132668 0.018669963
0.99999905 0.0007081773 0.001052821 -0.0007080742 0.9999996 9.249197E-06 -0.0010528099 -9.995769E-06 0.99999946 -0.0032297224 -0.001552105 0.0053730905
0.99999946 0.00063279225 0.00037242845 -0.0006330748 0.99999946 0.0006240308 -0.0003720522 -0.00062425435 0.9999997 -0.0032914877 -0.011800885 0.0075749755
1 0 0 0 1 0 0 0 1 0.01627624 -0.022243023 -0.012676626
1 0 0 0 1 0 0 0 1 0.011533499 -0.012948036 0.0048722625
0.99999887 0.0008417936 0.0013936684 -0.0008419375 0.99999964 0.00012454763 -0.0013935715 -0.0001257211 0.999999 -0.0038085282 0.0005044937 0.003855884
1 0 0 0 1 0 0 0 1 -0.013797283 -0.016884327 0.017682314
0.9999287 -0.0029892512 -0.011568159 0.0030140057 0.99999315 0.0021227673 0.011561796 -0.002157472 0.9999308 0.0051915646 -0.022953749 0.023328006
1 0 0 0 1 0 0 0 1 -0.004193425 0.0018033981 0.0042613745
1 0 0 0 1 0 0 0 1 -0.021875143 -0.0010666847 -0.0073438883
0.9999989 0.0005494837 0.0015083048 -0.000549795 1.0000001 0.00019436702 -0.0015082099 -0.00019516796 0.9999987 -0.0025335252 -0.0005631447 0.0042330623
0.9999986 0.0007721706 0.0013859179 -0.00077218516 0.99999964 0.000114093535 -0.0013858294 -0.00011516269 0.9999989 -0.003273718 -0.00038051605 0.003945023
0.9999991 0.0006441935 0.0012088418 -0.00064452493 0.99999976 0.00020028651 -0.0012087077 -0.00020106137 0.9999993 -0.002446644 -0.0015392303 0.004235089
0.9999985 0.00073453085 0.001555033 -0.00073481526 0.99999964 0.0001514107 -0.0015549138 -0.00015255809 0.9999989 -0.0036955923 0.00043582916 0.004085779
0.31951183 -0.7538215 -0.574165 0.94731474 0.2685099 0.17463565 0.022524744 -0.5997131 0.7998982 2.972517 7.447281 3.9795477
0.9999981 0.00084008276 0.0017784014 -0.0008403519 0.99999964 0.0001341477 -0.0017782897 -0.00013563782 0.9999984 -0.003057927 -0.002275467 0.0037834048
0.9999991 0.00065416575 0.0014117989 -0.00065454055 1 0.00023745373 -0.0014116429 -0.00023835897 0.9999989 -0.0032091886 -0.0005173683 0.0048362017
0.99999845 0.00060110143 0.0015491582 -0.0006013756 0.9999998 0.00019278005 -0.0015490502 -0.00019370206 0.9999986 -0.0025933478 -0.00041627884 0.0042352676
0.9999986 0.0014386454 0.00068263337 -0.0014386564 0.99999917 -0.00011167675 -0.00068281265 0.00011071563 0.99999964 -0.0072871447 -0.0014820099 0.0028144121
0.9999996 0.00034266268 0.00070943683 -0.0003429046 1 0.00039389357 -0.0007093176 -0.00039414503 0.9999998 -0.00068834424 -0.005492687 0.0043669343
0.9999975 0.0009803046 0.001953274 -0.0009805304 0.99999946 0.00010364503 -0.0019531995 -0.000105559826 0.999998 -0.0034486353 0.0003991127 0.0039827824
0.99999994 0.00046992232 0.0004402697 -0.0004702151 0.9999998 0.00054350775 -0.00044002384 -0.000543721 0.9999998 -0.0024144128 -0.0038030148 0.0072079003
0.9999816 0.0050481036 -0.0034209378 -0.0050730705 0.9999602 -0.007339716 0.0033838004 0.0073569715 0.9999672 -0.051224567 -0.021205902 -0.046854496
-0.28689575 -0.74514383 -0.60203964 -0.45880628 -0.44481102 0.7691815 -0.8409449 0.49689445 -0.21426204 1.9353234 11.918888 -8.114439
0.9999991 0.0007656682 0.0009415746 -0.00076611154 0.9999997 0.0003835112 -0.00094124675 -0.00038422644 0.99999946 -0.0026452541 0.00017738342 0.007426858
0.9999988 0.0006966984 0.0011572093 -0.0006968093 0.99999964 0.00014845654 -0.0011570826 -0.00014926493 0.9999993 -0.0037418753 0.00017762184 0.004126787
0.9999989 0.0006718477 0.0012400746 -0.0006719972 0.99999964 0.00010447949 -0.0012399852 -0.00010532513 0.99999934 -0.003376156 0.0003695488 0.0034357905
0.99999845 0.00066638365 0.0017469525 -0.0006668549 0.9999998 0.0002668053 -0.001746729 -0.00026798993 0.9999986 -0.0036998093 9.393692E-05 0.0045658946
0.999999 0.0007065423 0.0012633018 -0.00070670946 0.9999998 8.095428E-05 -0.0012632422 -8.185208E-05 0.99999934 -0.003408298 -0.00018692017 0.0033689141
0.9999988 0.00048516828 0.0014276435 -0.00048542587 0.9999997 0.00013540685 -0.0014275787 -0.00013610534 0.9999989 -0.0025010556 -0.0009417534 0.003864348
0.99999934 0.00035934336 0.0013475865 -0.00035946397 0.99999994 0.00020423532 -0.0013475195 -0.00020475686 0.99999917 -0.0017625988 -0.0010752678 0.003662467
1 0 0 0 1 0 0 0 1 -0.09691203 0.026410103 0.073325954
0.9999716 -0.0030647404 -0.0068686903 0.0030796789 0.999993 0.002166897 0.0068619847 -0.0021879598 0.9999741 0.020352483 -0.0034885406 0.025312006
0.99999976 0.0006509954 0.0005656406 -0.000651157 0.9999998 0.0001404658 -0.00056552887 -0.00014084578 0.9999999 -0.0020166636 -0.0031485558 0.004432559
1 0 0 0 1 0 0 0 1 0.0034834743 0.0029969215 -0.00065505505
1 0 0 0 1 0 0 0 1 -0.01645422 -0.022633076 0.016488552
0.9998146 -0.007351637 -0.017793775 0.0069529116 0.9997257 -0.02236566 0.017953351 0.022237957 0.9995915 -0.004790008 -0.06360531 -0.15699863
0.9999989 0.0009951723 0.0012004604 -0.0009952278 0.9999996 8.171797E-05 -0.001200377 -8.290261E-05 0.9999992 -0.0036908519 0.00071287155 0.0037875772
0.99999875 0.0008619374 0.0013628304 -0.00086191646 0.9999999 7.0393085E-05 -0.0013627708 -7.155165E-05 0.99999905 -0.0031243023 -0.00030994415 0.0040200353
1 0.0005161539 0.0005223751 -0.0005165078 0.9999997 0.0006251484 -0.0005220771 -0.0006254539 0.9999999 0.004000157 -0.0048499107 0.0053759813
0.9999977 0.0008133955 0.0020163357 -0.0008135985 0.9999998 0.00014484022 -0.0020162165 -0.00014651474 0.999998 -0.0024623065 -0.0008611679 0.0043674707
0.43999273 0.11399239 0.8907368 -0.5904671 0.78405434 0.19133033 -0.6765759 -0.61013484 0.41228703 -1.6575718 0.02941513 1.9886799
0.9999951 0.00014305208 0.0031216815 -0.00014706433 0.99999917 0.0013024546 -0.0031215027 -0.001302911 0.9999943 -0.00047287345 -0.0016908646 0.011352479
0.99999857 0.00073279405 0.001431182 -0.0007329299 0.99999946 7.002987E-05 -0.0014311336 -7.1097165E-05 0.9999991 -0.0022728145 0.00036907196 0.0036958456
0.9999985 0.00031989499 0.0016065389 -0.00032054423 0.99999994 0.00041251723 -0.0016064048 -0.0004130425 0.9999985 -8.559227E-05 0.0028324127 0.0052418113
0.999999 0.00077437307 0.0012543052 -0.0007745943 0.9999998 0.00012636837 -0.0012542009 -0.00012732856 0.99999917 -0.00458943 -0.00068569183 0.0039984584
0.9999986 0.00046382053 0.001417052 -0.000464275 0.9999998 0.00027548522 -0.0014169347 -0.00027613714 0.99999887 -0.0026225746 -0.0027086735 0.0045817494
-0.669078 -0.29161662 -0.6835892 0.7426125 -0.2260071 -0.6304344 0.029349245 -0.9294518 0.36777452 -1.7455543 8.478761 5.343929
0.9999994 0.00047846348 0.0011484064 -0.000478636 1 0.00014549121 -0.0011483096 -0.0001460351 0.99999934 0.0008043498 -0.002272606 0.0043598413
0.99999946 0.00065485167 0.0010589501 -0.0006548619 1 -7.903203E-06 -0.0010589529 7.2047114E-06 0.9999995 -0.0019029677 -0.0019292831 0.0026819408
0.99999833 0.0008549469 0.0015123151 -0.0008553674 0.99999964 0.00018987432 -0.0015121587 -0.00019116327 0.9999988 -0.0030662045 0.0019779205 0.0057448745
0.9999951 -0.002094429 0.0022639185 0.0020907335 0.9999965 0.0016250175 -0.002267301 -0.0016202889 0.9999962 0.024855465 0.017251968 0.017434895
0.9999987 0.00083731953 0.0013923347 -0.00083765155 0.99999964 0.00018820167 -0.0013922006 -0.00018934906 0.99999887 -0.003765054 -0.00030136108 0.0044697523
0.9999987 0.000765319 0.0012782961 -0.0007655467 0.9999997 0.00013037026 -0.0012782067 -0.00013133511 0.9999991 -0.0031356215 0.00017595291 0.0038203
1 0 0 0 1 0 0 0 1 -0.017565072 -0.022953272 -0.005648017
0.99999976 0.00048600134 0.00067336485 -0.00048623094 0.99999994 0.00037023053 -0.0006731823 -0.00037055742 0.99999964 -0.0028369427 -0.007493019 0.0053992867
0.9999987 0.0008086744 0.0014261007 -0.00080884714 0.99999976 8.2954764E-05 -0.0014260262 -8.409843E-05 0.99999905 -0.004134387 0.0010609627 0.0035782456
0.9994918 -0.0072180117 0.031043231 0.0069086747 0.9999255 0.01006072 -0.031113505 -0.009841125 0.99946725 0.039990306 -0.033968925 0.15565556
0.9999998 0.0004345188 7.44164E-05 -0.00043447874 0.9999999 0.00015498977 -7.429719E-05 -0.00015504193 0.9999999 0.00061011314 -0.0016870499 0.005208671
0.9999985 0.0009095138 0.0014016256 -0.0009095998 0.99999976 9.9362805E-05 -0.0014015362 -0.00010063127 0.9999989 -0.0029139519 9.1552734E-05 0.003588438
0.9999997 0.00034627266 0.00073063374 -0.0003461346 0.9999999 -6.7386776E-05 -0.0007306542 6.712414E-05 0.9999998 0.0017554695 -0.005133152 0.0011470914
0.9999954 -8.627772E-06 -0.003045231 1.0687858E-05 0.9999995 0.0007157028 0.0030452013 -0.0007156208 0.999995 0.009776697 -0.004640579 0.010769263
1.0000001 0.00032310444 0.00052538514 -0.0003235084 1 0.00048644468 -0.00052521005 -0.00048660114 0.9999997 -0.003209889 -0.008874416 0.0053853095
0.99999917 0.0004928062 0.001237147 -0.00049314037 1 0.00018428639 -0.001237059 -0.00018487126 0.9999991 -0.002951309 -0.00056934357 0.0036196113
1 0 0 0 1 0 0 0 1 0.010458708 0.01064682 -0.00091284513
0.9999855 0.0035612583 -0.0040037036 -0.003540337 0.99998033 0.0051952302 0.004022166 -0.0051807463 0.99997854 -0.021169662 0.015751362 0.03387618
0.99999946 0.0007169795 0.00058072805 -0.00071715156 0.9999997 0.0003766967 -0.00058045983 -0.0003771102 0.9999996 -0.001375407 -0.0005569458 0.005103171
1 0 0 0 1 0 0 0 1 0.011268437 0.007994652 0.008241057
0.99996734 0.005638391 -0.0057602525 -0.005705446 0.9999151 -0.011716269 0.005693674 0.011748821 0.9999147 -0.062746756 -0.036356926 -0.07911587
0.99999887 0.00068483374 0.0013966784 -0.0006851008 1 0.00017351657 -0.0013965666 -0.00017444044 0.9999988 -0.0035593957 -0.00042247772 0.0043085217
1 0 0 0 1 0 0 0 1 -0.0072370768 -0.0018615723 0.031022787
0.9986725 0.037014216 0.03582287 -0.03678363 0.9992981 -0.00707826 -0.036059767 0.005751334 0.99933314 -0.18436325 -0.030302525 -0.054926157
1 0 0 0 1 0 0 0 1 -0.004721701 0.0022974014 -0.0022277832
0.9999988 0.0007768364 0.0012177862 -0.00077707856 0.9999995 5.5374578E-05 -0.0012177303 -5.6324527E-05 0.9999993 -0.0041444004 0.00063323975 0.0033385158
0.99999917 0.000959281 0.0010466576 -0.0009593838 0.9999997 1.6596168E-05 -0.0010466389 -1.7594546E-05 0.9999994 -0.003767278 0.00032901764 0.003283441
1 0 0 0 1 0 0 0 1 -0.009245217 -0.0071988106 0.00095129013
0.9999983 0.00081950176 0.0016610641 -0.0008196309 0.9999997 8.4448606E-05 -0.0016609877 -8.581579E-05 0.9999985 -0.0027008504 -0.0004529953 0.003689468
0.9999986 0.0008815273 0.0014153495 -0.00088133593 0.9999996 -5.803071E-05 -0.0014154166 5.67697E-05 0.999999 -0.00438872 0.0022978783 0.0024072528
1 0 0 0 1 0 0 0 1 0.0007030964 0.011787951 0.002901554
0.99999845 0.0010992922 -0.0014698207 -0.001100108 0.9999993 -0.0005016178 0.0014692545 0.00050326437 0.99999905 -0.001663655 0.0029659271 -0.00082552433
0.9999494 -0.0065798163 -0.0075962245 0.006516546 0.99994373 -0.00834927 0.007650703 0.008299515 0.9999362 0.020011157 -0.025521755 -0.050982237
0.9999987 0.0008694083 0.0014485288 -0.000869565 0.9999997 0.00014990661 -0.001448404 -0.00015116436 0.9999989 -0.0025085807 -0.0006313324 0.004347205
0.9999991 0.00073159346 0.0012949854 -0.0007317751 0.9999997 0.00014853105 -0.0012948588 -0.00014947355 0.99999917 -0.0036591291 0.0073566437 0.0058950186
0.99993443 -0.008311123 -0.007902265 0.008336455 0.9999602 0.003190726 0.007875547 -0.0032564402 0.9999639 0.035278082 0.015408516 0.03493452
0.9999992 0.0012402085 0.00014279783 -0.0012402211 0.99999946 0.00023276545 -0.00014254451 -0.00023293868 0.9999998 -0.0042010397 -3.71933E-05 0.0054925084
0.9999989 0.00067387335 0.0012834035 -0.0006740554 0.99999976 0.00010416284 -0.0012833327 -0.00010501966 0.99999917 -0.0033277273 -0.0002808571 0.003678739
0.99999905 0.00050928653 0.0013281405 -0.0005094291 1 3.677106E-05 -0.0013281219 -3.7451042E-05 0.9999991 -0.0007042214 -0.0031924248 0.0033180714
1 0 0 0 1 0 0 0 1 -0.0074738264 -0.01383692 0.020765424
1 0 0 0 1 0 0 0 1 -0.0025084019 0.005963266 -0.006264627
1 0 0 0 1 0 0 0 1 -0.002063036 -0.008532524 -3.117323E-05
0.9999991 0.00047508196 0.0011863112 -0.0004753943 0.99999964 0.0002427809 -0.0011862032 -0.00024337322 0.99999934 -0.0024185479 -0.0028719902 0.004230082
0.9999983 0.0007150043 0.0016944259 -0.00071546435 0.99999976 0.0001822561 -0.0016942918 -0.00018345565 0.99999857 -0.0035037994 0.0002579689 0.004255712
0.9999999 0.00015892304 0.00049468875 -0.00015910616 0.99999976 0.00043337466 -0.00049455464 -0.00043343892 0.9999999 0.005861014 -0.0024194717 0.007319629
0.99999887 0.0007281701 0.0013179462 -0.00072837045 0.9999997 0.00021554623 -0.0013177879 -0.00021650456 0.99999905 -0.002940923 -0.0030825138 0.005054772
0.99999774 0.0011177622 -0.0018001348 -0.0011218153 0.9999967 -0.0022853315 0.0017975271 0.0022873804 0.9999959 -0.0046777427 0.002902031 -0.0137575865
0.999999 0.0007841278 0.0010462254 -0.00078424043 0.9999995 0.00010342826 -0.001046136 -0.00010424701 0.99999946 -0.0034295917 -0.0007815361 0.0034678578
0.9999992 0.00044638198 0.0011344403 -0.0004465743 0.9999999 0.00013308227 -0.0011343807 -0.00013359636 0.99999934 -0.002955061 -0.0010662079 0.0037498474
1 0 0 0 1 0 0 0 1 -0.015138984 -0.05098912 -0.008236766
0.9999984 0.00079845265 0.0015020072 -0.00079866964 0.9999996 0.00011134148 -0.0015019178 -0.00011255592 0.9999989 -0.00350184 0.00052309036 0.0043845773
0.9998976 0.0023423582 0.014113158 -0.0022236705 0.9999622 -0.008420467 -0.014132321 0.008388102 0.99986494 0.026732296 -0.027854443 -0.05522728
1 0 0 0 1 0 0 0 1 0.032215357 -0.0072603226 -0.008004189
1 0 0 0 1 0 0 0 1 -0.039118186 0.050693512 -0.013132364
0.9999987 0.0008800891 0.0012902766 -0.0008800761 0.99999946 -4.723668E-06 -0.0012902841 3.5949051E-06 0.99999905 -0.0035472661 0.0005002022 0.0029033422
0.999999 0.0009906276 0.0011313297 -0.0009908366 0.9999996 0.0001993142 -0.0011311336 -0.0002004318 0.99999934 -0.003483206 -0.00011396408 0.0045676827
1 0 0 0 1 0 0 0 1 0.0018458366 -0.0052137375 -0.00040119886
0.99999887 0.0007495447 0.0012747198 -0.0007495282 1 9.8157674E-05 -0.0012746379 -9.9115074E-05 0.9999992 -0.0039961077 0.0002193451 0.0035351515
0.9999987 0.0009332549 0.0013986684 -0.0009334005 0.99999976 0.00011283904 -0.0013985645 -0.00011412054 0.99999905 -0.004042349 0.00030994415 0.003939092
1 0 0 0 1 0 0 0 1 -0.019394636 0.0033130646 0.04916382
0.99999857 0.0006862696 0.0016055377 -0.00068681594 0.9999999 0.00035960227 -0.00160529 -0.00036069006 0.9999986 -0.004467616 -0.0009737015 0.0061924458
0.999999 0.0007213007 0.0012267306 -0.0007214353 0.9999996 0.00010341406 -0.0012266487 -0.00010430813 0.9999993 -0.0035648644 -0.000113487244 0.0035470724
1 0 0 0 1 0 0 0 1 0.021201015 -0.015579224 -0.015504479
1 0 0 0 1 0 0 0 1 0.0030642897 -0.0043931007 -0.0041332245
0.9999999 0.00046796398 3.285706E-05 -0.0004679514 0.99999964 -0.00051882863 -3.308803E-05 0.0005188361 1 -0.0029773712 -0.003782034 0.00039201975
1 7.2155846E-05 -0.00017068163 -7.199729E-05 1 0.00048656762 0.00017071888 -0.00048656017 0.9999998 -0.0009926558 -0.00551033 0.008281261
0.9999989 0.00071404804 0.0012514666 -0.0007142294 0.9999999 0.00018969364 -0.0012513176 -0.00019051693 0.9999992 -0.0044785887 -0.0012879372 0.0045753717
0.9998735 0.0058426857 -0.014798939 -0.0060442686 0.99988896 -0.013615966 0.014717728 0.013703704 0.99979776 -0.0905436 -0.03727007 -0.097295284
0.9999987 0.00055758236 0.0014936328 -0.0005576038 0.9999997 5.5506825E-05 -0.0014936179 -5.6363642E-05 0.9999988 -0.002765268 -0.00029063225 0.0038180351
0.9999986 0.0006967477 0.0013563037 -0.0006969026 0.9999996 4.7683716E-05 -0.0013562515 -4.8626214E-05 0.9999989 -0.0037822425 0.00070667267 0.003209293
1 0 0 0 1 0 0 0 1 -0.003369689 -0.0025072098 0.003463447
1 0 0 0 1 0 0 0 1 0.018727541 -0.03651023 -0.010042787
0.99999946 0.00047648838 0.0009789988 -0.00047681818 0.9999997 0.0003647767 -0.0009788275 -0.00036525354 0.9999995 -0.0029817224 -0.0033619404 0.0049437284
0.9999989 0.00058493344 0.0014464222 -0.0005849926 1.0000001 6.0433522E-05 -0.00144637 -6.1301515E-05 0.999999 -0.0036390945 -0.0002541542 0.0041061044
0.99999875 0.0006471148 0.0013676537 -0.0006473626 0.9999996 0.0001765918 -0.001367542 -0.00017748773 0.99999905 -0.003675297 -0.000497818 0.004188001
0.9999362 -0.0020940714 0.011104941 0.0020348541 0.99998355 0.00535699 -0.011116028 -0.0053340495 0.99992394 -0.0044226646 0.015662462 0.017614841
0.999999 0.00033723097 0.0014841408 -0.000337678 1 0.00028282404 -0.0014840513 -0.00028328598 0.99999887 -0.0012224764 -0.0015997887 0.004137039
0.99999857 0.0006684913 0.0014567277 -0.0006685647 0.9999997 4.323572E-05 -0.0014567012 -4.4211745E-05 0.9999988 -0.0026475787 0.0003323555 0.0032837987
1 0 0 0 1 0 0 0 1 0.0045255423 -0.0029058456 0.00090011954
