0.999998 0.0009738171 0.0018057749 -0.0009742113 0.99999946 0.0002653792 -0.0018055215 -0.00026718364 0.9999984 -0.0054303855 -0.0017743111 0.004752934
0.9999978 0.0009583861 0.0018658973 -0.00095894304 0.9999995 0.00025934726 -0.001865644 -0.0002611354 0.99999833 -0.00648354 0.00021743774 0.0049731135
0.9999912 0.0041834414 -0.000708729 -0.004188508 0.9999653 -0.0072208643 0.00067844987 0.0072236657 0.9999738 -0.025872946 0.001294136 -0.064572334
1 0 0 0 1 0 0 0 1 -0.0070722103 -0.0057325363 -0.0074999332
1 0 0 0 1 0 0 0 1 0.0045074224 -0.01118207 0.0006954074
0.99999917 0.0010181095 0.00025516003 -0.0010182046 0.99999934 0.00042153988 -0.00025475025 -0.00042179786 1 -0.0026680827 -0.009860039 0.006968975
0.99983644 0.016065031 0.008313626 -0.01593113 0.9997461 -0.015933141 -0.008567527 0.015798122 0.99983853 -0.11510533 -0.047381878 -0.12366152
0.9999972 0.0010982363 0.0020699576 -0.0010987641 0.99999905 0.0002187267 -0.0020696968 -0.00022101961 0.9999979 -0.007009238 0.0018882751 0.005274236
0.99999785 0.0013933172 0.0013775006 -0.0013938667 0.9999987 0.00034707412 -0.0013770266 -0.00034900568 0.999999 -0.006514758 -0.000980854 0.0054947734
0.9999985 0.00034690974 0.0016732067 -0.00034863641 0.99999934 0.0010176897 -0.0016728491 -0.0010182783 0.99999815 -0.0005748719 -0.008607864 0.010210067
0.99999815 0.0011094279 0.0016539637 -0.0011096583 0.9999993 0.00014115125 -0.0016538091 -0.00014299154 0.9999986 -0.0075265765 0.00037670135 0.003020525
0.99999857 0.00099459 0.0014005792 -0.0009948204 0.9999995 0.00014370307 -0.0014004433 -0.00014509633 0.999999 -0.005642943 0.0014896393 0.0045387745
0.99999714 0.0010067744 0.0021246336 -0.0010071732 0.9999995 0.0002456233 -0.0021243654 -0.00024773926 0.9999975 -0.005768582 -9.202957E-05 0.004944384
1 0 0 0 1 0 0 0 1 -0.016444564 0.0033769608 0.008504868
0.99999875 0.0013129637 0.0010860562 -0.0013133925 0.9999992 0.00045580417 -0.0010854676 -0.00045721978 0.99999934 -0.0061020255 -0.00056552887 0.0066437125
1 0 0 0 1 0 0 0 1 -0.0073088408 0.00074863434 0.0047674775
1 0 0 0 1 0 0 0 1 -0.01603058 0.0116939545 0.0024459362
0.9999978 0.0014189831 0.0015246198 -0.0014199748 0.99999887 0.0006154468 -0.0015237555 -0.00061762705 0.9999989 -0.0068490803 -0.0022697449 0.0074784756
0.9999946 0.0012855574 0.002993334 -0.0012857383 0.9999992 0.00011466071 -0.0029931758 -0.00011850521 0.9999955 -0.0078834295 0.0012845993 0.004021764
0.9999969 0.0011120683 0.002278559 -0.0011123954 0.9999994 0.00016944855 -0.0022783726 -0.00017197803 0.99999744 -0.008383185 0.0030498505 0.0051295757
1 0 0 0 1 0 0 0 1 0.113389015 0.17822194 -0.22109544
0.99999785 0.0013855895 0.001670857 -0.001386021 0.99999917 0.00029693916 -0.0016704379 -0.00029924512 0.99999857 -0.006014811 -0.0014081001 0.005217135
0.99999917 0.00086023705 0.0007647276 -0.00086029666 0.99999934 4.6938658E-05 -0.0007646978 -4.7570094E-05 0.9999998 -0.00086785894 0.009980679 0.007975727
0.99999446 0.001215782 0.0031379312 -0.001217179 0.99999917 0.00045902282 -0.0031373352 -0.00046283007 0.999995 -0.008094251 0.000477314 0.0065464973
0.9999977 0.0006661345 0.0020849388 -0.0006669292 0.9999997 0.00039423257 -0.002084678 -0.0003956519 0.99999774 -0.0052431524 -0.0016555786 0.0055540204
0.9999833 0.0052489936 -0.0023986697 -0.005245194 0.9999849 0.0016165823 0.0024071634 -0.0016039312 0.9999957 0.0053448677 -0.030773163 0.00013589859
0.9996728 -0.012759939 -0.022161216 0.012589484 0.9998901 -0.007808149 0.02225849 0.007526487 0.99972385 0.008698463 -0.019370556 -0.054312944
1 0 0 0 1 0 0 0 1 -0.00012052059 -0.011555195 -0.018654585
0.99999696 0.0018470238 0.0016835928 -0.0018472554 0.9999983 0.00010391441 -0.0016833842 -0.000107032596 0.9999986 -0.008196324 0.00069236755 0.004752457
0.9999975 0.0012146125 0.0018966435 -0.0012152116 0.9999991 0.0003222432 -0.001896251 -0.00032455474 0.9999982 -0.0051582456 -0.00070619583 0.0054224133
0.99999756 0.0011477547 0.0019155759 -0.0011480979 0.99999934 0.00017141551 -0.0019153841 -0.00017362088 0.9999982 -0.008260012 0.000980854 0.004539311
1 0 0 0 1 0 0 0 1 0.0026011467 0.0016584396 0.0066537857
0.999998 0.00077742315 0.001832556 -0.00077820395 0.9999995 0.0004142411 -0.0018322319 -0.00041567907 0.99999833 -0.0057917982 -0.0012712479 0.0060387254
0.99999815 0.00077857013 0.0017405357 -0.0007791553 0.9999995 0.0003510639 -0.0017402573 -0.00035241246 0.9999982 -0.00539279 -0.00263834 0.0055357814
0.99999696 0.0011699283 0.0021961816 -0.001171579 0.999999 0.0007642321 -0.0021952875 -0.0007668026 0.99999726 -0.0068248212 -0.0001296997 0.01054889
0.9999977 0.00033614645 0.002127394 -0.00033700326 0.99999994 0.00040578097 -0.0021272302 -0.00040651113 0.99999774 -0.0044308007 -0.0017330647 0.004731953
0.9999983 0.00092037214 0.0016534161 -0.0009208631 0.9999994 0.00024939887 -0.001653187 -0.0002509188 0.9999985 -0.006674215 -0.0014472008 0.0048732758
1 0 0 0 1 0 0 0 1 -0.00666821 0.009435654 0.0054051876
1 0 0 0 1 0 0 0 1 -0.006763935 0.058433533 -0.044715285
0.9999989 0.00051863794 0.0014795375 -0.0005190949 0.9999997 0.00033219252 -0.0014793649 -0.00033296458 0.9999989 -0.00560537 -0.0062093735 0.0048582256
0.9999969 7.5589865E-05 0.0025798678 -7.609464E-05 1 0.00021728128 -0.0025798827 -0.00021745265 0.99999666 -0.002684623 0.0017418861 0.0065262914
0.9993885 -0.026220609 -0.023123562 0.026291363 0.99965054 0.0027609468 0.0230432 -0.0033669472 0.9997287 0.12396899 0.018458366 0.034468174
0.9999987 0.0014405437 -0.00076308846 -0.0014399774 0.99999905 0.0006039515 0.00076395273 -0.0006028563 0.9999996 -0.0042369068 0.00079488754 0.008471429
0.999998 0.0010730904 0.0017968649 -0.0010734146 0.99999964 0.00023468211 -0.0017966051 -0.00023660809 0.9999984 -0.0062873214 -0.00051403046 0.004262805
0.99999774 0.0010325545 0.0020888895 -0.0010329797 0.9999997 0.00024216622 -0.0020887107 -0.0002443008 0.9999977 -0.0065556765 0.0016980171 0.0051837564
0.9999974 0.0010990965 0.0021459311 -0.0010999979 0.9999996 0.00041808933 -0.002145443 -0.00042044185 0.99999756 -0.009501599 0.00034570694 0.008014441
0.9999983 0.0011675805 0.001527816 -0.0011680865 0.99999905 0.00031209365 -0.0015274547 -0.00031388924 0.9999988 -0.006370172 -0.0012493134 0.0053094625
1 0 0 0 1 0 0 0 1 -0.006650895 0.0044088364 0.00066816807
1 0 0 0 1 0 0 0 1 0.0062658787 0.0014457703 -0.017270863
0.9999984 0.0014051201 0.0012999307 -0.001405363 0.99999917 0.00017261505 -0.0012996932 -0.000174433 0.9999991 -0.00756523 -0.001537323 0.0047967434
0.9999985 0.0006846638 0.0015339525 -0.00068528723 0.9999995 0.00037916563 -0.0015336932 -0.00038021244 0.9999988 -0.0066266097 -0.0027935505 0.005848676
1 0 0 0 1 0 0 0 1 0.0006059408 -4.9591064E-05 0.0051321387
0.9999964 0.0011343572 0.0024430435 -0.0011347339 0.99999946 0.00016512722 -0.0024428517 -0.00016790628 0.9999971 -0.007933423 -0.00034046173 0.0061216354
0.99999976 0.00077816175 -4.291674E-05 -0.0007780709 0.99999946 0.0005622506 4.3353997E-05 -0.00056222826 0.99999994 -0.0017675757 -0.003349781 0.006983936
0.9999987 0.0010063621 0.0013969122 -0.0010069886 0.9999995 0.00042117108 -0.0013964819 -0.0004225769 0.99999905 -0.0032425523 -0.00095558167 0.0067492723
0.9999975 0.00082587905 0.0020915717 -0.00082673336 0.9999997 0.00038689096 -0.0020912439 -0.00038860925 0.9999978 -0.012836345 -0.0031330585 0.007913619
0.999999 0.00076318183 0.0011779293 -0.00076357264 0.9999998 0.00033289194 -0.0011776388 -0.00033378787 0.9999991 -0.0073705614 -0.008731365 0.005602658
1 0 0 0 1 0 0 0 1 -0.003720045 -0.041917205 0.0017864108
0.9999976 0.0005455859 0.0020156996 -0.0005463448 0.9999997 0.00037000328 -0.002015493 -0.00037109852 0.99999785 -0.004518036 -0.0022540092 0.005654633
0.99999785 0.0010411888 0.0018230602 -0.0010419078 0.9999993 0.00038614124 -0.0018226504 -0.00038807094 0.9999984 -0.007487625 -0.0006313324 0.006120503
0.99999976 0.0003579699 0.0007431358 -0.0003581643 1 0.000314889 -0.0007430203 -0.00031515304 0.9999998 -0.005030513 -0.015216351 0.0054398775
0.9999967 0.001026649 0.002398923 -0.0010277643 0.9999994 0.00049810484 -0.0023984015 -0.0005005896 0.99999714 -0.0057129674 -0.00058078766 0.007852316
1 0 0 0 1 0 0 0 1 0.015682071 0.0073862076 -0.0009559365
0.9999972 0.0012878675 0.0019778237 -0.0012884571 0.9999993 0.00033065304 -0.001977386 -0.00033319741 0.99999803 -0.005757436 6.866455E-05 0.005958259
1 0 0 0 1 0 0 0 1 0.0033847988 0.002286911 -0.0010209084
0.99997556 0.0068138354 0.0014776736 -0.006814096 0.99997663 0.00014735758 -0.0014766306 -0.00015738606 0.9999989 -0.059877872 0.008468628 0.008834183
0.9999974 0.0010617533 0.0019947737 -0.0010621061 0.9999992 0.00019295141 -0.0019945614 -0.00019506179 0.9999978 -0.007939387 0.00069236755 0.004962206
0.99999744 0.0015257149 0.0016913023 -0.0015261505 0.9999988 0.000269752 -0.0016908962 -0.00027233362 0.9999985 -0.0071503073 -2.2888184E-05 0.005171001
0.99999607 0.0014467745 0.0023386572 -0.0014473454 0.99999887 0.0003032945 -0.0023382101 -0.00030668452 0.9999973 -0.0076927394 0.0011291504 0.0054453015
0.99999744 0.0009971778 0.002031628 -0.0009978986 0.99999964 0.00032340363 -0.0020313077 -0.000325419 0.99999774 -0.006835103 -0.0013184547 0.0054711103
1 0 0 0 1 0 0 0 1 -0.0016596317 0.0062713623 -0.0010037422
0.99999845 0.0011986333 0.0014038682 -0.0011990508 0.99999917 0.0003410671 -0.001403451 -0.00034275465 0.999999 -0.005252123 -0.0019712448 0.0055235624
0.9999969 0.0014907417 0.0020185076 -0.001491337 0.99999887 0.00037251413 -0.0020179562 -0.0003755316 0.9999981 -0.006365549 -0.00017309189 0.0063127875
1 0.00020762254 0.00046350062 -0.00020773493 1 0.00016311742 -0.00046344846 -0.000163218 0.9999999 -0.0035050213 -0.009946823 0.0038691163
0.99999744 0.0011444706 0.001984266 -0.0011450334 0.9999992 0.00027655438 -0.001983947 -0.00027883053 0.99999803 -0.0052214186 -0.001077652 0.005007863
1 0 0 0 1 0 0 0 1 -0.0071816444 0.008558273 -0.0024921894
0.99999785 0.00073824706 0.0019654185 -0.00073848944 0.99999994 0.00018597394 -0.0019652918 -0.0001874268 0.99999815 -0.005888015 0.0005776882 0.0045089126
1 0 0 0 1 0 0 0 1 0.0076596737 -0.13841534 0.16393328
0.99999595 0.0025171824 -0.0011091828 -0.0025201924 0.99999315 -0.0027697533 0.0011021793 0.0027724653 0.99999547 -0.02176559 -0.0016050339 -0.004876852
0.9999981 7.638335E-05 0.0019429922 -7.528439E-05 0.9999997 -0.00058472157 -0.0019431114 0.0005846098 0.999998 0.007442951 -0.01731503 -0.010586321
0.9999972 0.0011974318 0.0020615924 -0.0011983175 0.9999993 0.0004662294 -0.0020610318 -0.0004687002 0.9999976 -0.0070239045 0.00046157837 0.007049322
1.0000001 2.2472232E-06 2.2778288E-05 -2.239307E-06 1.0000002 -0.00018865056 -2.2768974E-05 0.00018866174 0.9999998 0.00012755394 -0.011990309 0.0009048879
0.99999887 0.00049850217 0.0015753955 -0.00049877865 1.0000002 0.00020558666 -0.0015752986 -0.00020636432 0.99999875 -0.0077863038 -0.0034718513 0.0038293004
0.9998544 -0.0063110143 -0.015844911 0.006125495 0.99991244 -0.0117248595 0.015917614 0.011626124 0.9998057 -0.022209048 -0.03804493 -0.084430695
0.99999905 0.0008923375 0.0008418709 -0.00089271215 0.9999995 0.00045260973 -0.0008414686 -0.00045335665 0.9999994 -0.0036233664 -0.004946232 0.0060976744
0.999988 0.0033375649 -0.0036035553 -0.0033422085 0.99999386 -0.0012803897 0.0035992563 0.0012924299 0.9999928 -0.017843425 0.01944828 -0.010618806
0.9999971 0.0011182342 0.00211934 -0.0011189401 0.99999946 0.00032123737 -0.0021189898 -0.0003235843 0.99999756 -0.007358283 0.0006990433 0.005802095
1 0 0 0 1 0 0 0 1 0.00095772743 -0.032863617 -0.009903491
0.9999972 0.0009728917 0.0021959022 -0.00097376434 0.9999992 0.00035496056 -0.0021955408 -0.00035712868 0.99999756 -0.0053617954 -0.0005941391 0.005937755
0.99999714 0.0009903284 0.0021937713 -0.0009910022 0.99999946 0.00026767328 -0.002193518 -0.0002698563 0.99999756 -0.0064784586 0.00095129013 0.0053883195
1 0 0 0 1 0 0 0 1 0.00015097857 0.02534008 -0.01188159
1 0 0 0 1 0 0 0 1 0.023183107 -0.016242027 0.012313366
0.9999961 0.0014634954 0.0022715442 -0.0014643219 0.9999986 0.00031980872 -0.0022710785 -0.00032314658 0.99999744 -0.006233804 0.00043678284 0.005838096
1 0 0 0 1 0 0 0 1 0.002663374 -0.03315878 0.08757788
0.9999981 0.0009081763 0.001723337 -0.0009092379 0.99999946 0.00060188794 -0.0017227889 -0.00060345395 0.9999983 -0.0075611174 -0.008379936 0.009498924
0.9999978 0.0007436811 0.00192298 -0.0007443372 0.9999995 0.00036260486 -0.0019227043 -0.00036405027 0.99999815 -0.0057710856 -0.0008852482 0.0062752366
0.9999985 0.0008681699 0.0014965832 -0.0008690065 0.99999946 0.0005533062 -0.0014960989 -0.0005546091 0.99999887 -0.0032586455 -0.0016517639 0.0075117648
0.9999979 0.0009286157 0.0019053221 -0.00092916377 0.9999997 0.00026149675 -0.001905024 -0.00026327372 0.99999815 -0.0031063557 -0.0024309158 0.0048012435
0.99999785 0.0007704651 0.0020148624 -0.0007709734 0.9999996 0.00027224794 -0.002014652 -0.00027379394 0.9999979 -0.0064480305 -0.00082445145 0.0051662326
0.9999978 0.00079742423 0.0020099506 -0.0007980177 0.99999964 0.00026208162 -0.0020097569 -0.0002636835 0.9999979 -0.0077739954 -0.0010504723 0.0052711666
0.9991562 -0.02041158 -0.035646856 0.02012077 0.99976164 -0.008499026 0.03581193 0.0077745467 0.9993284 0.021565974 -0.012188911 -0.04563856
0.9999979 0.00063192146 0.0018328503 -0.0006326545 0.9999997 0.0003763307 -0.0018326109 -0.0003774874 0.9999982 -0.005338341 -0.0014438629 0.00558722
0.9999974 0.0013734691 0.0018177312 -0.0013740768 0.9999988 0.0003183186 -0.0018172953 -0.00032082573 0.9999984 -0.0058813766 -0.00023031235 0.0058113337
0.9999979 0.0009955425 0.0017889577 -0.0009953845 0.9999996 -8.329004E-05 -0.0017890325 8.150935E-05 0.99999845 -0.0017715842 0.0019211769 0.0015032291
0.9999947 0.0032452433 -0.00023792684 -0.0032447702 0.9999941 0.0010485686 0.00024134666 -0.0010478012 0.9999992 -0.017381787 -0.0063381195 0.009516656
0.9999975 0.00051650935 0.0019272221 -0.0005172867 0.9999996 0.00042598136 -0.001926993 -0.00042698532 0.99999803 -0.0039972216 -0.0036416054 0.0063203573
0.99999905 0.0008729485 0.0008985624 -0.0008729101 0.9999996 4.40469E-05 -0.00089851394 -4.4831075E-05 0.9999995 -0.007940531 -0.0042119026 0.0025643706
0.99999905 0.0009975748 0.0010817051 -0.0009980042 0.9999997 0.00038721622 -0.0010813028 -0.00038829655 0.9999992 -0.0033235252 -0.0011873245 0.0069942176
0.9999986 0.0011507059 0.0012019277 -0.0011511319 0.9999994 0.00023241714 -0.0012016669 -0.00023381412 0.99999934 -0.0055190623 -0.0015978813 0.005425751
1 0 0 0 1 0 0 0 1 0.04752493 -0.021788597 -0.0021258593
0.9999779 -0.0009067323 -0.0066155195 0.00090257265 0.9999995 -0.00061306497 0.0066160113 0.00060709193 0.99997795 0.012298465 -0.003379926 -0.0021125078
0.9999908 0.0032774135 -0.0028006434 -0.0032700598 0.9999912 0.0026545078 0.0028092861 -0.002645295 0.9999924 -0.002280414 -0.03564453 0.02261746
0.99991477 0.0031056106 -0.012651332 -0.0031420887 0.99999076 -0.0028710822 0.012642283 0.002910627 0.99991596 0.0014927387 -0.0051116943 -0.014212154
0.9999975 0.00092375383 0.0021212325 -0.0009244385 0.9999996 0.00034844503 -0.0021209102 -0.0003504008 0.99999785 -0.0065378603 -0.00023651123 0.0055235624
1 0 0 0 1 0 0 0 1 -0.010190368 -0.0071377754 -0.0010303259
0.999997 0.0011371102 0.0020407438 -0.001137621 0.9999991 0.0002681315 -0.0020403862 -0.0002704654 0.9999978 -0.007946616 0.0014486313 0.005877912
0.9999979 0.0011715427 0.0015032095 -0.0011716764 0.99999917 0.00013335422 -0.0015030492 -0.00013511255 0.99999875 -0.0067034294 0.00022697449 0.004561484
0.9999984 0.0013100645 0.00096365064 -0.0013104007 0.9999989 0.0004248619 -0.00096307695 -0.00042616203 0.9999994 -0.0056328923 0.0011348724 0.006308377
0.9999993 0.0009843528 0.000848101 -0.0009846941 0.99999946 0.000454098 -0.00084765255 -0.00045493245 0.9999996 -0.00448218 -0.0018053055 0.006059587
1 0 0 0 1 0 0 0 1 -0.015022039 -0.0054428577 -0.0115709305
0.99999845 0.0010685713 0.001565516 -0.001068961 0.9999995 0.00027270056 -0.0015652068 -0.00027437136 0.9999988 -0.004549101 -0.0021362305 0.005971253
1 0 0 0 1 0 0 0 1 0.008587748 0.006823063 -0.00019145012
1 0 0 0 1 0 0 0 1 0.004420638 -0.011861801 -0.017564535
0.9999155 0.012956291 0.0011568405 -0.012937784 0.9998068 -0.014801178 -0.0013484564 0.014784891 0.99988973 -0.11048198 -0.04795313 -0.11006951
1 0 0 0 1 0 0 0 1 -0.016327202 -0.006170273 -0.0040860176
0.9999942 0.0011447174 -0.003209278 -0.0011375276 0.9999969 0.0022425503 0.003211856 -0.0022389106 0.99999243 -0.010082185 0.008318424 0.012806296
0.9999968 0.0013779305 0.0020940006 -0.0013786149 0.99999887 0.00029185787 -0.002093587 -0.00029475987 0.99999774 -0.008020781 0.0020012856 0.0055605173
0.9999986 0.0007231906 0.0016629472 -0.0007234942 0.9999998 0.00023908913 -0.001662828 -0.0002403073 0.99999857 -0.0058215074 -0.0012478828 0.0048089027
1 0 0 0 1 0 0 0 1 0.10327625 0.0027985573 -0.15564814
0.9999881 0.00018138345 -0.0048543215 -0.00017418247 0.9999987 0.0014973059 0.00485456 -0.001496464 0.99998695 0.005818069 -0.01125145 0.023015607
0.99999785 0.0018973667 -0.00079378486 -0.0018970091 0.99999803 0.00053037517 0.00079488754 -0.00052886456 0.9999994 -0.0066791624 0.0022449493 0.0089407265
0.9999982 0.0005823206 0.0019340701 -0.0005828631 0.99999976 0.00036337972 -0.0019338503 -0.0003645271 0.9999982 -0.004302591 -0.0022802353 0.0059191585
0.9999994 0.00032277382 0.0010549724 -0.00032380002 0.99999946 0.0008974895 -0.0010546856 -0.0008978471 0.99999917 -0.0071703196 -0.017612219 0.008119464
-0.94960815 -0.042914808 0.31048787 -0.12387478 0.96132374 -0.24599144 -0.28792268 -0.27205706 -0.918197 -4.621975 -0.19676948 0.3678705
0.18561403 -0.42803675 -0.8844953 -0.36661062 0.8049753 -0.46648866 0.9116713 0.41085216 -0.007508117 -0.3060423 -0.10695511 2.0598097
0.9999982 0.00016897079 0.001862295 -0.00016964879 0.99999994 0.0003221631 -0.0018622428 -0.00032246858 0.9999982 -0.003164716 -0.0018577576 0.0052900016
0.99999946 0.00033995742 0.0011541024 -0.00034092786 0.9999994 0.0008222535 -0.0011538342 -0.0008226633 0.99999917 -0.0033544898 -0.011485577 0.008574039
1 0 0 0 1 0 0 0 1 -0.0032138228 -0.0014357567 0.00090408325
1 0 0 0 1 0 0 0 1 0.0067158937 -0.01914978 0.0053980052
0.9999965 0.0012170156 0.0023673326 -0.0012179541 0.99999917 0.00037630647 -0.0023668632 -0.0003791526 0.9999971 -0.0024862885 -0.0016856194 0.00767231
1 0 0 0 1 0 0 0 1 -0.0076930523 -0.012155518 -0.0076726824
0.9999442 -0.0037969814 -0.009851962 0.003834811 0.99998534 0.0038235784 0.009837292 -0.0038611405 0.9999441 0.03492117 0.0431906 0.043671936
0.9999875 -0.0005644059 -0.0049644634 0.0005610386 0.9999997 -0.0006658919 0.004964832 0.0006630942 0.9999875 -0.00036345422 -0.002257347 0.01872152
0.9999986 6.118626E-05 0.0016362704 -6.229058E-05 0.9999997 0.00063990057 -0.0016362332 -0.00063999 0.9999984 -0.0037217438 -0.006520748 0.006073177
0.9999983 0.00065996405 0.0017441735 -0.0006602581 0.99999976 0.000113008544 -0.0017440766 -0.000114163384 0.9999984 -0.00515759 -0.003660202 0.005380273
0.9999983 0.00091801916 0.0014934577 -0.00091832824 0.9999994 0.00027690548 -0.0014932007 -0.00027827453 0.9999988 -0.0063235015 -0.0023703575 0.005735278
0.99999833 0.0016930001 -0.0010632575 -0.0016923761 0.99999857 0.0005849302 0.001064226 -0.00058314577 0.9999996 -0.0054359734 0.00085258484 0.009770572
0.99999714 0.0015384303 0.0018171221 -0.0015389873 0.9999986 0.00032453611 -0.0018166155 -0.0003273189 0.9999984 -0.007714376 0.00090265274 0.0060162544
1 0 0 0 1 0 0 0 1 0.0032572746 0.0054893494 -0.0015435219
1 0 0 0 1 0 0 0 1 -0.0039908886 -0.009407699 -0.005005598
1 0 0 0 1 0 0 0 1 -0.069868565 -0.23559451 -0.004836142
0.99999803 0.0010065092 0.0016327575 -0.0010069646 0.99999934 0.0003478974 -0.0016324148 -0.00034956634 0.9999986 -0.00329661 -0.002720356 0.0050421357
0.9999975 0.0013719469 0.001678355 -0.0013723001 0.99999905 0.00028791092 -0.0016779602 -0.00029021874 0.99999857 -0.0067164674 0.0011291504 0.005347252
0.9999982 0.000902121 0.0017356183 -0.00090275623 0.99999946 0.00033326447 -0.0017353166 -0.00033483282 0.9999985 -0.007205708 -0.002058506 0.00616765
1 0 0 0 1 0 0 0 1 -0.0071806908 -0.013773918 -0.01134482
0.9999979 0.00080274325 0.001728557 -0.000803174 0.9999995 0.00016760826 -0.0017284155 -0.00016900152 0.9999984 -0.005591318 0.0002732277 0.004330814
0.99997693 0.0050309505 0.004558578 -0.005030729 0.9999874 -0.000101432204 -0.004559174 7.8484416E-05 0.99998975 -0.03552878 -0.004252434 0.0015566945
0.99872816 -0.049388304 -0.010135353 0.049231246 0.9986717 -0.015197441 0.010872394 0.014679134 0.999833 0.33542526 -0.015154362 -0.116010904
0.99999714 0.0011914362 0.00206751 -0.0011922147 0.9999991 0.0003792867 -0.0020670537 -0.00038176775 0.99999785 -0.0038802447 0.0022063255 0.007433474
1 0 0 0 1 0 0 0 1 0.006486967 0.0022802353 0.008654296
0.9999971 0.0014758696 0.0018105954 -0.0014764739 0.9999988 0.0003307853 -0.0018100999 -0.0003334675 0.9999983 -0.005796626 5.340576E-05 0.0057681203
0.99999744 0.0010049785 0.0020974204 -0.0010055578 0.99999964 0.00027173758 -0.002097115 -0.00027385168 0.9999977 -0.0031692684 -0.0018129349 0.0045107007
0.99999774 -0.0007169172 0.0019094497 0.0007099882 0.99999297 0.0036450624 -0.0019121468 -0.003643617 0.99999166 0.0022053719 -0.03680253 0.015319735
0.99979365 0.019171983 0.006713778 -0.019127667 0.99979526 -0.006579511 -0.00683856 0.006449729 0.99995583 -0.14340414 -0.022807598 -0.04977417
0.9999995 0.0007363139 -0.0006555058 -0.0007361338 0.9999996 0.0004684031 0.0006558448 -0.0004679188 0.9999996 -0.0063079 0.002658844 0.007218361
0.99999595 0.00091957394 0.0026777834 -0.0009218892 0.99999917 0.0008640867 -0.0026770383 -0.0008665584 0.99999607 -0.0012985319 -0.004293442 -0.0007082224
0.99999446 0.001773244 0.0028330684 -0.0017785272 0.9999966 0.0018509859 -0.0028297305 -0.00185605 0.99999434 -0.0022604465 -0.007025957 0.014695376
0.9999975 0.0009860335 0.0021121092 -0.0009868479 0.9999996 0.00036017038 -0.0021117544 -0.00036226027 0.9999978 -0.005088508 -0.0017280579 0.0059807897
0.9999995 -0.00069523416 0.0007521361 0.000694328 0.9999989 0.00114391 -0.0007529706 -0.0011434667 0.99999934 0.00014007092 -0.016081095 0.008326396
0.999998 0.0011928414 0.0017363839 -0.0011935106 0.99999905 0.00037447247 -0.0017359443 -0.0003765449 0.99999845 -0.006021589 -0.0003619194 0.0060907006
0.99999905 -0.0011521652 -0.00067676604 0.001152942 0.9999988 0.0010415018 0.00067567825 -0.001042299 0.9999993 0.019549519 -0.0028734207 0.013082325
0.99999756 0.0009406108 0.0019394644 -0.00094106724 0.9999994 0.00027014315 -0.0019392036 -0.0002719704 0.9999981 -0.006347291 -9.8228455E-05 0.004967928
0.9999984 0.0003730948 0.0017995983 -0.00037396327 0.99999964 0.00043933466 -0.0017994195 -0.000439886 0.99999833 -0.0051131696 -0.0028967857 0.006125152
0.99999875 0.0013051983 0.00093218684 -0.0013055885 0.99999917 0.00043170527 -0.0009316355 -0.00043288618 0.9999994 -0.0048805624 -0.0014176369 0.0072069764
0.9999972 0.0007319867 0.002246555 -0.000732956 0.99999946 0.00037831068 -0.0022462793 -0.00037998706 0.9999975 -0.0053568035 -0.00070858 0.0057658553
0.9999906 -0.00040057302 0.0043216944 0.00040466338 0.9999997 -0.00091116317 -0.004321426 0.0009128731 0.99999005 -0.002977699 -0.0053367615 0.004400879
1 0 0 0 1 0 0 0 1 0.010792971 0.006924629 0.015740275
0.99999803 0.00072100095 0.0018386822 -0.00072173064 0.99999976 0.0003790073 -0.0018384121 -0.00038033724 0.9999983 -0.005003223 -0.0013561249 0.005472243
0.9999849 0.00074888417 0.0053954646 -0.0007607213 0.9999971 0.00220507 -0.0053937435 -0.0022091493 0.9999828 -0.0079847425 -0.0053961277 0.020317316
0.9999983 0.0009866866 0.0015825368 -0.0009871278 0.9999994 0.00020433625 -0.001582332 -0.00020589714 0.99999875 -0.006661147 -0.0027685165 0.007246256
0.9999992 0.0011490867 0.0007451046 -0.0011492313 0.99999934 0.00028531253 -0.0007447582 -0.00028619915 0.99999964 -0.007662058 -0.022314668 0.0073355436
1 0 0 0 1 0 0 0 1 0.02245462 -0.043067932 -0.019316107
1 0 0 0 1 0 0 0 1 0.016240597 0.0070700645 -0.041964114
0.9999972 0.0011189505 0.0020163506 -0.0011195675 0.9999991 0.00032828376 -0.002015978 -0.00033055618 0.99999785 -0.0067419447 0.0006093979 0.0055814385
1 0 0 0 1 0 0 0 1 0.025720596 -0.0050497055 0.03906119
0.9998938 -0.0041908138 -0.013947234 0.004196819 0.99999094 0.00039675832 0.0139454305 -0.00045525283 0.9999026 0.015738964 -0.008868694 0.020453632
1 0 0 0 1 0 0 0 1 -0.012092233 -0.029643059 -0.0077933073
1 0 0 0 1 0 0 0 1 0.05543065 -0.04821968 0.075604916
0.99999744 0.0006050776 0.002216369 -0.0006059696 0.9999997 0.0004139915 -0.002216123 -0.00041533634 0.99999744 -0.0045720264 -0.0014781952 0.0061832666
0.9999977 0.0010131671 0.0019071167 -0.0010136894 0.9999995 0.00029253773 -0.0019068192 -0.00029447023 0.9999981 -0.0059969723 -0.0006108284 0.005565107
0.99999833 0.0007693282 0.0016990434 -0.0007700148 0.99999964 0.00042126328 -0.0016987212 -0.00042256713 0.99999857 -0.004320521 -0.0032129288 0.006107807
0.9999971 0.0009412714 0.0022281818 -0.0009421627 0.9999994 0.0003468804 -0.002227854 -0.00034897588 0.9999974 -0.006643504 0.0005016327 0.005825639
-0.40648255 0.8271587 -0.38804752 -0.40113202 -0.54316187 -0.7376101 -0.8208931 -0.14416724 0.5525855 -9.535479 8.851029 -1.5072155
0.9999967 0.0011289893 0.0022152215 -0.0011295304 0.99999887 0.00026008487 -0.0022149682 -0.00026267022 0.99999756 -0.00553146 -0.003540516 0.005219102
0.99999756 0.00080796576 0.0020585735 -0.00080891914 0.99999964 0.00048172846 -0.0020581828 -0.0004833974 0.99999785 -0.005876541 -0.0013198853 0.007091701
0.9999969 0.00069537805 0.002372384 -0.0006961834 0.99999994 0.00038612075 -0.002372101 -0.0003877636 0.99999714 -0.0048230514 -0.0013666153 0.00606966
0.9999967 0.0018170576 0.0017779404 -0.0018178243 0.9999983 0.00042098016 -0.0017771693 -0.0004241988 0.9999984 -0.011856377 -0.0020241737 0.005698204
0.99999917 0.00031925342 0.0011719316 -0.00032006647 0.9999998 0.00076268427 -0.0011716858 -0.0007630512 0.9999989 -0.0023801923 -0.009287834 0.0066484213
0.9999939 0.0014125486 0.003178537 -0.0014132876 0.999999 0.00026716664 -0.0031781942 -0.00027165562 0.999995 -0.0066830814 0.00059986115 0.0053374767
0.99999964 0.00042633037 0.00051460415 -0.00042681035 0.9999992 0.0009568222 -0.0005141869 -0.00095702894 0.9999994 -0.003822051 -0.0068821907 0.010475427
0.9999831 0.00016927719 -0.0057908893 -0.00020297617 0.99998295 -0.0058157146 0.0057898685 0.0058167577 0.99996626 -0.036219135 -0.016681671 -0.04253602
0.50712717 -0.8473563 0.15750995 0.39098755 0.38904968 0.8341279 -0.7680827 -0.36142468 0.5286032 5.825896 7.2217093 0.21750188
0.9999993 0.0009749327 0.00067195296 -0.00097565167 0.9999989 0.0009575635 -0.0006710142 -0.0009581521 0.9999993 -0.004182577 0.00015068054 0.0128881335
0.9999982 0.0008331957 0.0016921237 -0.00083373924 0.9999996 0.00040335394 -0.001691781 -0.00040476955 0.99999845 -0.0066260844 -0.00023722649 0.0064225197
0.9999979 0.0007982934 0.0018008053 -0.0007988883 0.99999964 0.00029055774 -0.001800552 -0.00029200315 0.9999984 -0.005992487 0.00019741058 0.0049499273
0.9999962 0.00076947175 0.0026514381 -0.0007709544 0.9999996 0.00054197013 -0.0026510358 -0.0005440116 0.9999963 -0.0063530803 -0.00018596649 0.0068520308
0.9999979 0.00085998 0.0018108226 -0.00086044474 0.9999995 0.00026323646 -0.0018105991 -0.00026478618 0.9999983 -0.005962044 -0.00077295303 0.004875481
0.9999979 0.0004889813 0.0020442214 -0.000489548 1 0.0003017541 -0.0020440747 -0.00030274875 0.9999979 -0.0043829083 -0.0024223328 0.0055740476
0.99999803 0.00025859382 0.0020584539 -0.00025957217 1 0.00045605004 -0.002058372 -0.00045656413 0.9999977 -0.0032991767 -0.002407074 0.0053183436
1 0 0 0 1 0 0 0 1 -0.010424614 0.016224861 0.009373352
0.9999999 0.00033777952 -0.00017693639 -0.00033839047 0.99999565 -0.0029682517 0.00017598271 0.0029682964 0.9999957 -0.0048041344 -0.0014820099 -0.037081033
0.99999946 0.0008539923 0.00068547577 -0.0008542205 0.9999996 0.0003210865 -0.0006852001 -0.00032167137 0.99999976 -0.0040745735 -0.005833626 0.0063756704
1 0 0 0 1 0 0 0 1 -0.00423941 0.007285118 -0.0013535023
1 0 0 0 1 0 0 0 1 0.026431799 0.0046668053 0.023521185
0.99970573 -0.000238657 -0.024255455 -0.000104784966 0.99989974 -0.014155537 0.024256453 0.014153928 0.9996053 -0.0884895 -0.040947437 -0.10338068
0.9999976 0.0013980963 0.0016559139 -0.001398528 0.9999993 0.00027342513 -0.0016555307 -0.00027570873 0.9999985 -0.006677717 0.0010514259 0.005579412
0.99999756 0.0011708667 0.0019145012 -0.0011712841 0.99999934 0.00022359192 -0.0019142479 -0.00022583641 0.99999815 -0.005691733 -0.0007033348 0.0058072805
0.9999957 0.0010132417 0.0027490258 -0.0010151416 0.9999992 0.000686869 -0.0027483404 -0.0006897375 0.9999961 0.0062627494 -0.013911247 0.0045746565
0.9999951 0.0011124052 0.0029458553 -0.001113578 0.9999994 0.000365993 -0.0029454082 -0.00036930107 0.99999565 -0.0045424677 -0.0013504028 0.006318569
0.5888082 -0.49795458 -0.63666815 0.13554111 0.8373655 -0.5295729 0.7968273 0.22552213 0.5605409 1.8617332 1.1241418 0.3360716
0.99999446 0.0003619379 0.0032555163 -0.00036590348 0.999999 0.0011667293 -0.0032550693 -0.0011679158 0.9999939 -0.0027045608 -0.0020997524 0.011343598
0.9999976 0.0009767377 0.0019441992 -0.0009770493 0.99999964 0.00010714494 -0.0019440949 -0.00010905601 0.9999982 -0.004424706 0.00055503845 0.0044160485
0.99999774 0.0019619649 -0.00081442297 -0.0019605218 0.9999968 0.0017667599 0.00081788003 -0.0017651692 0.99999815 -0.009932518 0.005218506 0.013617873
0.99999803 0.0009691542 0.0017034337 -0.00096976775 0.9999996 0.0003089197 -0.0017031431 -0.0003105672 0.99999845 -0.0076688034 -0.0014362335 0.0056785345
0.999998 0.0005037327 0.0019275993 -0.0005047368 0.9999998 0.00049162656 -0.0019273572 -0.00049259514 0.999998 -0.00489828 -0.0049057007 0.006270826
-0.23080714 0.9129152 0.33662102 -0.62313026 0.1270207 -0.7717348 -0.74728614 -0.38788074 0.53954786 -7.524017 3.6949701 0.74016595
0.9999987 0.000706919 0.0015704557 -0.00070748664 0.99999976 0.0002748482 -0.0015702546 -0.00027597696 0.99999887 -0.000695616 -0.0037317276 0.005793512
0.9999987 0.0008384815 0.0014279233 -0.00083857926 0.9999996 0.00010840781 -0.001427833 -0.00010960363 0.999999 -0.0037767887 -0.003431797 0.00321424
0.9999972 0.0012195376 0.0020439215 -0.0012201467 0.99999917 0.0003678687 -0.0020434558 -0.0003703758 0.99999803 -0.006108187 0.0025234222 0.007967234
0.99999887 0.00029281154 0.0013776645 -0.00029456615 0.99999934 0.0012283535 -0.0013773218 -0.0012287598 0.99999833 0.0071928203 0.015715599 0.016679943
0.9999973 0.0011432068 0.0019454658 -0.0011438676 0.9999993 0.0003696978 -0.0019450262 -0.00037191808 0.99999803 -0.006865779 -0.0007095337 0.0061095953
0.9999977 0.00097523676 0.0018505901 -0.00097577623 0.9999995 0.0003397651 -0.0018502474 -0.0003415607 0.9999981 -0.005637616 -8.916855E-05 0.0056217313
1 0 0 0 1 0 0 0 1 -0.021079749 -0.009009123 0.008829594
0.9999994 0.0005615285 0.0008364916 -0.00056193845 0.9999996 0.00056128483 -0.00083618984 -0.0005617589 0.9999996 -0.0054967403 -0.012893677 0.0068888664
0.99999726 0.0010486695 0.0020741895 -0.0010492965 0.9999991 0.00023853779 -0.0020739362 -0.00024070963 0.9999976 -0.0072614253 0.0014195442 0.005015731
0.98400325 0.003980847 -0.17810628 -0.011310237 0.9991294 -0.040155657 0.17779139 0.041527703 0.9831916 0.2054193 0.05553341 -0.7107512
0.99999994 0.00039658695 8.136034E-06 -0.00039658207 0.9999997 0.00043081958 -7.987022E-06 -0.0004308112 0.9999999 0.0011608601 -0.0022802353 0.00791657
0.99999756 0.0012907892 0.001975298 -0.0012913981 0.9999992 0.0003018286 -0.001974918 -0.00030437112 0.99999803 -0.005422987 0.00014209747 0.0051407814
0.9999996 0.00024689495 0.0007319469 -0.00024687848 1 6.0196966E-05 -0.00073193386 -6.037578E-05 0.9999997 0.0033145389 -0.01004076 0.0012327433
0.9999889 -0.00046890974 -0.0047450364 0.00047402084 0.9999996 0.0010682642 0.0047445297 -0.0010704026 0.9999883 0.016409114 -0.005311966 0.014585085
0.9999998 0.0003198611 0.0006771907 -0.00032050232 0.9999999 0.000827007 -0.0006769076 -0.00082721934 0.99999946 -0.006616354 -0.015904903 0.0074928105
0.99999833 0.00046607462 0.0018614358 -0.00046673312 1 0.000401292 -0.0018612533 -0.0004021451 0.99999815 -0.0051921904 -0.0014715195 0.0051864386
1 0 0 0 1 0 0 0 1 -0.03772235 -0.013374329 -0.00050503016
0.99999076 -0.0009664893 -0.00424321 0.0009787083 0.99999547 0.0028944612 0.004240334 -0.0028985739 0.9999869 -0.015111029 0.0008907318 0.017970085
0.99999917 0.0009517305 0.00055243075 -0.0009520098 0.9999991 0.0006557051 -0.0005518198 -0.0006562313 0.9999996 -0.0030498207 -0.00055503845 0.006698191
1 0 0 0 1 0 0 0 1 0.0134359 0.022176743 0.013502717
0.9999502 0.003189221 -0.009433985 -0.0032914877 0.9999358 -0.010834508 0.009398848 0.010864802 0.99989676 -0.071876004 -0.034279346 -0.08136988
0.9999975 0.0008163599 0.002045665 -0.0008172088 0.9999994 0.00040587783 -0.0020453334 -0.00040755793 0.9999979 -0.00617674 -0.0012612343 0.006377518
1 0 0 0 1 0 0 0 1 -0.004945159 0.013598442 0.027111351
0.99765444 0.06373231 -0.024973989 -0.06291761 0.99750066 0.03215477 0.026961058 -0.03050816 0.9991708 -0.5724703 0.07804155 0.23734379
1 0 0 0 1 0 0 0 1 -0.027077377 -0.013394356 -0.010515928
0.99999803 0.0009514573 0.0017457753 -0.0009518997 0.9999997 0.00022032112 -0.0017455779 -0.00022196025 0.99999833 -0.007056609 0.00040769577 0.0048199296
0.99999833 0.0013296653 0.0013552308 -0.001329922 0.99999934 0.00018201768 -0.0013549812 -0.00018380955 0.999999 -0.0065973066 0.00018024445 0.0047407746
1 0 0 0 1 0 0 0 1 0.0010362864 0.0007314682 0.0022854805
0.9999964 0.0011334734 0.0024911575 -0.0011342571 0.99999905 0.00028892793 -0.0024908222 -0.0002917517 0.9999968 -0.0051278323 -0.0008029938 0.0053850412
0.9999974 0.001187589 0.0019956306 -0.001187653 0.9999991 3.701076E-05 -0.0019955784 -3.9380044E-05 0.99999803 -0.007661149 0.003317833 0.0032033324
1 0 0 0 1 0 0 0 1 0.005969763 -0.009027123 0.007754326
0.9999994 0.0011683814 7.7843666E-05 -0.0011683628 0.9999991 -0.00047565252 -7.838011E-05 0.0004755929 0.9999999 -0.003995359 0.0033540726 -0.0014821291
0.9999844 0.0005942285 -0.005529523 -0.0006298423 0.99997896 -0.006446585 0.0055254996 0.006450042 0.9999638 -0.04027751 -0.020850658 -0.044246912
0.9999974 0.001217261 0.0020536892 -0.0012181699 0.9999994 0.0003966866 -0.0020532086 -0.00039918767 0.9999978 -0.0047808886 -0.0010051727 0.0064074993
0.9999963 7.9639256E-05 0.0026634857 -8.093892E-05 0.99999964 0.00051734596 -0.0026634485 -0.00051754713 0.9999962 -0.007815465 0.0017080307 0.008426249
0.99979544 -0.015793517 0.012631744 0.01563479 0.9997988 0.012574464 -0.012827709 -0.012374371 0.9998412 0.13742805 0.041267395 0.07775855
0.9999986 0.0017707739 -4.810095E-05 -0.0017708126 0.9999985 0.00050202385 4.8980117E-05 -0.0005019326 0.99999994 -0.007355556 -0.00014448166 0.0083161
0.9999979 0.0008057088 0.0018482693 -0.0008061875 0.99999964 0.00028407946 -0.0018480346 -0.0002855733 0.9999983 -0.005885698 -0.00091838837 0.0052971244
0.99999785 0.00051115884 0.0019567013 -0.0005116556 0.99999994 0.00027222105 -0.001956571 -0.000273222 0.9999981 -0.00094662607 -0.0057706833 0.0052217245
1 0 0 0 1 0 0 0 1 0.0036472082 -0.030811548 0.013793081
1 0 0 0 1 0 0 0 1 -0.0063045025 -0.027074337 -0.01739335
1 0 0 0 1 0 0 0 1 -0.018241644 -0.0063967705 -0.0036759377
0.9999986 0.0004774999 0.0016792733 -0.00047826744 0.9999999 0.00045350567 -0.0016790498 -0.0004542917 0.99999845 -0.004445106 -0.0055327415 0.005889833
0.99999654 0.00086055696 0.0024744421 -0.0008617304 0.99999964 0.0004409179 -0.0024740696 -0.00044301897 0.9999968 -0.005905062 0.000118255615 0.006553769
0.99999994 6.811856E-05 0.0008881837 -6.887107E-05 0.99999964 0.00079484796 -0.0008881837 -0.00079491455 0.9999995 0.008197159 -0.0036716461 0.01063326
0.99999774 0.00077624444 0.0017723748 -0.0007768194 0.99999946 0.00035460852 -0.0017721076 -0.00035598548 0.99999833 -0.0041054487 -0.006249666 0.006782055
0.99999607 0.0018995143 -0.0020378232 -0.0019043759 0.99999493 -0.002441503 0.002033174 0.0024454854 0.9999949 -0.012568116 0.001950264 -0.01438725
0.9999984 0.0010366963 0.0014074445 -0.0010370975 0.9999996 0.00031228526 -0.001407139 -0.00031374348 0.99999875 -0.0061799884 -0.0015501976 0.0050649345
0.99999857 0.00040457165 0.0016293004 -0.00040506152 1 0.00030820444 -0.0016291514 -0.00030886382 0.99999857 -0.0052970643 -0.0023345947 0.0052978396
1 0 0 0 1 0 0 0 1 -0.010292411 -0.030546963 -0.0150401
0.99999696 0.0010915045 0.0021928176 -0.0010923101 0.9999992 0.00031984597 -0.002192475 -0.0003222376 0.9999975 -0.006445974 0.00046253204 0.006429851
0.9999633 0.008343801 -0.0019415915 -0.008402534 0.999434 -0.032575756 0.0016688108 0.03259076 0.9994675 -0.08535129 -0.110177994 -0.23375678
1 0 0 0 1 0 0 0 1 0.028160334 -0.00044441223 -0.011909127
1 0 0 0 1 0 0 0 1 -0.009969041 0.017183304 0.0043202937
0.9999979 0.0011933539 0.0018150508 -0.001193596 0.9999994 0.00010783598 -0.0018149465 -0.00010997802 0.9999984 -0.006325811 0.00051164627 0.0039591193
0.9999979 0.0014526838 0.00156334 -0.0014533929 0.9999989 0.00046990812 -0.0015626573 -0.00047216564 0.9999985 -0.006768197 -0.00030946732 0.006754756
1 0 0 0 1 0 0 0 1 0.005545616 -0.010087967 -0.0025658607
0.9999981 0.0009733562 0.001724869 -0.00097378716 0.9999997 0.00026875548 -0.0017246082 -0.0002704393 0.99999857 -0.0071257614 5.6743622E-05 0.0049259067
0.999997 0.0012743479 0.0020574988 -0.0012750211 0.9999991 0.00032299012 -0.0020570888 -0.00032562017 0.99999774 -0.0071986 0.00015974045 0.005761504
1 0 0 0 1 0 0 0 1 0.0077307224 0.010276318 0.074985504
0.99999684 0.0007952992 0.0023217853 -0.00079675205 0.9999993 0.00065147877 -0.0023212666 -0.0006533712 0.99999714 -0.007438793 -0.0020327568 0.009164572
0.99999833 0.00088927266 0.0018046685 -0.00088989525 0.9999999 0.00031483918 -0.0018044226 -0.0003164038 0.9999982 -0.0063343346 -0.00066280365 0.0052444935
1 0 0 0 1 0 0 0 1 0.008033276 -0.003563881 -0.0035731196
1 0 0 0 1 0 0 0 1 -0.013019279 -0.002649784 -0.0158422
0.99999964 0.0006237468 -0.00047069788 -0.0006242716 0.9999993 -0.0008949153 0.00047012419 0.00089523196 0.9999996 -0.0061872005 -0.006920576 -0.00075984
0.9999964 0.00052065996 -0.002579596 -0.00051770336 0.9999993 0.0011432432 0.0025801845 -0.0011419095 0.99999595 -0.006099522 -0.0034008026 0.017113179
0.999998 0.0008664357 0.0017367639 -0.0008670809 0.99999934 0.00033950806 -0.0017364584 -0.00034100935 0.99999845 -0.007855982 -0.0029492378 0.0063111186
0.9999441 4.711747E-05 -0.010581911 -0.00012883544 0.9999704 -0.007729262 0.010581166 0.007730305 0.99991435 -0.06219718 -0.030825138 -0.06624246
0.99999756 0.0005836496 0.0022204965 -0.0005839751 1.0000001 0.0001886189 -0.002220437 -0.0001899004 0.99999744 -0.004661754 -0.0012619495 0.0056390166
0.99999756 0.00085532013 0.0019592792 -0.00085566076 0.9999995 0.00020364113 -0.001959093 -0.00020532496 0.9999981 -0.0067276955 0.00082731247 0.004536867
1 0 0 0 1 0 0 0 1 0.009585857 -0.010843277 0.00026497245
1 0 0 0 1 0 0 0 1 0.05665922 -0.07508516 -0.03013146
0.9999993 0.0004566086 0.0012437329 -0.00045732246 0.99999964 0.00055502355 -0.0012434945 -0.0005555935 0.99999905 -0.0050979257 -0.005863905 0.006690562
0.9999977 0.000687702 0.0020288378 -0.0006881601 0.99999964 0.00016936287 -0.0020287298 -0.0001707729 0.99999785 -0.0065847263 -0.0007491112 0.005783677
0.9999977 0.00077045953 0.0019988278 -0.00077116454 0.99999964 0.00040271692 -0.0019985186 -0.0004042592 0.9999979 -0.0064399466 -0.001349926 0.0061389804
0.9997486 -0.0041537024 0.022028565 0.0038687922 0.9999082 0.012968853 -0.022080451 -0.012880363 0.99967337 -0.0010765791 0.007279068 0.04799503
0.9999976 0.00019641919 0.0021154806 -0.00019753072 0.99999964 0.00052021444 -0.0021153316 -0.0005206615 0.9999977 -0.0021420568 -0.003152132 0.0059611797
0.99999726 0.00084136054 0.0021799386 -0.00084190245 0.9999996 0.00020828843 -0.002179768 -0.00021013618 0.9999977 -0.00497742 5.9127808E-05 0.0047433972
1 0 0 0 1 0 0 0 1 0.0075107813 -0.009541512 0.00045838952
0.9999981 0.001204341 0.0016464368 -0.0012043638 0.99999934 1.0032207E-05 -0.0016464889 -1.2014061E-05 0.99999845 -0.007626325 0.0022411346 0.0040146112
