0.99999094 -0.0008126493 -0.004142031 0.0008233021 0.99999624 0.0025825514 0.00413993 -0.0025858872 0.99998826 0.022190556 -0.0029482841 0.010610163
0.9999922 -0.001334314 -0.0036913045 0.0013392884 0.99999803 0.0013594907 0.0036894865 -0.0013644211 0.9999922 0.023841351 -0.0010457039 0.011394799
0.9999851 0.0044097602 -0.0031771362 -0.0044243336 0.9999797 -0.004587561 0.0031567216 0.0046013296 0.99998426 -0.033926845 0.006904602 -0.057601213
1 0 0 0 1 0 0 0 1 -0.07924771 0.07682705 0.011127368
1 0 0 0 1 0 0 0 1 -0.010034323 0.019327879 0.032734513
0.99999875 -0.00033849056 0.0016521364 0.00033614424 0.9999991 0.0014028396 -0.0016525984 -0.001402284 0.99999756 0.0042691827 -0.00630188 -0.010086298
0.9922282 -0.10836773 -0.061149836 0.108813256 0.99405414 0.0039934814 0.060353465 -0.010616392 0.9981204 0.19410121 0.1202836 0.3540213
0.9999932 -0.0012323274 -0.0034099482 0.0012377545 0.9999978 0.0015981607 0.0034079738 -0.0016023647 0.9999928 0.022278264 0.00018882751 0.014265299
0.9999924 -0.0005649187 -0.0037967972 0.0005790829 0.9999926 0.0037246495 0.0037946552 -0.003726771 0.9999858 0.019425198 0.00040769577 0.01764971
0.9999823 -0.0016363668 -0.005716987 0.0016476898 0.99999636 0.0019961633 0.005713679 -0.0020055845 0.99998164 0.029078081 0.0010008812 0.01261729
0.9999913 -0.0012716089 -0.004015729 0.0012796102 0.9999974 0.0020015612 0.004013179 -0.0020066686 0.9999898 0.022969894 -0.0011386871 0.012460828
0.9999828 -0.00097072887 -0.005793581 0.0009815418 0.99999774 0.0018837862 0.0057917405 -0.0018894412 0.9999814 0.020405874 0.0039868355 0.01203686
0.99999225 -0.0012532885 -0.003786523 0.0012596818 0.99999785 0.0016858801 0.0037844107 -0.0016906299 0.9999914 0.023205265 0.0008788109 0.01217258
1 0 0 0 1 0 0 0 1 -0.42976642 0.03658247 0.27142406
0.9999826 0.00013042841 -0.0059328172 -0.00011135801 0.999995 0.0032154936 0.005933203 -0.0032147653 0.99997723 0.009463191 0.008875847 0.012776852
1 0 0 0 1 0 0 0 1 0.022951603 -0.040783405 0.034023106
1 0 0 0 1 0 0 0 1 -0.41987956 -0.047884464 0.1936059
0.9999956 -0.00036453747 -0.002998978 0.0003768822 0.99999154 0.004108335 0.002997443 -0.004109447 0.9999871 0.017948166 -0.0009860992 0.019938052
0.9999973 -0.0010970483 -0.0019992809 0.0011011206 0.9999971 0.002010759 0.001997074 -0.0020129979 0.9999961 0.021543324 0.0015687943 0.01224941
0.99999386 -0.0013638511 -0.0031881295 0.0013679939 0.9999982 0.0012884922 0.0031863824 -0.0012928545 0.99999404 0.02279061 0.0009021759 0.012739658
1 0 0 0 1 0 0 0 1 0.024749517 -0.014136791 -0.0022523403
0.99999386 -0.0009304234 -0.0033085328 0.0009408195 0.99999446 0.0031455867 0.0033055786 -0.0031487085 0.99998957 0.022515781 0.00066185 0.013829529
0.9999847 -0.0007607383 -0.0054505765 0.0007713628 0.99999774 0.0019292571 0.0054490864 -0.0019334536 0.9999832 0.018702844 0.0012750626 0.012306988
0.99999404 -0.00020316802 -0.0035056174 0.00020624883 0.9999998 0.0009044409 0.0035054386 -0.0009051487 0.99999356 0.01717329 0.0018615723 0.0042995214
0.9999909 -0.0015263606 -0.0040117456 0.0015305355 0.9999985 0.0010220036 0.00401018 -0.0010281168 0.9999914 0.02389872 0.0014505386 0.010158598
0.9999575 -0.0013009459 -0.009133428 0.0012858808 0.99999785 -0.0016598701 0.0091356635 0.0016480982 0.999957 0.020920515 -0.016134739 0.0003888309
0.992489 -0.09490207 -0.07719433 0.09359786 0.9954021 -0.020347834 0.0787704 0.012969866 0.9968083 0.025657177 0.041659355 0.19935799
1 0 0 0 1 0 0 0 1 -0.31812143 -0.19226408 0.0049061775
0.9999996 -0.00038288906 -0.0006778836 0.00038500945 0.99999547 0.00301432 0.00067672133 -0.0030145673 0.99999505 0.0137890875 0.0013446808 0.015815139
0.99998635 -0.00039193284 -0.0052225627 0.00040904107 0.9999945 0.003294262 0.0052212384 -0.003296352 0.9999809 0.012893915 -0.0010471344 0.012364149
0.9999924 -0.0012635211 -0.0037697926 0.0012698236 0.99999785 0.0016594045 0.003767687 -0.0016641878 0.9999916 0.022247123 -0.0006980896 0.011587083
1 0 0 0 1 0 0 0 1 0.013203502 -0.0018229485 0.0077375695
0.9999912 -0.0013712196 -0.0039884113 0.0013760849 0.9999984 0.001214914 0.003986746 -0.0012203828 0.99999136 0.022950098 0.0010251999 0.011806607
0.9999876 -0.0014418213 -0.004732823 0.0014506915 0.9999972 0.0018862225 0.00473007 -0.0018930845 0.9999871 0.02406685 -0.0014309883 0.012874126
0.99999666 -0.0012266025 -0.0023102202 0.0012316586 0.99999684 0.0021601878 0.0023075752 -0.0021630302 0.99999505 0.021948993 -0.0006709099 0.014822423
0.99998885 -0.0015835506 -0.0045000166 0.0015787259 0.99999833 -0.0010745153 0.0045016855 0.0010674037 0.99998933 0.02527824 0.00023674965 0.003840685
0.9999901 -0.0010986085 -0.0042845784 0.0011057027 0.999998 0.0016762614 0.004282729 -0.0016809832 0.9999894 0.023685843 -0.0024089813 0.01076746
1 0 0 0 1 0 0 0 1 0.021495223 -0.00094890594 0.009654999
1 0 0 0 1 0 0 0 1 0.02118373 -0.020686388 0.027935982
0.9999909 -0.0012850139 -0.004029112 0.0012882564 0.99999887 0.000824281 0.004028043 -0.00082946103 0.9999916 0.02330324 -0.003323555 0.007954836
0.99995023 0.0013225162 -0.0098950565 -0.0013066866 0.9999979 0.0016003139 0.009897143 -0.0015873127 0.99994975 -0.0045455694 -0.0114429 0.023423374
0.9938394 -0.08568695 -0.07028814 0.08552563 0.99632174 -0.0053033233 0.07048394 -0.00074097514 0.9975126 -0.02261424 0.05695629 0.28714442
0.99997765 0.00017369539 -0.006667942 -0.00015611202 0.9999966 0.0026336983 0.0066684484 -0.0026326105 0.99997437 0.014327168 0.0051026344 0.020113349
0.99999166 -0.0012694873 -0.0038364343 0.0012754856 0.99999785 0.0015585497 0.0038344432 -0.0015634447 0.99999136 0.023217022 0.00015974045 0.011857152
0.99999326 -0.0014656591 -0.00339292 0.0014705621 0.9999979 0.0014455058 0.003390804 -0.0014504865 0.99999326 0.024194032 0.0018267632 0.013138235
0.9999934 -0.00134608 -0.003305778 0.0013528017 0.99999714 0.0020262897 0.0033030324 -0.0020307498 0.9999924 0.023130689 -0.0030345917 0.012530208
0.9999911 -0.00088472106 -0.0041379333 0.0008942364 0.9999971 0.0022824109 0.0041358955 -0.002286099 0.99998903 0.021891117 0.0003066063 0.011482596
1 0 0 0 1 0 0 0 1 0.005704522 0.026411057 -0.008225322
1 0 0 0 1 0 0 0 1 0.013798118 0.01351881 0.010079682
0.999994 -0.0008994778 -0.0033684508 0.0009072493 0.99999696 0.0022941157 0.0033663777 -0.0022971518 0.9999917 0.022835016 0.00039052963 0.014816582
0.9999892 -0.0012144039 -0.00444293 0.0012192469 0.9999985 0.001082778 0.004441603 -0.0010881778 0.9999896 0.023636382 -0.0051748753 0.007877588
1 0 0 0 1 0 0 0 1 0.011753917 -0.014447212 -0.018540442
0.9999897 -0.0016138857 -0.004208982 0.0016209241 0.9999974 0.0016744062 0.0042062607 -0.0016812012 0.99998975 0.019850865 0.0004401207 0.014647305
0.99997884 -0.0002741752 -0.0065270495 0.00028951582 0.9999973 0.0023742188 0.006526381 -0.0023760796 0.999976 0.007754445 0.007204056 0.008555323
0.99998826 -0.0004622767 -0.0047656894 0.00048162637 0.9999916 0.0040536667 0.004763782 -0.0040559163 0.9999803 0.016120091 -0.0010786057 0.021017015
0.99998295 -0.0015598095 -0.005608678 0.001566153 0.9999975 0.0011516414 0.0056069195 -0.0011604088 0.99998367 0.024955232 -0.0030694008 0.010531753
0.9999842 -0.0014851287 -0.005377479 0.0014956914 0.9999969 0.0019559925 0.0053745285 -0.0019640122 0.9999836 0.02550894 -0.0014014244 0.011440933
1 0 0 0 1 0 0 0 1 0.023149729 -0.050949693 -0.021233022
0.9999916 -0.0015033903 -0.0038123918 0.0015080036 0.9999979 0.0011867434 0.0038106046 -0.0011924915 0.9999921 0.024919108 0.0003733635 0.010976374
0.9999844 -0.0013236888 -0.0054924563 0.0013307808 0.9999983 0.0012943968 0.005490698 -0.0013016984 0.9999842 0.018254682 -0.0014395714 0.008823037
0.99998355 -0.0015185778 -0.0055409893 0.001525379 0.99999815 0.001236455 0.0055391043 -0.0012448886 0.9999839 0.025643766 -0.0076680183 0.0074816346
0.9999926 -0.0012907314 -0.0035948046 0.0012981233 0.9999969 0.002056595 0.0035921186 -0.002061233 0.99999124 0.024579078 0.0017194748 0.013996601
1 0 0 0 1 0 0 0 1 -0.0004311204 -0.011385441 0.013317924
0.99999404 -0.000587157 -0.003481742 0.0006010784 0.99999195 0.0040042037 0.0034793727 -0.0040062713 0.99998593 0.018621191 -0.0012102127 0.019457579
1 0 0 0 1 0 0 0 1 0.003314674 -0.024035454 -0.047047794
0.99994415 -0.010379607 -0.0020168275 0.010440573 0.9993999 0.033030577 0.0016726851 -0.03304968 0.9994521 0.069084644 -0.026722908 0.273882
0.9999925 -0.0013918291 -0.0036068764 0.001398663 0.99999714 0.0018772632 0.00360425 -0.0018822942 0.9999916 0.023725847 -0.0012106895 0.013123035
0.9999938 -0.0006615138 -0.003480539 0.0006740164 0.9999934 0.0036006086 0.0034781354 -0.0036029294 0.99998754 0.019990508 0.002767086 0.018202603
0.9999931 -0.0010447949 -0.0035571763 0.0010552647 0.999995 0.0029659532 0.0035540578 -0.0029696897 0.9999892 0.01947987 0.0011963844 0.017720342
0.999994 -0.0013019717 -0.0031680092 0.0013059995 0.99999833 0.0012868568 0.0031663347 -0.0012909826 0.99999416 0.023163855 -0.00010728836 0.011118174
1 0 0 0 1 0 0 0 1 -0.13879037 0.03529644 -0.033013463
0.9999918 -0.0008114923 -0.00397671 0.0008253711 0.9999934 0.003512727 0.0039738193 -0.0035159905 0.99998575 0.021209046 -0.0008029938 0.01722759
0.9999953 -0.0006760047 -0.0029345267 0.0006862015 0.9999937 0.0034573078 0.0029321723 -0.0034593008 0.9999896 0.020314641 0.0004916191 0.016163826
0.999986 -0.001414277 -0.005150549 0.0014170653 0.9999989 0.0005593747 0.0051497743 -0.00056667626 0.9999867 0.024017781 -0.008246422 0.0058862865
0.9999919 -0.0012710568 -0.0037926454 0.001279607 0.99999666 0.00224288 0.0037897779 -0.0022477265 0.9999904 0.026639193 0.0017414093 0.009507179
1 0 0 0 1 0 0 0 1 0.029033184 0.040257454 0.0023340583
0.9999943 -0.0014800329 -0.0030513704 0.0014826464 0.99999875 0.0008735843 0.003050059 -0.00087808445 0.9999949 0.026607811 0.0010259151 0.010183632
1 0 0 0 1 0 0 0 1 0.010840654 -0.094358444 -0.033670664
0.99992394 0.012330353 0.0006991029 -0.012330398 0.99992406 0.00012418628 -0.00069761276 -0.00013282895 0.99999976 -0.013028979 0.022790909 0.036002398
0.99997663 -0.00019350275 -0.0068510175 0.0001972802 0.99999976 0.0005482137 0.0068508983 -0.0005495846 0.99997634 0.01254648 -0.034929752 -0.0005837679
0.9999923 -0.0006819899 -0.0038777217 0.00069272023 0.9999958 0.0027732868 0.0038758107 -0.0027759522 0.9999886 0.01740469 -0.0058283806 0.013640523
0.99997795 -0.0016164364 -0.0064496286 0.0016234845 0.99999815 0.0011014957 0.0064478405 -0.001111947 0.9999787 0.026487589 -0.0032203197 0.0046674907
0.9999846 -0.0017374677 -0.005245261 0.0017426016 0.99999803 0.0009813167 0.0052435435 -0.0009904404 0.99998575 0.024656933 0.00019550323 0.010327846
0.99191266 -0.088943854 -0.09054518 0.08770905 0.9959917 -0.01753357 0.09174183 0.009450287 0.9957379 -0.078831434 0.035942554 0.23176432
0.9999897 -0.0008698958 -0.0044414103 0.0008749396 0.99999875 0.0011412436 0.004440397 -0.0011451133 0.9999896 0.016270697 -0.0010638237 0.00500077
0.9999921 -0.0022945737 -0.0032607988 0.0022975474 0.99999714 0.0009001866 0.0032587275 -0.00090767443 0.9999943 0.027273893 -0.0052866936 0.0049575567
0.999995 -0.0013630416 -0.0028338395 0.001367811 0.9999975 0.0017255973 0.0028314926 -0.0017294567 0.9999943 0.025039583 -0.0005354881 0.010116875
1 0 0 0 1 0 0 0 1 -0.0036115646 -0.013267517 0.08326125
0.9999898 -0.0014975155 -0.0042266287 0.0015030922 0.99999803 0.0013032854 0.004224688 -0.0013096482 0.9999903 0.02900824 0.0074477196 0.009673238
0.99999416 -0.0012130635 -0.0031883493 0.0012177047 0.9999982 0.0014931001 0.0031865388 -0.0014969446 0.9999937 0.023245186 0.0031204224 0.011610866
1 0 0 0 1 0 0 0 1 -0.5266925 -0.13574123 0.14158535
1 0 0 0 1 0 0 0 1 0.011587739 0.03489113 -0.024096012
0.9999955 -0.0004060152 -0.0029054284 0.00041726627 0.99999225 0.0038889516 0.002903819 -0.003890153 0.9999882 0.017393343 -0.00077438354 0.01818496
1 0 0 0 1 0 0 0 1 0.041839123 0.0027093887 -0.017453432
0.9999839 -0.0009912227 -0.00558939 0.0010022031 0.99999756 0.0019771913 0.0055874214 -0.001982763 0.99998236 0.020830154 -0.0029435158 0.0082194805
0.9999896 -0.001468928 -0.004277244 0.0014727617 0.99999857 0.0008716062 0.0042759925 -0.0008778982 0.9999904 0.024330378 0.00079751015 0.008334935
0.999985 -0.0007188859 -0.0054731146 0.00073035667 0.99999774 0.002089457 0.005471602 -0.0020934204 0.9999827 0.0128723085 0.0011787415 0.0105547905
0.9999939 -0.00041337032 -0.003481999 0.00042592268 0.9999933 0.0036093965 0.0034805238 -0.0036108606 0.9999874 0.01633966 -0.005080223 0.011334419
0.99999124 -0.0015250898 -0.0038818792 0.0015304275 0.9999978 0.0013576709 0.0038798042 -0.0013635978 0.99999154 0.023879677 0.00049972534 0.011984527
0.99998987 -0.0015721426 -0.004196454 0.0015773647 0.9999979 0.0012836084 0.0041944273 -0.0012902021 0.9999902 0.024252385 0.0013127327 0.011463821
0.99180365 -0.10886592 -0.06688666 0.107824385 0.9939884 -0.01900044 0.06855297 0.011632457 0.9975797 0.17028666 0.06961107 0.19282794
0.9999908 -0.001321041 -0.004049828 0.0013257241 0.99999845 0.0011457875 0.0040483074 -0.001151152 0.9999912 0.02438818 -0.0016217232 0.010786176
0.9999935 -0.0006286886 -0.003510747 0.00064197107 0.9999926 0.0037884153 0.0035083331 -0.003790644 0.9999866 0.019270431 -0.0011548996 0.018330932
0.99999285 -0.0012135073 -0.0035833376 0.0012221232 0.99999624 0.002414707 0.0035803951 -0.0024190657 0.9999906 0.022795096 0.0012979507 0.017021418
0.999903 -0.003371443 -0.013497964 0.0034485117 0.9999777 0.0056897774 0.013478465 -0.00573577 0.99989265 0.03833759 -0.0052776337 0.039010108
0.99999034 -0.0014886126 -0.004104099 0.0014925165 0.9999985 0.0009309016 0.0041027116 -0.00093701854 0.9999911 0.025912464 -0.0035932064 0.008763313
0.9999863 -0.0013566107 -0.005042799 0.0013658911 0.9999973 0.0018343283 0.005040301 -0.0018411973 0.99998564 0.02426134 -0.0014357567 0.010529101
0.9999873 -0.00045458332 -0.005034834 0.0004740525 0.9999924 0.003873936 0.0050330013 -0.0038762726 0.99998 0.014878958 -0.0014781952 0.020472258
0.9999888 -0.0007274812 -0.0046638176 0.000738794 0.9999968 0.002433041 0.0046620145 -0.002436461 0.9999861 0.018914014 -0.0002322197 0.01429677
1 0 0 0 1 0 0 0 1 0.03144002 -0.01703024 0.023851871
0.99999475 0.0015005544 -0.002807647 -0.0014947471 0.9999964 0.0021076489 0.0028108358 -0.0021034395 0.99999374 -0.011364818 0.0022109374 0.017361999
0.999939 -0.005201116 -0.009745583 0.00520204 0.9999865 8.518994E-05 0.009745181 -0.00013590232 0.9999523 0.03872186 -0.00797987 0.013875663
0.9999951 -0.0008610487 -0.0030914247 0.00085934997 0.99999946 -0.00055255974 0.003091908 0.00054990826 0.9999951 0.006607473 0.048223495 -0.0005640052
0.99999267 -0.0013999082 -0.0035659876 0.0014058945 0.9999976 0.0016598031 0.0035636574 -0.0016648173 0.9999923 0.02394773 -0.000477314 0.0129022
1 0 0 0 1 0 0 0 1 -0.0018030405 0.0169878 5.030632E-05
0.99999005 -0.0012482209 -0.00428655 0.001257428 0.9999966 0.0021505896 0.0042838827 -0.0021559764 0.9999886 0.022400554 0.002398014 0.011717439
0.99998987 -0.0009830318 -0.004378346 0.0009913302 0.99999756 0.0019051246 0.004376461 -0.0019094497 0.9999885 0.020399103 0.00052928925 0.013059318
0.9999827 -4.9226684E-05 -0.0059086755 7.0152804E-05 0.99999374 0.0035443977 0.0059084743 -0.0035447702 0.9999764 0.012757346 0.007498741 0.019153118
0.9999744 -0.0007190177 -0.00713104 0.0007378707 0.9999965 0.002646327 0.0071291067 -0.0026515163 0.99997115 0.0155721605 0.008092403 0.0114527345
1 0 0 0 1 0 0 0 1 0.0041172504 0.02773285 0.011077881
0.99999017 -0.0006175199 -0.004399061 0.00063017744 0.99999565 0.0028943287 0.0043972507 -0.0028970756 0.9999863 0.016925469 -0.0005350113 0.014732897
1 0 0 0 1 0 0 0 1 0.016058505 0.017940521 0.037228584
1 0 0 0 1 0 0 0 1 -0.43877363 -0.12832785 -0.06824422
0.9961018 -0.073957324 -0.048079517 0.07429105 0.99722326 0.005188941 0.047562294 -0.008740462 0.99883 -0.042056203 0.064385414 0.33626008
1 0 0 0 1 0 0 0 1 -0.4878145 -0.022699356 0.20132804
0.9999887 -0.0011611562 -0.0045883656 0.0011795554 0.99999124 0.003983874 0.0045836866 -0.0039892755 0.9999815 0.020159423 0.0056734085 0.02102679
0.99999315 -0.0012572684 -0.003393352 0.0012665457 0.99999523 0.0027547907 0.00338988 -0.0027590785 0.99999034 0.023259826 0.00042152405 0.018449962
0.99999106 -0.0013574562 -0.0040157214 0.0013611857 0.99999887 0.0009093769 0.004014477 -0.00091483817 0.99999154 0.023921492 0.0016565323 0.010335505
1 0 0 0 1 0 0 0 1 -0.003358364 0.00431633 0.0043017045
0.9999941 4.319474E-05 -0.0033771843 -3.2087788E-05 0.99999475 0.0032654852 0.0033772737 -0.0032654107 0.99998873 0.0072514415 0.0023288727 0.010431074
0.99998176 -0.00039355457 -0.0060049593 0.00041322224 0.9999944 0.003289882 0.006003529 -0.0032922514 0.9999765 0.019819908 0.006652832 0.0273166
0.9999871 -0.0015594517 -0.0048357137 0.0015642338 0.9999985 0.00097207725 0.00483419 -0.0009796135 0.99998784 0.024343025 0.00035524368 0.008814156
0.9999825 -0.0012606713 -0.0057743825 0.0012679165 0.99999857 0.0012590159 0.005772788 -0.00126631 0.99998254 0.024791598 -0.006904125 0.0074191093
-0.22998351 -0.18193784 -0.9560367 0.06970091 0.97676754 -0.20265016 0.9706954 -0.11324282 -0.21195914 -2.3054407 0.20925069 2.833544
0.19877589 -0.4034923 0.89313036 -0.4198105 0.7884171 0.44961914 -0.8855772 -0.4643191 -0.012672025 -1.730186 -0.94114465 -0.34704155
0.9999953 -0.0010311985 -0.0029186048 0.0010322016 0.9999993 0.00032618642 0.002918277 -0.0003292039 0.9999957 0.030539513 0.0032184124 0.008096993
0.99998325 -0.0015709163 -0.005612962 0.0015789415 0.9999976 0.0014629476 0.005610667 -0.00147181 0.9999833 0.026423573 -0.0032737255 0.009521246
1 0 0 0 1 0 0 0 1 -0.004151225 0.0022010803 0.018661618
1 0 0 0 1 0 0 0 1 -0.021042824 0.014533997 -0.004750252
0.9999929 -0.0010605855 -0.0035482273 0.0010705125 0.9999957 0.0027600825 0.003545314 -0.0027638227 0.9999896 0.023101427 0.002655983 0.017000914
1 0 0 0 1 0 0 0 1 0.024825454 -0.00678993 0.0009152293
0.9999946 -0.0028724875 -0.0016934015 0.0028742282 0.9999954 0.0010204273 0.0016904622 -0.0010252846 0.9999981 0.0351336 -0.004137397 0.0070520043
0.99998176 -0.0009804836 -0.0059329756 0.000973833 0.9999989 -0.0011060275 0.0059340447 0.0011002235 0.9999819 0.01970404 -0.018707275 0.0037534237
0.99998677 -0.0018436022 -0.00482649 0.0018469691 0.9999981 0.0006932393 0.0048252344 -0.00070219487 0.999988 0.026661575 -0.0016851425 0.007377267
0.99997985 -0.0011731503 -0.006241031 0.0011801515 0.99999857 0.001120545 0.006239727 -0.0011279061 0.99998003 0.019983947 0.0011692047 0.008978605
0.9999839 -0.0010748443 -0.0056283027 0.0010877308 0.9999971 0.002298871 0.0056258067 -0.0023049526 0.99998146 0.022560596 -0.0021119118 0.011410654
0.99997914 0.00026905723 -0.0064688027 -0.00024571642 0.9999935 0.0036052503 0.0064697117 -0.003603574 0.9999726 0.011179581 0.0034599304 0.02333039
0.99999285 -0.00049478235 -0.0037412122 0.00050588977 0.9999955 0.0029668622 0.0037397444 -0.0029686913 0.99998856 0.018772595 0.0015206337 0.016148567
1 0 0 0 1 0 0 0 1 0.006182134 0.010250568 0.01935035
1 0 0 0 1 0 0 0 1 0.0522604 -0.03641939 0.0066079497
1 0 0 0 1 0 0 0 1 -0.007816076 -0.01397419 0.045237333
0.9999916 -0.0010947194 -0.0038714781 0.0011043283 0.9999962 0.0024783053 0.0038687289 -0.0024825856 0.9999894 0.022873277 0.0008749962 0.013785243
0.9999908 -0.00066594384 -0.0041820593 0.00068209483 0.9999924 0.0038382802 0.004179485 -0.0038411152 0.999984 0.019409597 0.00044250488 0.02056098
0.99999243 -0.0012852016 -0.003679012 0.0012902503 0.9999983 0.0013492554 0.0036772722 -0.0013539977 0.9999924 0.022022499 -0.0013771057 0.01200217
1 0 0 0 1 0 0 0 1 0.025831103 0.014883041 0.013873532
0.9999936 -0.0014041804 -0.003383018 0.0014083341 0.99999857 0.0012186691 0.003381282 -0.0012234151 0.9999935 0.025038391 0.0006737709 0.010501504
0.9999661 0.008158833 -0.0010186136 -0.008151766 0.99994445 0.0066547617 0.0010728091 -0.006646283 0.99997735 -0.06745124 0.0011730194 0.04827106
0.9941175 -0.09335523 -0.054916084 0.091417745 0.9951323 -0.036798947 0.058084086 0.031562038 0.9978127 0.09344554 -0.020745277 0.028342724
0.99998885 -0.0008404046 -0.004619401 0.00085279054 0.9999958 0.002692176 0.004617119 -0.0026960913 0.99998564 0.018309424 0.0006227493 0.01734531
1 0 0 0 1 0 0 0 1 0.00804399 -0.0008120537 0.005938351
0.9999942 -0.00033561199 -0.0034235716 0.0003491002 0.9999922 0.003947858 0.0034222454 -0.0039490312 0.99998647 0.017010018 -0.0010051727 0.019073606
0.999995 -0.00046180654 -0.003085032 0.00047266716 0.9999936 0.0035048686 0.0030833483 -0.0035063215 0.9999889 0.017784059 -0.0037736893 0.010867298
0.99998915 -0.0010353625 -0.0045327246 0.0010308139 0.99999917 -0.0010279715 0.0045337677 0.0010232329 0.99998915 0.028953433 -0.02438116 -0.0006094724
0.99656856 -0.07046574 -0.04342664 0.070017695 0.9974767 -0.011752054 0.044145055 0.008671127 0.9989877 -0.05238986 0.021683693 0.19593227
0.9999801 0.00024035649 -0.0063576214 -0.00022166944 0.999996 0.0029337388 0.0063582966 -0.0029322598 0.99997556 0.006776154 0.0071468353 0.014963269
0.99999535 -0.0005803858 -0.0029582828 0.0005878564 0.99999666 0.002544947 0.0029568076 -0.0025467612 0.9999922 0.019921497 -0.0047254562 0.010602832
0.9999996 0.000721653 0.00019136071 -0.0007218458 0.9999993 0.00088973343 -0.00019070506 -0.000889875 0.9999996 0.0059041977 0.0007967949 -0.0026508272
0.9999932 -0.00043750997 -0.0036439747 0.00045055297 0.9999935 0.003581496 0.0036423858 -0.0035831165 0.9999868 0.01994425 -0.002696991 0.013673514
0.99997836 -0.002352667 -0.006166756 0.0023553628 0.99999696 0.00041997992 0.0061658323 -0.00043449365 0.99998075 0.041228056 -0.0102136135 0.0077795237
0.9999903 -0.00078396115 -0.0043253666 0.0007987474 0.9999939 0.0034032846 0.0043226713 -0.0034067053 0.99998486 0.018822521 -0.0017895699 0.01713854
0.99998033 -0.0022213794 -0.005871892 0.0022661341 0.99996823 0.0076519772 0.005854696 -0.007665053 0.9999534 0.031740487 -0.0006198883 0.056702003
0.99998665 -0.0012213548 -0.0049990695 0.0012309754 0.9999976 0.0018919408 0.0049967403 -0.001898054 0.9999855 0.019509546 -0.0032730103 0.0123928785
0.999987 -0.0018491889 -0.0047867894 0.0018485356 0.9999983 -0.00012893975 0.004786998 0.000120256096 0.99998856 0.024970686 0.001077652 0.00615865
0.9999918 -0.0008287071 -0.003938392 0.0008401978 0.9999953 0.0029192902 0.003935948 -0.0029225852 0.99998784 0.023126692 -0.001625061 0.017579794
0.9999907 -0.00138782 -0.004043352 0.0013929188 0.9999982 0.0012717992 0.004041575 -0.0012773946 0.99999094 0.024164155 0.0036611557 0.011295259
0.9999937 0.003420976 -0.0011131465 -0.0034239506 0.99999064 -0.0026713498 0.0011039972 0.0026751664 0.9999957 0.024221659 -0.018708229 0.0051885247
1 0 0 0 1 0 0 0 1 -0.009640217 -0.016683578 -0.08572614
0.9999905 -0.0014238639 -0.004043814 0.0014275169 0.9999982 0.00091988966 0.00404248 -0.0009256564 0.99999124 0.024303112 -0.00021409988 0.010309696
0.9999982 -0.0008672327 -0.0015605837 0.00087076495 0.99999714 0.002258447 0.001558587 -0.0022597956 0.99999607 0.018158525 -0.0014619827 0.021131039
0.99999225 -0.0014550665 -0.003690953 0.0014652918 0.99999547 0.002749309 0.0036869342 -0.002754698 0.99998933 0.021434665 -0.00019311905 0.01207608
0.99999315 -0.0013049273 -0.003452206 0.0013071074 0.9999991 0.0006370768 0.0034513678 -0.0006415993 0.99999374 0.021592498 -0.04371345 0.0030631423
1 0 0 0 1 0 0 0 1 0.020579457 -0.01536417 0.0007741153
1 0 0 0 1 0 0 0 1 0.008324623 0.0024852753 0.013251007
0.99999404 -0.0011112355 -0.0032678768 0.0011167005 0.9999981 0.0017063953 0.0032659546 -0.0017100088 0.99999315 0.023771413 0.004816532 0.0109478235
1 0 0 0 1 0 0 0 1 0.05288458 -0.023455143 -0.042179346
0.99999046 -0.0012492985 -0.004205197 0.0012515448 0.99999905 0.000536114 0.004204482 -0.0005413443 0.9999911 0.010242224 -0.05796361 0.010053992
1 0 0 0 1 0 0 0 1 -0.07899529 -0.071107864 -0.10347676
1 0 0 0 1 0 0 0 1 0.0028409958 -0.013765335 -0.053847253
0.9999904 -0.0016217234 -0.0040966924 0.0016259626 0.99999815 0.0010190718 0.0040950384 -0.0010257363 0.9999912 0.024164043 0.0002527237 0.01077801
0.99999195 -0.0009319741 -0.0038858056 0.0009461262 0.9999926 0.0036719153 0.003882355 -0.0036755586 0.9999857 0.021412877 -0.0030269623 0.016183287
0.99999315 -0.0012192085 -0.0035085678 0.0012243859 0.9999982 0.0014976561 0.0035067312 -0.0015019402 0.9999927 0.024610631 -0.0021066666 0.011068106
0.9999931 -0.0014070286 -0.003424365 0.0014152161 0.99999595 0.0024269652 0.003420934 -0.0024317969 0.9999912 0.023113623 0.0007824898 0.015285313
0.99519396 -0.045502827 -0.086708724 0.040669844 0.9975619 -0.056711152 0.089077994 0.052912146 0.99461824 -0.34518766 -0.24834394 -0.094415665
0.9999946 -0.0010115057 -0.0031781197 0.0010192171 0.99999654 0.0024203882 0.003175661 -0.0024236143 0.99999195 0.029527873 0.009411812 0.004521787
0.999991 -0.0012951144 -0.0039827377 0.0013000051 0.9999984 0.0012315568 0.003981133 -0.0012367368 0.9999914 0.022801079 -0.0011959076 0.011662424
0.9999902 -0.0018319604 -0.0039823093 0.0018345705 0.999998 0.00066303276 0.003981089 -0.0006703306 0.9999917 0.02283058 -0.0022068024 0.009663701
0.99998367 -0.0015878539 -0.005501963 0.0016024832 0.9999953 0.002669707 0.0054976926 -0.0026784614 0.9999813 0.019991636 0.011796951 0.013378322
0.99998575 -0.0017029003 -0.0051070377 0.0017091176 0.9999978 0.0012195706 0.0051049516 -0.0012282282 0.9999863 0.026275188 -0.003674984 0.00976634
0.99999714 -0.00060939416 -0.002345413 0.0006167409 0.9999952 0.0030392967 0.0023435205 -0.0030407272 0.9999927 0.015806377 -0.00010681152 0.014783561
0.9999967 -0.0013123824 -0.0021555722 0.0013150529 0.99999833 0.001224881 0.0021539405 -0.0012277067 0.9999969 0.02898391 -0.009975672 0.0016918778
0.99552715 -0.074962616 -0.05749798 0.07434103 0.99714977 -0.012876153 0.058299273 0.008544236 0.99826247 -0.05798185 0.028568268 0.21082425
0.947519 0.04737651 -0.31616938 -0.29860312 0.48444402 -0.82228345 0.11420949 0.8735384 0.47316685 -1.7206007 0.22197151 -7.0653343
0.999939 0.0028993664 -0.010653451 -0.0028397404 0.9999801 0.0056023374 0.0106695 -0.005571671 0.99992764 -0.02706647 0.008371353 0.030779302
0.99999267 -0.001332009 -0.0035545826 0.0013369401 0.9999982 0.001378696 0.0035527349 -0.0013834354 0.9999927 0.02390933 -0.0014028549 0.0122333765
0.9999916 -0.0014693693 -0.0038003772 0.0014729267 0.99999815 0.0009189807 0.0037990399 -0.000924591 0.99999225 0.02385728 0.0013184547 0.011531353
0.9999933 -0.0016346648 -0.0032209232 0.0016367957 0.9999984 0.00064510107 0.0032198653 -0.00065036863 0.9999945 0.025726229 0.004946232 0.013071895
0.99999046 -0.001437356 -0.004095029 0.0014434255 0.99999756 0.0015132017 0.00409285 -0.00151911 0.9999905 0.023881257 0.0016160011 0.012139916
0.9999957 -0.0012282069 -0.0025887112 0.001230209 0.99999917 0.00076248497 0.0025877734 -0.0007656589 0.99999624 0.025724024 -0.0038180351 0.009761274
0.9999909 -0.0017921356 -0.0037829056 0.0017909785 0.9999982 -0.00033407658 0.0037835613 0.0003272593 0.99999285 0.026208192 0.0026168823 0.006606221
1 0 0 0 1 0 0 0 1 -0.03518212 0.013918877 -0.006405279
0.99969125 0.0036344454 -0.02458623 -0.003528297 0.9999843 0.0043615103 0.024601787 -0.00427337 0.99968827 -0.037329793 -0.007375717 0.03925836
0.9999863 -0.0010030787 -0.005111493 0.0010145938 0.9999971 0.0022420548 0.0051091984 -0.0022472143 0.9999843 0.024324596 -0.008404255 0.011208206
1 0 0 0 1 0 0 0 1 0.011229724 0.009124279 0.02214396
1 0 0 0 1 0 0 0 1 -0.02741313 0.026813984 0.07395905
0.9962261 -0.063482165 -0.059195787 0.06255072 0.9978891 -0.017461121 0.06017928 0.013692729 0.99809366 -0.14632416 -0.00074005127 0.17139459
0.99999064 -0.0010093547 -0.004289625 0.0010209309 0.99999595 0.002746135 0.004286836 -0.0027504675 0.999987 0.021224834 0.0040540695 0.017340302
0.999992 -0.0012161529 -0.003773041 0.0012272979 0.99999475 0.0029493682 0.0037694052 -0.0029539838 0.9999886 0.021037392 0.00053596497 0.01747191
0.999994 -0.002849266 -0.0019401014 0.0028559044 0.9999901 0.0034105852 0.001930356 -0.0034160838 0.99999225 0.023036748 0.008512497 0.0050075054
0.99999696 -0.00039170962 -0.0024342537 0.0004006005 0.99999326 0.003663497 0.0024328083 -0.0036645904 0.9999903 0.018784922 -0.002503395 0.011077881
-0.06708997 -0.99720985 0.032733083 -0.63570046 0.017436355 -0.7717391 0.7690151 -0.07258448 -0.63509655 2.1421137 3.2136178 2.491278
0.9999847 -7.742434E-05 -0.005527571 8.4799714E-05 0.9999993 0.0013243686 0.005527459 -0.0013248101 0.99998385 0.015232593 -0.00077700615 0.008042455
0.9999915 -0.0010228328 -0.003960319 0.0010295322 0.9999979 0.0016725753 0.0039585605 -0.0016766395 0.99999076 0.012834251 0.0013251305 0.013562024
0.9999992 5.7491707E-06 -0.0011528134 -5.6835124E-06 0.9999998 -1.260452E-05 0.0011527985 1.2613833E-05 0.99999934 0.011845827 -0.000238657 -0.0024136305
0.9999897 -0.0013938447 -0.004288193 0.0014012861 0.9999975 0.0017310958 0.004285779 -0.001737087 0.9999892 0.023383314 -0.0009007454 0.012057543
0.99998343 -0.0013609353 -0.00562042 0.0013650367 0.99999875 0.0007212125 0.00561944 -0.0007288568 0.99998397 0.025620714 0.00044989586 0.004887283
-0.70538604 0.6857401 0.17941934 -0.5538055 -0.37518483 -0.7433277 -0.44241434 -0.6236962 0.6444166 -8.864233 6.475001 2.6010199
0.99998736 -0.0005350285 -0.005015634 0.00054560066 0.9999977 0.002096776 0.0050145313 -0.0020994768 0.9999852 0.018549114 -0.00033855438 0.011101961
0.99998426 -0.0006827995 -0.005592825 0.0007007312 0.9999947 0.0032065343 0.0055906046 -0.0032104068 0.9999793 0.019274592 -0.0039725304 0.010987163
0.9999918 -0.0012019754 -0.0038591027 0.0012122015 0.99999565 0.0026687384 0.0038558692 -0.002673395 0.9999889 0.021340273 0.0016202927 0.016191304
0.9999926 -0.00037086755 -0.0038155094 0.00037552416 0.9999991 0.0012427852 0.0038150474 -0.001244212 0.999992 0.014101714 -0.0041179657 0.0074191093
0.9999931 -0.00089751417 -0.0036006868 0.0009045298 0.9999975 0.0019466281 0.003598936 -0.0019498914 0.99999154 0.020416994 0.0047221184 0.010156751
0.9999921 -0.00139373 -0.003719844 0.0013991562 0.999998 0.0014125444 0.0037178732 -0.00141773 0.9999921 0.024013072 0.0024614334 0.013035595
1 0 0 0 1 0 0 0 1 0.003055334 -0.011422634 0.008403778
0.9999832 -0.0012360706 -0.005637817 0.0012404177 0.9999987 0.00075759925 0.0056368597 -0.00076458603 0.99998385 0.022983372 -0.0053424835 0.0026894808
0.99999416 -0.0012744309 -0.003186021 0.0012798887 0.99999756 0.0017109886 0.003183838 -0.0017150678 0.99999356 0.022355586 0.0007095337 0.013448894
0.9980978 0.01623038 -0.05947844 -0.014138054 0.99927217 0.03542839 0.060010158 -0.034520082 0.9976008 -0.05355811 0.0024785995 0.19274533
0.9999831 -0.00019686436 -0.005805105 0.0002164616 0.9999942 0.0033879587 0.0058044195 -0.0033891285 0.99997747 0.008047104 0.004447937 0.020219326
0.9999918 -0.00070780586 -0.004077073 0.00072293467 0.99999297 0.003721361 0.0040743947 -0.0037242714 0.99998474 0.019645646 -0.0009393692 0.017479062
0.999999 -0.0002636133 -0.0014208276 0.00026523287 0.9999993 0.0011005327 0.0014205351 -0.0011009052 0.99999833 0.015495958 -0.0031933784 0.000693202
0.9998982 -0.007946765 -0.011851132 0.008049186 0.9999301 0.008624926 0.011781797 -0.008719519 0.9998925 0.08591645 0.0018396378 0.068824455
0.9999814 -0.0013468622 -0.006015029 0.0013531928 0.99999887 0.001065392 0.0060136057 -0.0010734908 0.99998146 0.024956346 -0.0048992634 0.006910473
0.9999929 -0.0015146956 -0.0033907779 0.0015162752 0.9999986 0.00046928972 0.0033900614 -0.00047443807 0.99999416 0.024591655 0.00036668777 0.01067853
1 0 0 0 1 0 0 0 1 0.014058113 0.009683609 0.0066741705
0.99383307 -0.10266493 -0.041902404 0.10376014 0.9942919 0.024852544 0.039111733 -0.029047132 0.99881256 0.22433972 0.21711254 0.4498489
0.99998635 8.080178E-05 -0.0052299947 -5.9795566E-05 0.99999195 0.0040117633 0.0052303076 -0.004011398 0.99997824 0.011336803 -0.00024223328 0.021716297
1 0 0 0 1 0 0 0 1 0.00913763 -0.0073246956 -0.01750958
0.99766636 -0.047016263 -0.049510658 0.04643464 0.998839 -0.0128306 0.050056368 0.010501847 0.9986914 -0.24296737 -0.0139045715 0.18420672
0.99999315 -0.0013827722 -0.0033961702 0.0013880745 0.9999977 0.00155567 0.0033940189 -0.00156039 0.999993 0.02407004 0.0007596016 0.011902571
1 0 0 0 1 0 0 0 1 -0.041713357 -0.017673492 -0.047817767
0.99988467 -0.0052524433 -0.014255613 0.0057712644 0.99931306 0.036604226 0.014053643 -0.03668222 0.9992281 -0.46576798 0.019956589 0.47366595
1 0 0 0 1 0 0 0 1 -0.48364425 -0.12599516 0.119204044
0.9999926 -0.0013608321 -0.0035777166 0.0013654128 0.9999983 0.0012826938 0.0035759658 -0.0012875702 0.9999928 0.024046004 -0.00067567825 0.011574566
0.9999883 -0.0010576942 -0.0047389306 0.0010677954 0.9999972 0.0021295175 0.004736658 -0.0021345504 0.99998647 0.019777559 0.0016551018 0.013185859
1 0 0 0 1 0 0 0 1 0.01202333 0.018817425 0.010955691
0.99999315 -0.0005173221 -0.0036221482 0.0005313038 0.9999924 0.0038484726 0.0036201328 -0.0038503762 0.9999859 0.018428348 -0.00411129 0.01461935
0.99999475 -0.0012433352 -0.0030414462 0.0012497192 0.9999971 0.0021043066 0.003038831 -0.0021080961 0.9999932 0.023401678 -0.0006737709 0.01270467
1 0 0 0 1 0 0 0 1 0.00861907 -0.014577627 -0.03150654
0.99999654 -0.0003060922 -0.0026898086 0.00031568855 0.9999935 0.0035659894 0.0026887357 -0.0035667643 0.9999901 -0.009103388 -0.0039482117 0.012204245
0.99291277 -0.095384 -0.07089466 0.09530556 0.9954378 -0.0044957697 0.07099986 -0.0022929907 0.9974737 0.05382514 0.07971382 0.30143452
0.9999935 -0.00022464043 -0.003594702 0.00023879475 0.9999922 0.003953012 0.003593783 -0.0039538443 0.9999858 0.016257972 -0.0006504059 0.016426206
0.9999977 -0.0016142917 0.0013787076 0.0016110213 0.999996 0.0022858232 -0.0013824031 -0.0022835918 0.99999654 0.015678689 -0.018730164 0.000585258
0.98762506 -0.108391896 -0.11335069 0.108049 0.9941032 -0.009183288 0.113677725 -0.0031779706 0.99351263 0.011031628 0.10533762 0.37719154
0.9999784 -0.00082306215 -0.006492354 0.0008401552 0.9999961 0.0026248526 0.0064901635 -0.0026302524 0.99997544 0.023177937 -0.0003232956 0.020354688
0.9999905 -0.0013699117 -0.0041202866 0.0013753334 0.99999833 0.0013060607 0.00411848 -0.0013117008 0.9999906 0.02330605 0.0010290146 0.011837184
0.99999446 -0.0019339663 -0.002698239 0.0019366404 0.9999975 0.0009812387 0.0026963316 -0.000986455 0.9999958 0.03917883 -0.0029454231 0.01113373
1 0 0 0 1 0 0 0 1 0.022947133 -0.015474796 -0.001234144
1 0 0 0 1 0 0 0 1 0.02467823 0.004461646 0.011827111
1 0 0 0 1 0 0 0 1 0.05356264 -0.021294117 0.055559993
0.99998564 -0.0014904957 -0.0051044077 0.0014958868 0.9999981 0.001039777 0.005102854 -0.0010474175 0.99998623 0.024819702 -0.0010209084 0.008985579
0.9999923 -0.0017471332 -0.0034870058 0.0017519528 0.99999714 0.0013929158 0.0034845918 -0.0013990626 0.999993 0.028564453 0.004992485 0.014325559
0.9999919 -0.00014322571 -0.0039936975 0.00016728218 0.9999815 0.006035221 0.0039927587 -0.006035883 0.99997383 0.012147337 -0.0013208389 0.040426075
0.99998295 0.00041852548 -0.0058101453 -0.0004133685 0.99999946 0.00088984333 0.0058105066 -0.00088742864 0.9999828 0.011074364 0.0049865246 0.009995997
0.9999755 -0.0046282345 -0.0052096695 0.004664598 0.9999646 0.007001158 0.0051770806 -0.0070252568 0.9999619 0.011839509 0.0073013306 0.06162268
0.99998695 -0.0009759746 -0.005011119 0.0009898642 0.9999955 0.0027761185 0.0050083846 -0.0027810454 0.9999836 0.021922052 -0.002705574 0.014211506
0.99999017 -0.0015444527 -0.004164815 0.001545236 0.99999875 0.0001998879 0.0041645095 -0.00020632148 0.99999136 0.025059534 0.0014600754 0.0076405406
1 0 0 0 1 0 0 0 1 0.006587982 -0.0049953163 -0.03850925
0.99999005 -0.00153339 -0.0042339936 0.0015414627 0.999997 0.0018923655 0.004231043 -0.0018988773 0.9999893 0.023439713 0.0062880516 0.013282061
0.9983891 -0.045086548 -0.034437507 0.04224123 0.9959554 -0.07929948 0.037873685 0.077717125 0.9962559 -0.19285262 -0.2045517 -0.31406403
1 0 0 0 1 0 0 0 1 0.0125306845 -0.009552002 -0.014079988
1 0 0 0 1 0 0 0 1 0.064040124 -0.062090874 -0.006106615
0.99999094 -0.0013020162 -0.0040696897 0.0013097348 0.99999744 0.0018539727 0.0040672794 -0.0018592887 0.99999005 0.022836909 0.004161358 0.013892174
0.9999873 -0.00034916098 -0.004991304 0.00036833168 0.99999243 0.0038424283 0.0049899183 -0.0038442276 0.9999802 0.018110454 0.0005965233 0.020555258
1 0 0 0 1 0 0 0 1 -0.09298253 0.0004787445 0.07594091
0.99998933 -0.0012271515 -0.0044362172 0.0012346131 0.99999785 0.0017066933 0.004434079 -0.0017121378 0.9999885 0.022116505 0.0012893677 0.010859132
0.9999926 -0.0010458197 -0.0036525708 0.0010544066 0.9999967 0.002338335 0.003650113 -0.0023421794 0.9999906 0.021796852 0.0030493736 0.013246477
1 0 0 0 1 0 0 0 1 -0.050246596 -0.11004257 -0.021620274
0.9999923 -0.0015572533 -0.0035797898 0.0015603787 0.99999845 0.0008520037 0.0035784543 -0.0008575767 0.9999932 0.024447676 0.001762867 0.012392938
0.9999905 -0.0013836846 -0.0041312575 0.0013901303 0.9999979 0.0015626624 0.0041290894 -0.0015683882 0.9999903 0.023495331 0.00020170212 0.012901008
1 0 0 0 1 0 0 0 1 -0.008642316 0.001821518 -0.025808781
1 0 0 0 1 0 0 0 1 -0.37557495 -0.043518543 0.2018199
0.99997586 -0.0010344223 -0.0068660527 0.0010369953 0.99999946 0.00035696104 0.006865695 -0.00036408007 0.9999764 0.019679785 -0.013736248 0.004541695
0.9999988 -0.0015201531 0.0003754124 0.0015197768 0.99999803 0.0013165772 -0.00037742034 -0.0013159923 0.99999917 0.014054239 -0.0061836243 -0.008362144
0.9999904 -0.0011941209 -0.004170779 0.0011974787 0.9999986 0.00080286525 0.004169818 -0.0008078329 0.99999094 0.021387786 -0.0020942688 0.007901132
0.99907666 0.035986602 -0.023469776 -0.03729427 0.9976258 -0.057892025 0.021330714 0.058714047 0.9980469 -0.78348887 -0.23045063 -0.23269057
0.9999918 -0.0016414099 -0.0037425905 0.0016414276 0.9999987 -2.4586916E-07 0.0037425756 -5.915761E-06 0.9999931 0.02575992 0.0021336079 0.0065280795
0.9999916 -0.0013966643 -0.003851965 0.001401288 0.9999982 0.0012080492 0.0038502812 -0.0012134388 0.9999919 0.023409754 0.00044870377 0.010637283
1 0 0 0 1 0 0 0 1 -0.004416585 0.014444351 -0.034164727
1 0 0 0 1 0 0 0 1 -0.0039684772 0.0071172714 0.020449936
0.9999723 -0.001268125 -0.0072708502 0.00127089 0.99999887 0.00037416816 0.007270392 -0.0003834106 0.99997354 0.024921864 0.0011088848 0.011121601
0.99999195 -0.0012613916 -0.0037629604 0.0012622803 0.99999917 0.00022197887 0.003762655 -0.00022670254 0.99999297 0.020864256 -0.0076322556 0.010048121
0.9999925 -0.001196924 -0.0036751311 0.0012021295 0.9999983 0.0013996847 0.0036734547 -0.0014041066 0.99999225 0.0234593 -0.002076149 0.011291921
0.99999535 -0.00030446053 0.0031142235 0.0003003925 0.99999917 0.0013137311 -0.0031145215 -0.0013128072 0.99999434 0.018841624 -0.007755965 0.023425817
0.99999577 -0.0005910001 -0.0028923452 0.00059116445 0.9999999 1.925975E-05 0.0028923526 -2.0973384E-05 0.9999959 0.031033427 0.0068371296 0.007887721
0.99999136 -0.0015120655 -0.0038531562 0.0015166396 0.9999982 0.001159586 0.0038513981 -0.0011654198 0.99999195 0.024260879 0.0027389526 0.010709345
1 0 0 0 1 0 0 0 1 -0.009939671 -0.0014505386 0.01720658
0.9999898 -0.0011069572 -0.004319586 0.0011131947 0.99999833 0.0014395192 0.0043179765 -0.0014443137 0.9999895 0.021996632 -0.00031280518 0.00942564
0.99999577 -0.0013035601 -0.0026522651 0.001310475 0.99999607 0.0025907366 0.0026488528 -0.0025942014 0.999993 0.023043483 -0.0011277199 0.015247285
1 0 0 0 1 0 0 0 1 0.003829211 0.010847092 0.015704453
0.99999535 -0.0010443782 -0.0028946702 0.0010513585 0.9999966 0.00242237 0.0028921296 -0.0024254099 0.999993 0.021090642 0.0006170273 0.016020536
0.9999887 -0.0034755813 -0.0033459663 0.0034693019 0.9999925 -0.001856545 0.0033524632 0.0018449165 0.99999285 0.041733265 0.0010547638 -0.0032527447
1 0 0 0 1 0 0 0 1 0.041545272 -0.024349093 -0.016425133
0.99998945 -0.0011512132 -0.004473634 0.0011595382 0.9999979 0.0018456168 0.004471497 -0.001850754 0.9999883 0.020701066 0.0016107559 0.014003277
0.9999836 -0.0010964272 -0.005682811 0.0011082446 0.9999972 0.0020684246 0.005680546 -0.002074684 0.9999818 0.019813433 0.00034618378 0.012131214
0.9998431 -0.01629708 0.006961369 0.016264759 0.9998568 0.0046666814 -0.007036386 -0.004552627 0.999965 -0.07224989 -0.04008007 -0.008431807
