0.9999989 0.0008735371 0.0011727065 -0.00087381725 0.99999964 0.0001842794 -0.0011725724 -0.00018530642 0.9999992 -0.0025020242 -0.0030050278 0.0050436854
0.999998 0.0004303282 0.0019351356 -0.00043058046 0.99999994 0.000117599964 -0.0019350797 -0.00011842698 0.99999815 -0.0025323182 -0.0011816025 0.006119132
0.99997294 0.0067232847 0.0029936433 -0.0066961646 0.999937 -0.009019583 -0.0030540824 0.008999169 0.99995494 -0.054974318 0.008441925 -0.08062357
1 0 0 0 1 0 0 0 1 -0.013314962 -0.011799812 -0.018614635
1 0 0 0 1 0 0 0 1 0.005623579 -0.00990653 0.005908072
0.99999875 0.0011023298 -0.001204975 -0.0011032858 0.99999917 -0.00069739507 0.0012041964 0.00069872104 0.999999 -0.00065392256 -0.011634827 -0.002484262
0.9970587 -0.07319546 -0.022720106 0.07362506 0.9971107 0.018691093 0.021286316 -0.020308971 0.9995672 0.3831321 0.0877862 0.13516092
0.9999972 0.00064874627 0.0021657646 -0.0006489898 0.99999946 8.8553876E-05 -0.00216569 -8.997321E-05 0.99999756 -0.0036935806 0.0014600754 0.006714642
0.9999989 0.0013483184 0.0006044544 -0.0013487202 0.99999905 0.0006013233 -0.0006036442 -0.0006021317 0.99999964 -0.0040685385 -0.0005044937 0.007337272
0.9999996 -0.00012549479 0.0008235574 0.00012468593 0.9999995 0.0008615926 -0.00082366914 -0.00086148083 0.9999991 0.0051806867 -0.008961201 0.010818243
0.99999833 0.0006411537 0.001735108 -0.00064155954 1 0.00020558387 -0.0017349776 -0.00020667538 0.99999833 -0.0039905757 -0.0019416809 0.0046210885
0.9999998 0.00075821497 0.00020793919 -0.0007581555 0.9999996 -4.865229E-05 -0.00020797271 4.848838E-05 1.0000001 -0.0026175082 0.0025668144 0.0041610003
0.9999974 0.0006315261 0.002135992 -0.0006317813 0.9999999 0.00013154745 -0.00213591 -0.000132896 0.9999977 -0.002672702 -0.0009059906 0.0057551265
1 0 0 0 1 0 0 0 1 -0.09099975 0.031481743 0.016965866
0.99999774 0.0013838585 -0.001580812 -0.0013830666 0.99999875 0.0005508177 0.0015815608 -0.0005486328 0.99999857 -0.0036931634 0.0004453659 0.006583214
1 0 0 0 1 0 0 0 1 0.0030372143 0.010134697 0.013027549
1 0 0 0 1 0 0 0 1 -0.10536942 -0.021650791 -0.02204299
0.9999987 0.0014422279 0.00080762804 -0.0014428721 0.9999984 0.0009290632 -0.00080627203 -0.00093021896 0.9999992 -0.004994333 -0.00137043 0.009872198
0.9999938 0.0009278337 0.0033098683 -0.00092838076 0.9999995 0.00015915185 -0.0033097183 -0.00016223639 0.9999945 -0.004440427 3.194809E-05 0.0059144497
0.9999969 0.0005672483 0.002397962 -0.0005673049 0.99999976 1.0687858E-05 -0.0023979545 -1.2036413E-05 0.999997 -0.0045459867 0.0024023056 0.006493807
1 0 0 0 1 0 0 0 1 0.013820887 -0.030865908 0.047582388
0.9999987 0.0012554209 0.0009582201 -0.0012558417 0.999999 0.0004242845 -0.0009576874 -0.00042550266 0.9999994 -0.0035759658 -0.0010733604 0.0068261027
0.9999994 0.0007323148 0.00060516596 -0.0007321625 0.9999997 -0.00037501194 -0.000605464 0.00037459098 0.9999997 -0.00087870937 0.007524967 0.004855007
0.99999446 0.0010067858 0.003118679 -0.0010078866 0.99999934 0.00035440177 -0.003118351 -0.00035753846 0.999995 -0.004940808 -0.001593113 0.0066070557
0.999998 0.00014625618 0.0021424722 -0.00014651986 1.0000001 0.00012883544 -0.0021424592 -0.00012912601 0.99999774 -0.001962006 -0.002395153 0.005935192
0.9999994 0.0013031363 -0.00027504563 -0.0013034642 0.9999981 -0.0015035868 0.00027295947 0.0015039295 0.9999989 -0.0034782887 -0.02372694 0.00029030442
0.99717486 -0.053124726 -0.053105608 0.053035334 0.99858785 -0.0030933917 0.053194925 0.0002681017 0.9985841 0.13899308 0.015977383 -0.0060720444
1 0 0 0 1 0 0 0 1 -0.09084201 -0.024983883 -0.09513879
0.9999984 0.0016461599 0.0008213222 -0.0016459958 0.9999987 -0.00019827031 -0.0008215904 0.0001969143 0.99999964 -0.0064455867 0.0023517609 0.0039662123
0.9999991 0.0011947026 0.00048934855 -0.0011948858 0.99999934 0.00035772845 -0.00048892235 -0.00035830773 0.9999998 -0.003481716 -8.058548E-05 0.0045019984
0.9999984 0.0006266949 0.0018797554 -0.0006268517 1 5.378574E-05 -0.001879733 -5.494058E-05 0.9999983 -0.004747903 -0.00084257126 0.005430281
1 0 0 0 1 0 0 0 1 -0.004435897 -0.029058456 -0.018473899
0.9999982 0.00029845932 0.0018228963 -0.00029876118 1 0.00014739856 -0.0018228553 -0.00014794245 0.9999983 -0.0028246343 -0.0017552376 0.0067364573
0.99999905 0.00039779046 0.0013850033 -0.0003980252 0.99999994 0.00018948689 -0.0013849242 -0.00019004568 0.9999991 -0.002123654 -0.0039277077 0.0061392784
0.99999565 0.0009201409 0.002696719 -0.00092158606 0.9999994 0.0005940199 -0.002696164 -0.00059650093 0.9999961 -0.004811272 -0.0013289452 0.011199713
0.99999803 -0.00019955914 0.0018662065 0.00020008953 1 -0.00025300682 -0.0018661171 0.00025339052 0.9999981 -0.0010770857 -0.0028221607 0.004361868
0.99999917 0.0005778744 0.0012031272 -0.00057789945 0.9999998 2.9057264E-07 -0.0012031291 -9.872019E-07 0.9999993 -0.0032036006 -0.0026988983 0.0049450397
1 0 0 0 1 0 0 0 1 -0.0068900585 0.0032224655 0.00020647049
1 0 0 0 1 0 0 0 1 -0.020356178 0.012890577 -0.041737318
0.99999917 4.3145737E-05 0.0011657757 -4.2902284E-05 0.99999994 -0.00027304702 -0.0011657886 0.00027299486 0.9999992 -0.0023169816 -0.0103468895 0.003139019
0.9999954 -0.0008178074 0.002939701 0.0008194437 0.99999934 -0.00058459863 -0.0029392391 0.00058699027 0.9999956 0.0011953712 0.0038881302 0.00437063
0.99587864 -0.08666235 -0.026738271 0.08677274 0.9962236 0.002992034 0.026377972 -0.005300075 0.99963784 0.48492813 0.06684208 0.03861499
0.99999684 0.0014517829 -0.0020148754 -0.0014507435 0.99999875 0.0005516708 0.0020155609 -0.00054873526 0.99999785 -0.0021746159 0.0024132729 0.009787738
0.9999978 0.00062539394 0.0018315306 -0.0006255907 0.9999997 5.3845346E-05 -0.0018314999 -5.499646E-05 0.9999983 -0.0026381016 -0.0016717911 0.004550755
0.9999973 0.00057545863 0.0021122172 -0.0005757273 0.9999997 0.0001203157 -0.0021121204 -0.00012154877 0.99999774 -0.0028945506 0.0017137527 0.006672442
0.99999785 0.0007414433 0.0018691309 -0.0007417867 0.9999997 0.00016070902 -0.0018690005 -0.00016208924 0.9999981 -0.0059724078 -0.002977848 0.007288158
0.9999991 0.00088153884 0.0009962395 -0.0008817067 0.9999996 0.00018577278 -0.0009960644 -0.0001866445 0.9999995 -0.0030498505 -0.0016918182 0.005654454
1 0 0 0 1 0 0 0 1 -0.0069366693 0.044962883 0.011506557
1 0 0 0 1 0 0 0 1 0.0019108057 0.0067772865 -0.0007830858
0.9999985 0.0011495713 0.0012912387 -0.0011497348 0.99999946 0.00010029599 -0.0012911251 -0.000101771206 0.99999917 -0.004401356 -0.0037403107 0.0057245493
0.9999989 0.00022941064 0.0012536632 -0.00022946399 1 8.1503764E-05 -0.0012536448 -8.179434E-05 0.9999991 -0.0031272843 -0.00508976 0.0058659613
1 0 0 0 1 0 0 0 1 -0.0043306947 -0.062805176 0.043322623
0.9999976 0.0005828565 0.002078848 -0.00058231596 0.99999976 -0.00027775764 -0.0020790156 0.0002765134 0.9999979 -0.005456805 -0.00042057037 0.006304145
0.99999505 0.00079974224 -0.0030686264 -0.0007979649 0.9999995 0.00058142096 0.0030690888 -0.0005789809 0.9999953 -0.00044375658 -0.00177145 0.006052017
0.9999997 0.0009973545 0.00028620288 -0.0009975065 0.99999905 0.00078839576 -0.00028541312 -0.00078868074 0.99999964 -0.0013545454 0.00019931793 0.00936985
0.99999994 0.000327772 0.00039842725 -0.00032776844 1 9.074807E-05 -0.00039848685 -9.091245E-05 0.9999998 -0.006901703 -0.004897833 0.008930832
0.9999996 0.0004085803 0.0006356612 -0.00040866854 0.9999999 0.00017824583 -0.00063560903 -0.00017850846 0.9999998 -0.003853321 -0.009021759 0.0057516694
1 0 0 0 1 0 0 0 1 -0.0048725605 -0.024450183 -0.0055829287
0.99999756 1.0995136E-06 0.0020582818 -1.2734163E-06 0.9999999 0.00012439117 -0.002058277 -0.00012441725 0.9999979 -0.0006512292 -0.0036902428 0.0064834952
0.99999905 0.00051004067 0.0012929067 -0.0005095359 0.9999996 -0.00038434565 -0.0012930855 0.00038368255 0.99999917 -0.005203441 -0.0032668114 0.0038260818
0.99999994 9.231732E-05 0.00010797009 -9.228091E-05 1.0000001 -0.00017283717 -0.000107981265 0.00017282646 0.99999994 -0.0026379824 -0.017018795 0.00364843
0.99999726 0.00066628354 0.0022935644 -0.00066718645 0.9999996 0.00038518757 -0.0022932962 -0.00038671866 0.99999726 -0.0022159517 -0.00076913834 0.008887768
1 0 0 0 1 0 0 0 1 -0.00857085 -0.0075559616 0.0052011404
0.9999987 0.0012830883 0.0012698174 -0.0012838887 0.9999992 0.00067019835 -0.0012689456 -0.0006718207 0.99999905 -0.0035080537 0.00066947937 0.008338451
1 0 0 0 1 0 0 0 1 -0.026978463 -0.0061397552 0.0020976067
0.99998575 0.00487813 -0.0021107197 -0.0048836656 0.9999846 -0.0026329309 0.00209786 0.0026430935 0.9999943 -0.035356045 0.004508972 -0.01900883
0.9999981 0.00058349466 0.001922518 -0.00058377744 0.99999994 0.0001538638 -0.0019224286 -0.00015498511 0.9999982 -0.0041608894 -0.001440525 0.0064584017
0.99999845 0.0015072853 0.0008715503 -0.00150765 0.9999986 0.0005538836 -0.0008707009 -0.0005552247 0.99999964 -0.0043327734 0.0012817383 0.0073147416
0.9999965 0.0012123664 0.0023131324 -0.0012135578 0.9999991 0.0004905462 -0.0023125354 -0.0004933588 0.99999714 -0.0055018067 0.00082588196 0.007828951
0.9999974 0.0005256152 0.0022652633 -0.000525935 0.9999998 0.000161428 -0.0022651777 -0.00016262755 0.9999975 -0.0033519566 -0.0025410652 0.006610453
1 0 0 0 1 0 0 0 1 -9.584427E-05 -0.009393692 -0.005444169
0.99999905 0.0011074883 0.0007455498 -0.001107973 0.99999934 0.0006074235 -0.0007448867 -0.00060824864 0.9999995 -0.0029505491 -0.002052784 0.0072908998
0.99999803 0.0014303155 0.0014150068 -0.0014311313 0.99999887 0.0005534068 -0.0014142133 -0.0005554259 0.9999988 -0.0041200854 0.00027894974 0.008055091
0.99999994 -0.00016592554 7.222965E-05 0.00016609364 0.9999998 -0.00045035034 -7.21626E-05 0.0004503671 0.99999994 -0.0011524558 -0.013117552 0.0018365383
0.9999984 0.0008101442 0.0015586277 -0.0008103642 0.9999996 0.00015544519 -0.0015585017 -0.00015670806 0.9999987 0.00039504096 -0.00069999695 0.0044004917
1 0 0 0 1 0 0 0 1 0.0065066814 0.013159752 0.016019046
0.9999983 0.00012693414 0.0020216852 -0.0001268608 1.0000001 -3.3635646E-05 -0.0020217225 3.3382326E-05 0.999998 -0.0012307167 -0.00038862228 0.005727768
1 0 0 0 1 0 0 0 1 -0.072779655 0.04135084 0.012307763
0.9999985 0.0008883253 -0.0015470237 -0.00089015067 0.99999934 -0.0010501593 0.00154607 0.0010514706 0.9999982 -0.012461543 0.0098285675 0.001606822
0.9999996 0.00071818754 0.0008531213 -0.00071803853 0.9999998 -0.00030537695 -0.0008532405 0.0003047511 0.9999995 -0.002735138 -0.022263527 0.00016576052
0.9999979 0.0010330072 0.0017544236 -0.001034063 0.99999917 0.0005671922 -0.0017538387 -0.00056900363 0.99999833 -0.004539801 -0.00023174286 0.008514285
1.0000001 -0.00015295355 -0.00022887811 0.00015270966 0.9999999 -0.00064984895 0.00022898056 0.0006498173 0.9999998 0.0011996031 -0.012723684 -0.00078073144
0.9999996 -1.8394727E-05 0.0008085221 1.8491482E-05 0.99999994 -0.00014376873 -0.000808537 0.000143782 0.9999995 -0.0034319013 -0.0039544106 0.004306406
0.99796236 -0.05239494 -0.036407128 0.05230947 0.9986254 -0.0032976568 0.03652981 0.0013867915 0.9993316 0.17728198 0.013512611 -0.012448072
0.99999934 0.0007121189 -0.0010085553 -0.0007122265 0.99999994 -0.0001223702 0.0010084659 0.00012308639 0.99999946 -0.00086790323 -0.0058469772 0.0032171905
0.99999845 0.00028629904 0.0018317476 -0.0002851584 0.9999998 -0.00063599646 -0.0018319413 0.00063547865 0.9999981 -0.0048449636 0.0050337315 -0.0021069646
0.9999972 0.0007433115 0.002279669 -0.00074389344 0.9999996 0.00026697107 -0.0022794679 -0.0002686698 0.99999726 -0.0041306913 -7.390976E-05 0.0073179603
1 0 0 0 1 0 0 0 1 -0.024238586 -0.0052928925 -0.018104792
0.99999845 0.00053340243 0.0017665625 -0.00053351326 0.99999994 7.421523E-05 -0.0017665178 -7.516146E-05 0.9999985 -0.0005199313 0.00031900406 0.0058722496
0.9999972 0.0006375862 0.0023259819 -0.0006378642 0.9999998 0.00012145564 -0.0023259073 -0.00012293085 0.99999726 -0.0035812557 0.00076007843 0.006280005
1 0 0 0 1 0 0 0 1 -0.13442284 -0.023935318 -0.010797501
1 0 0 0 1 0 0 0 1 -0.0075463355 -0.025241852 0.008354664
0.9999977 0.0015188408 0.0015149713 -0.0015198475 0.99999875 0.00065167435 -0.001513984 -0.0006539691 0.9999986 -0.00403291 0.0012245178 0.008223057
1 0 0 0 1 0 0 0 1 0.22985578 -0.06024933 0.0071538985
0.9999997 0.00072586566 0.0005032597 -0.0007259018 0.9999997 0.00024565728 -0.0005030818 -0.00024602166 0.9999999 -0.004986793 -0.009488583 0.007576555
0.9999985 0.00021230476 0.0016996041 -0.00021240744 1.0000002 9.862706E-05 -0.0016996041 -9.8975375E-05 0.99999857 -0.0016320348 -0.0014979839 0.007083297
0.9999993 0.00066468696 -0.0009351596 -0.00066452054 0.9999999 0.00011479296 0.00093524903 -0.00011416245 0.99999946 -0.0009098649 -0.0005707741 0.0047912896
0.99999887 0.00092853233 0.0010364503 -0.00092905574 0.9999995 0.0004861392 -0.0010360777 -0.00048709288 0.9999993 -0.00062039495 -0.0026483536 0.005500257
0.9999981 0.00027398195 0.0019025393 -0.0002741617 1 3.8951635E-05 -0.0019025411 -3.9450824E-05 0.999998 -0.0028137118 -0.0013108253 0.0061080456
0.9999987 0.00030618347 0.0016269162 -0.00030615437 0.9999999 -3.055483E-05 -0.0016269237 3.0070543E-05 0.9999986 -0.0042689443 -0.0014162064 0.0059199035
0.9966767 -0.06320885 -0.051383376 0.06441572 0.9976766 0.022180468 0.04986182 -0.025416687 0.99843264 0.21534598 0.12370777 0.19784904
0.99999845 0.00012812458 0.0017180294 -0.00012827515 0.99999976 9.601936E-05 -0.0017180163 -9.6250325E-05 0.99999857 -0.0014270395 -0.002301693 0.0061119795
0.9999983 0.0013584963 0.0012174137 -0.0013592483 0.9999988 0.0006083157 -0.001216583 -0.0006099716 0.999999 -0.0036206394 0.00018262863 0.007961392
0.9999974 0.00082362647 0.0020870152 -0.0008238829 0.99999946 0.000103559345 -0.0020869311 -0.000105291605 0.99999774 -0.0007121861 0.0016107559 0.004780054
0.99999917 0.0012759003 9.198487E-05 -0.0012757746 0.99999726 0.0019362196 -8.948892E-05 -0.0019363724 0.99999803 -0.0065131187 -0.010058403 0.010913134
0.9999989 -3.679667E-05 0.00164406 3.697499E-05 1.0000001 -8.1632286E-05 -0.0016440647 8.170307E-05 0.9999985 0.00028318167 -0.0058608055 0.005731225
0.9999998 0.00033026363 0.0005525574 -0.00033022847 1.0000001 1.3215467E-06 -0.0005525686 -1.4929101E-06 0.9999999 -0.0030317008 -0.006175041 0.0034748912
0.9999993 0.0009277897 -0.0005577728 -0.0009274053 0.9999991 0.0007051206 0.0005584061 -0.0007046005 0.9999995 -0.0015022159 4.2915344E-05 0.009354889
0.99999964 0.0009373883 0.00045135617 -0.00093747885 0.9999997 0.00010778755 -0.00045125932 -0.00010821596 1 -0.0028316677 -0.0018796921 0.0056604147
1 0 0 0 1 0 0 0 1 -0.045348167 0.0150232315 -0.014343739
0.9999994 0.0008675979 0.00035752356 -0.00086748006 0.9999996 -0.00024385704 -0.00035768747 0.0002435376 0.9999998 -0.02161622 -0.028736837 0.007952213
0.99998426 0.0042076185 0.0036557466 -0.004204765 0.99999064 -0.0008077696 -0.0036590844 0.00079240836 0.99999315 -0.018776476 -0.024035454 0.0022986233
0.999988 0.0013467968 -0.0046555437 -0.0013459325 0.9999991 0.00015104655 0.004655719 -0.00014477037 0.9999891 -0.0012230277 0.00053215027 0.0061988607
0.9999973 0.0004961917 0.002223434 -0.00049673766 0.9999999 0.0002139099 -0.0022233315 -0.00021500513 0.9999974 -0.0032268176 -0.0013318062 0.006438315
1 0 0 0 1 0 0 0 1 0.012300253 -0.012122631 -0.007183075
0.99999857 0.0008807259 0.0014870465 -0.00088094245 0.99999964 0.00016696751 -0.0014869124 -0.00016828626 0.99999887 -0.0052482984 0.0022335052 0.0063770413
0.9999992 0.00081173505 0.0010022686 -0.0008115704 0.99999964 -8.743629E-05 -0.0010023351 8.6624175E-05 0.9999995 -0.003486359 -0.00025892258 0.004648924
0.99999857 0.0013436475 -0.00089696795 -0.0013433332 0.9999988 0.00048057735 0.0008976087 -0.00047938153 0.99999946 -0.0033838898 0.0032186508 0.0064000487
0.99999833 0.0008315281 -0.0018476876 -0.00083077326 0.99999976 0.0003580749 0.0018479908 -0.00035653263 0.9999983 -0.0011847913 -0.0014400482 0.0049346685
1 0 0 0 1 0 0 0 1 0.006291747 -0.00773263 -0.0039392114
0.9999994 0.0009348026 0.0005745292 -0.0009348532 0.9999993 0.00021335669 -0.00057433546 -0.00021389127 0.99999976 -0.0017059445 -0.0019397736 0.006108165
1 0 0 0 1 0 0 0 1 0.0047722757 0.014526367 -0.0069754124
1 0 0 0 1 0 0 0 1 -0.087266564 -0.035807133 -0.057678938
0.9988465 -0.043124318 -0.021124657 0.043380916 0.9989884 0.011853802 0.020592202 -0.012756405 0.9997065 0.15762538 0.048815727 0.10000992
1 0 0 0 1 0 0 0 1 -0.13699807 0.019994736 0.002383709
0.99999726 0.0020187572 -0.0011345744 -0.002017538 0.99999726 0.0011795461 0.0011369884 -0.0011772439 0.99999875 -0.00858134 0.0050168037 0.012659073
0.9999975 0.0010509752 0.0018838719 -0.001051697 0.99999905 0.0003699176 -0.0018834658 -0.0003719218 0.9999981 -0.0047396347 0.002453804 0.0076672435
0.9999988 0.00016851071 0.0015628263 -0.00016844831 1 -7.753819E-05 -0.0015628338 7.728487E-05 0.9999988 -0.0020164158 -0.0022063255 0.005111456
1 0 0 0 1 0 0 0 1 -0.07689166 0.035422325 0.11720293
0.9999726 -0.0014051944 -0.0072849095 0.0014174944 0.99999774 0.0016693696 0.00728254 -0.0016796514 0.9999722 0.027981043 -0.009799957 0.023899473
0.99999475 0.0020312816 -0.002393484 -0.0020293146 0.9999974 0.0008120537 0.002395302 -0.0008071475 0.9999964 -0.0050960258 0.0044984818 0.013197392
0.9999986 0.00010347064 0.0016154423 -0.000103474595 1.0000001 -2.644956E-06 -0.0016154535 2.4810433E-06 0.9999987 -0.0006923899 -0.002963066 0.006305039
1.0000001 0.000118122785 0.00018864125 -0.00011813489 0.9999998 0.0003898181 -0.0001885891 -0.00038983673 1 -0.0055556893 -0.021322727 0.006280333
0.982448 -0.02508364 -0.1848426 0.023673745 0.9996713 -0.00983157 0.18502846 0.0052831024 0.9827189 0.052519083 0.028464317 0.43344837
0.18043302 -0.44328442 -0.8780334 -0.38541013 0.7894357 -0.47775543 0.9049327 0.4246058 -0.028406234 -0.31955075 -0.10629523 2.138373
0.99999905 -0.00017628446 0.0014743432 0.00017639901 1 -0.00012408942 -0.0014743283 0.00012433529 0.99999905 0.0012425482 -0.0028231144 0.0054391026
1.0000001 3.2896642E-06 0.00048273057 -3.4722034E-06 1 0.00042643026 -0.00048272312 -0.00042641163 0.99999976 -0.0009229779 -0.014050961 0.0077651143
1 0 0 0 1 0 0 0 1 0.015753567 -0.008746624 -0.0034124851
1 0 0 0 1 0 0 0 1 0.021898508 -0.002298355 0.0093924105
0.999998 0.0010379448 0.0016661882 -0.0010384689 0.99999917 0.0002997592 -0.0016658902 -0.000301525 0.9999986 0.000441961 -0.0013036728 0.008782327
1 0 0 0 1 0 0 0 1 -0.0018994808 -0.018857673 0.0019245148
0.99999666 0.001742974 0.0019923747 -0.0017411243 0.99999785 -0.0009890972 -0.0019940995 0.0009856229 0.99999756 -0.0055242777 0.0040608644 0.003592372
1 0.00022643874 -0.0003022179 -0.0002270625 0.99999803 -0.0019474179 0.00030177832 0.0019474998 0.9999982 -0.0003418103 -0.0045251846 0.0029803514
0.9999991 -0.0005033191 0.001449354 0.0005028809 1.0000001 0.00028045475 -0.0014494844 -0.0002799183 0.9999989 -9.769201E-05 -0.009107828 0.0058188736
1.0000001 0.0002362011 -2.668798E-05 -0.00023627048 1 -0.00044620596 2.6576221E-05 0.000446219 0.99999994 -0.0026883483 -0.0032205582 0.0030466318
0.99999964 0.0005887127 0.00037584826 -0.0005887215 0.99999994 7.9236925E-05 -0.00037580356 -7.945858E-05 0.9999999 -0.002969399 -0.0032935143 0.0057684183
0.99999267 0.0018864162 -0.0032885522 -0.0018835794 0.99999774 0.0008761473 0.0032901466 -0.0008699335 0.9999942 -0.004429579 0.0018835068 0.012834549
0.9999985 0.001415428 0.0008656159 -0.0014157491 0.999999 0.000366237 -0.00086509436 -0.00036740303 0.9999995 -0.0052985176 0.0008368492 0.007318437
1 0 0 0 1 0 0 0 1 0.0016852617 0.010952473 0.012730658
1 0 0 0 1 0 0 0 1 -0.030816078 -0.014819533 -0.0014876127
1 0 0 0 1 0 0 0 1 0.060607433 -0.315845 -0.060459852
0.99999857 0.00078950915 0.0013200045 -0.0007898677 0.9999996 0.00028070062 -0.0013198107 -0.0002817586 0.9999991 -0.0012686998 -0.0028262138 0.0059883595
0.9999987 0.0013548001 0.0009089932 -0.0013553426 0.9999991 0.00058444403 -0.0009082258 -0.00058566406 0.9999993 -0.0045156814 0.001847744 0.007657826
0.99999857 0.00039706758 0.0016508568 -0.00039709732 0.99999994 5.0669536E-05 -0.0016508345 -5.1325187E-05 0.9999987 -0.0042342376 -0.003917694 0.007175863
1 0 0 0 1 0 0 0 1 -0.0076150894 -0.01493907 -0.0075742304
0.9999984 0.00033296924 0.0018346384 -0.00033309683 0.99999994 -1.4528632E-07 -0.0018346459 -4.61936E-07 0.99999833 -0.0019634217 -0.0004930496 0.0054902434
0.9999733 0.007288266 0.0006967932 -0.007288795 0.9999733 0.0007392913 -0.000691399 -0.0007442832 0.9999995 -0.058535457 -0.0029335022 0.009691715
0.996455 -0.038434975 -0.07483524 0.038785264 0.9992423 0.0032319129 0.07465428 -0.0061229914 0.99719065 -0.05119413 0.018904686 0.040634632
0.9999988 0.0011041961 0.0010912307 -0.0011043731 0.9999992 0.00012545288 -0.0010910938 -0.00012666732 0.9999994 -0.002443894 0.0022878647 0.00668931
1 0 0 0 1 0 0 0 1 -0.0114516765 -0.007024288 0.0064240694
0.9999987 0.0015451238 0.00093847886 -0.0015457872 0.9999987 0.0006394107 -0.0009374842 -0.0006408561 0.99999934 -0.0036973357 0.0008363724 0.007896602
0.9999984 0.0010479256 0.0013888329 -0.0010485642 0.9999993 0.00044002943 -0.0013883784 -0.00044148788 0.9999989 -0.0010742396 -0.00095272064 0.00490129
0.999993 -0.0023183562 0.0029643178 0.0023037866 0.9999855 0.0048595667 -0.0029755086 -0.0048526824 0.9999839 0.0026314259 -0.05976391 0.014255688
0.9993478 -0.034135282 -0.01176326 0.034186274 0.9994068 0.004182175 0.011613488 -0.004581444 0.99992216 0.11821242 0.026804924 0.035369396
0.9999947 0.0009113125 -0.0031699538 -0.0009093692 0.9999994 0.000626985 0.0031705163 -0.00062409043 0.9999947 -0.0043506026 0.0038175583 0.008115113
0.9999982 0.0008943295 0.0017700046 -0.00089482125 0.99999946 0.0002462715 -0.0017697364 -0.00024785846 0.9999984 0.0005185008 -0.005194187 0.0012781024
0.99988484 -0.0025542048 0.014963418 0.0025788737 0.99999535 -0.0016284371 -0.0149591565 0.001666816 0.9998868 0.033013105 0.006483555 -0.020654812
0.999999 0.0009850846 0.0008447035 -0.000985546 0.99999917 0.00057828426 -0.00084413355 -0.00057910755 0.9999996 -0.0024510324 -0.0012760162 0.0068894327
0.9999989 -0.0013455702 -0.00039550662 0.0013457709 0.9999989 0.00059548207 0.00039468706 -0.00059600174 0.9999998 0.0073892474 -0.020188093 0.0078008175
0.99999905 0.0010761562 0.0010118857 -0.0010766417 0.9999993 0.0004900275 -0.0010113604 -0.0004911149 0.9999995 -0.0034694523 -0.00018262863 0.007175863
0.9999938 -0.0019593444 -0.0029278845 0.0019648392 0.9999963 0.001857467 0.002924174 -0.001863189 0.999994 0.028061211 0.0007019043 0.020294681
0.99999875 0.0004988181 0.0016351752 -0.0004988663 0.99999994 5.1885843E-05 -0.0016351566 -5.2697957E-05 0.9999987 -0.0033886284 -0.0012259483 0.004986286
0.9999985 -0.00029507838 0.001766339 0.0002955729 1.0000001 -0.00023240969 -0.0017662644 0.00023300573 0.9999986 -0.001779519 -0.0040221214 0.00473541
0.9999995 0.0012414083 0.00011174381 -0.0012414423 0.99999917 0.0005703606 -0.00011099875 -0.00057050586 0.99999994 -0.0021233559 -0.0013837814 0.009182602
0.99999774 0.00033823517 0.0020818114 -0.00033867266 0.99999994 0.00015725195 -0.0020817537 -0.00015795231 0.99999803 -0.0020712912 -0.00083351135 0.0063500404
0.99999917 -0.00066287443 0.0010375977 0.00066250097 0.9999998 0.00029236823 -0.0010379255 -0.00029167905 0.9999993 0.009720415 -0.0043115616 0.009285837
1 0 0 0 1 0 0 0 1 0.03795576 -0.010273933 0.011651754
0.9999983 0.00012047647 0.0018724464 -0.00012060837 0.99999994 5.7674944E-05 -0.001872452 -5.7905912E-05 0.9999982 -0.0012548193 -0.002524376 0.0058417916
0.99999344 0.00065521966 0.003587544 -0.0006576008 0.99999964 0.00063513964 -0.0035871416 -0.0006374866 0.9999935 -0.0050349385 -0.002110958 0.013649523
0.9999991 0.0007028347 0.0010306034 -0.00070328446 0.99999976 0.00040564337 -0.001030311 -0.00040636805 0.9999995 -0.004636228 -0.0029377937 0.0067542195
0.99999887 0.0014078136 -0.00029187463 -0.0014080054 0.99999875 -0.00064264983 0.00029096566 0.0006430894 0.9999998 -0.007953882 -0.029166102 0.0013424158
1 0 0 0 1 0 0 0 1 -0.0032912493 -0.03442812 0.0063005984
1 0 0 0 1 0 0 0 1 -0.024200678 -0.0038113594 0.018719733
0.999998 0.0008786903 0.0019500703 -0.00087916525 0.99999976 0.00026437268 -0.0019498467 -0.0002660863 0.9999983 -0.003923919 0.0010290146 0.0064257383
1 0 0 0 1 0 0 0 1 -0.019154549 0.016036034 0.0052347183
0.9999887 0.0010007974 0.0046388507 -0.0010026656 0.99999946 0.00039835274 -0.0046384186 -0.00040302426 0.99998903 -0.013175726 -0.028270483 0.0068793297
1 0 0 0 1 0 0 0 1 -0.059224308 0.02703762 -0.03385663
1 0 0 0 1 0 0 0 1 -0.14303064 0.058371067 0.047169924
0.9999977 3.814022E-05 0.0022145435 -3.8226484E-05 1.0000001 9.7285956E-05 -0.002214538 -9.736791E-05 0.99999756 -0.000631772 -0.002547741 0.006801605
0.99999875 0.00087834214 0.0013236473 -0.00087906205 0.9999993 0.00051797647 -0.001323191 -0.00051913783 0.999999 -0.003733717 -0.00020933151 0.0071706176
0.9999988 0.00035864755 0.0015426446 -0.00035880075 1 0.00013012066 -0.0015425943 -0.00013067946 0.9999989 -0.00036318228 -0.0050435066 0.0063912272
0.99999756 0.0006659413 0.0020442568 -0.00066675595 0.9999996 0.00036888942 -0.0020440072 -0.00037024356 0.99999774 -0.0038592517 0.0003633499 0.007335961
0.11021165 0.97145146 -0.2100845 -0.66222036 -0.08584811 -0.7443752 -0.7411597 0.22116108 0.6338535 -9.428339 4.801318 -4.0992146
0.99999976 0.00093679596 5.3457916E-05 -0.0009367699 0.9999996 0.00016979873 -5.32642E-05 -0.00016985089 0.99999994 -0.0023136735 -0.0018954277 0.00493896
0.99999815 0.00035613673 0.0019550843 -0.00035658467 0.9999998 0.00018476695 -0.0019550212 -0.00018545613 0.999998 -0.002620414 -0.002313614 0.007424772
0.99999684 3.746967E-05 0.002519481 -3.7364545E-05 0.9999998 -7.4632466E-05 -0.002519492 7.453747E-05 0.9999968 -0.0010497877 -0.003212452 0.0058939457
0.99999917 0.0014197791 -6.797258E-05 -0.0014196995 0.99999887 0.0006374195 6.887689E-05 -0.0006373003 0.99999976 -0.008438587 -0.0010280609 0.007143438
0.9999993 -7.5052725E-05 0.0010307357 7.475051E-05 0.9999998 0.0003861077 -0.0010307804 -0.0003860537 0.99999934 -0.00011393428 -0.010715485 0.0062616467
0.99999523 0.0013127816 0.0028371066 -0.0013139327 0.999999 0.00038041547 -0.0028366596 -0.00038417056 0.999996 -0.0046717823 0.0002770424 0.006587863
0.9999998 0.00015096797 0.00039353222 -0.00015121233 0.9999997 0.00047532376 -0.00039348006 -0.0004753908 0.9999998 0.0001398921 -0.010176182 0.007920593
0.9987411 -0.043840785 -0.024372827 0.043895926 0.99903464 0.0017318428 0.024273358 -0.002799362 0.9997014 0.15275674 0.022381306 0.018622875
0.9700633 -0.22926001 0.080103606 0.20826942 0.95501316 0.21112421 -0.12490222 -0.18812078 0.9741713 1.7139949 1.1712599 1.0460508
0.99999636 0.00073977746 -0.0026678145 -0.0007352941 0.99999833 0.0017015338 0.0026690513 -0.0016996115 0.999995 -0.000118136406 0.000538826 0.019659996
0.9999987 0.00033709785 0.0016114637 -0.0003375454 1 0.00021613389 -0.0016114041 -0.00021666568 0.9999986 -0.003328085 -0.0011515617 0.007914752
0.99999815 0.0002420058 0.0018792227 -0.00024221209 1 9.0263784E-05 -0.0018792003 -9.071827E-05 0.9999982 -0.0023951977 -0.00022792816 0.006126106
0.9999957 0.00019663665 0.0028820187 -0.00019742642 0.9999998 0.00028559566 -0.0028819144 -0.00028618425 0.99999577 -0.0023784935 0.000120162964 0.008533001
0.9999985 0.00036778022 0.0016841665 -0.0003679837 0.99999994 0.00013519078 -0.0016841181 -0.00013580173 0.99999857 -0.002291292 -0.0012207031 0.0061216354
0.99999756 1.3826022E-05 0.002170743 -1.3556302E-05 0.99999994 -0.00015291013 -0.0021707476 0.00015288033 0.9999976 0.000107988715 -0.005484581 0.0059610605
0.9999971 -0.00043737097 0.0023167431 0.00043756515 0.99999994 -0.000118114054 -0.0023167059 0.000119149685 0.9999972 0.00057689846 -0.0031991005 0.004921317
1 0 0 0 1 0 0 0 1 -0.014755845 0.014792442 -0.0007684231
0.99999785 0.0020703822 -0.00034937263 -0.0020719059 0.9999877 -0.0045615137 0.0003399551 0.0045622215 0.9999895 -0.019424915 -0.0015230179 -0.04502234
1 0.00067663053 6.2428415E-05 -0.000676672 1 0.00013100356 -6.232411E-05 -0.00013107434 0.9999999 -0.0011671782 -0.007966042 0.006320238
1 0 0 0 1 0 0 0 1 -0.010648429 0.009432793 -0.00894767
1 0 0 0 1 0 0 0 1 -0.07062721 0.02969122 0.07252061
0.99778116 -0.04137233 -0.052165613 0.041276753 0.9991435 -0.0029117167 0.052241474 0.0007520914 0.9986342 0.049417824 0.004828453 -0.0031461716
0.9999988 0.0011767611 0.0011330163 -0.0011773582 0.99999934 0.00039562955 -0.0011325576 -0.00039694086 0.9999992 -0.0037139691 0.0016245842 0.007440746
0.99999857 0.0009176119 0.001334101 -0.00091795786 0.9999995 0.00029174052 -0.0013338253 -0.0002929587 0.99999905 -0.0026389062 -0.00076150894 0.007611692
0.99998677 0.00096708164 0.0050491095 -0.00096658245 0.9999995 -9.224564E-05 -0.005049169 8.7440014E-05 0.9999872 0.012385726 -0.011940002 0.0038871765
0.99999803 0.0011303357 0.0016118884 -0.0011313579 0.9999991 0.0006246306 -0.001611188 -0.00062653236 0.9999984 -0.001507163 -0.0005559921 0.0073912144
-0.44252434 -0.8622792 0.24626549 -0.7745671 0.22914293 -0.5895246 0.45190483 -0.4516282 -0.76929456 1.2953296 2.3664293 3.522984
0.9999994 0.00045754516 0.0011208355 -0.0004573639 0.9999998 -0.0001510866 -0.0011209324 0.00015057623 0.9999993 -0.0013141334 -0.0020115376 0.0047165155
0.999999 0.0007373376 0.0012395866 -0.000736841 0.9999996 -0.00035165623 -0.0012398399 0.00035074167 0.9999991 -0.0019287318 0.0007958412 0.0028607845
0.99999946 0.0007295506 -0.00045472383 -0.00072915386 0.9999993 0.0009426931 0.0004553795 -0.00094236527 0.99999946 -0.00074744225 0.005830288 0.009165227
0.9999992 0.00052091194 0.0011477172 -0.0005209702 0.99999994 7.1427785E-05 -0.0011476763 -7.20229E-05 0.9999993 -0.0036631636 -0.001985073 0.0060884953
0.9999997 0.00027883705 0.0008704886 -0.00027855602 1 -0.00023916736 -0.0008705463 0.0002389215 0.9999996 -0.002375126 -0.005250454 0.0031148791
-0.05959767 0.90576494 0.4195689 -0.7669618 0.22747678 -0.6000198 -0.6389193 -0.35755318 0.68112993 -7.1318955 3.151856 0.96120286
0.99999946 0.0007091081 0.0007320158 -0.00070894253 0.99999964 -7.44313E-05 -0.0007320717 7.3920935E-05 0.9999997 7.379055E-05 -0.0035171509 0.0044379234
0.9999997 0.00072136783 0.00032805558 -0.00072150474 0.9999997 0.00019634701 -0.00032791216 -0.00019658357 0.99999994 -0.0012254119 -0.003938198 0.0018161535
0.99999815 0.00097562675 0.0017875433 -0.0009761576 0.99999976 0.0002866052 -0.00178729 -0.0002883263 0.99999833 -0.0037841722 0.0014920235 0.008226097
0.99999714 0.0023967363 -9.946525E-06 -0.0023965426 0.99999684 -0.0005313605 8.665025E-06 0.0005313563 0.9999999 -0.011010349 0.003218174 0.005302012
0.99999815 0.00094359275 0.0015493408 -0.00094377063 0.99999934 0.00012596697 -0.0015491843 -0.00012746453 0.9999988 -0.004735425 -0.0003695488 0.0055241585
0.99999815 0.0005303712 0.0018287823 -0.0005306497 0.9999998 0.00018591806 -0.0018286854 -0.00018688664 0.9999983 -0.0022093505 -0.00024414062 0.0068701506
1 0 0 0 1 0 0 0 1 -0.020855784 -0.00817132 0.0049779415
1.0000001 0.00041701054 -0.00015132502 -0.00041703437 0.99999994 -0.00020698924 0.00015125051 0.00020705163 1 -0.0042402744 -0.015175343 0.0026599765
0.9999975 0.000647445 0.0021726936 -0.0006474438 0.9999998 6.789714E-05 -0.0021726377 -6.9301575E-05 0.9999977 -0.0041364133 0.00095558167 0.006056547
-0.9193733 -0.39306846 0.015809566 -0.37890214 0.8956122 0.23304957 -0.105763696 0.20826928 -0.9723364 7.3532705 1.4204731 0.51743054
0.999997 0.0004763729 -0.0023742616 -0.00047493516 0.9999997 0.00059589 0.0023744702 -0.0005947612 0.99999684 0.0015444756 0.001039505 0.0088195205
0.99999845 0.0012978382 0.0011471137 -0.0012984037 0.99999917 0.0005555432 -0.0011463985 -0.00055702776 0.9999991 -0.0028302148 0.0006246567 0.006612003
0.9999987 9.203132E-05 0.0016236175 -9.091548E-05 0.9999995 -0.0007130578 -0.0016236808 0.0007129032 0.9999984 0.0045810733 -0.011100292 -0.0038923621
0.9999713 -0.0031054653 -0.006908655 0.0031140856 0.9999943 0.001225546 0.0069049 -0.0012470633 0.9999755 0.037831277 0.00075626373 0.015772328
1 4.551327E-05 -7.764995E-05 -4.5616413E-05 0.99999994 0.00033569336 7.766113E-05 -0.00033570454 0.99999994 -0.0047186613 -0.019143581 0.005899012
0.99999815 -0.00017443817 0.002047489 0.0001744077 0.9999999 -2.1606684E-07 -0.0020474903 5.699694E-07 0.99999785 -0.0014328659 -0.0021443367 0.005710125
1 0 0 0 1 0 0 0 1 0.03131008 0.0015630722 -0.012633026
0.99870753 -0.037391037 -0.034422636 0.038162768 0.99902827 0.022042483 0.033564836 -0.023327619 0.9991641 0.066910505 0.09052658 0.16248846
0.999999 0.0009898059 -0.0010299236 -0.0009889579 0.99999934 0.00086412206 0.0010307431 -0.0008631069 0.9999991 -0.001684159 0.0008907318 0.008793116
1 0 0 0 1 0 0 0 1 0.011555374 -0.014334202 0.0150069
0.9989679 -0.038374275 -0.024300605 0.03853306 0.99923867 0.006097205 0.02404812 -0.0070272684 0.999686 0.110777676 0.03318119 0.051713467
0.9999976 0.00033835205 0.002057545 -0.0003388794 0.99999994 0.00024405867 -0.0020574592 -0.0002447553 0.9999978 -0.0025068372 -0.002096653 0.00740546
1 0 0 0 1 0 0 0 1 3.4332275E-05 0.020913124 0.012882769
0.99975723 -0.021986552 -0.0012966394 0.02187848 0.99817 -0.05637376 0.0025337338 0.05633177 0.9984089 0.04886931 -0.15565968 -0.43672323
1 0 0 0 1 0 0 0 1 -0.17211491 -0.047398567 -0.020576954
0.99999815 0.00035086984 0.0017447025 -0.0003511235 0.99999976 5.7740137E-05 -0.0017446652 -5.8345497E-05 0.9999984 -0.0026878566 -0.0008468628 0.006033957
0.9999991 0.0010337727 0.00076306984 -0.0010338776 0.9999995 0.00014018267 -0.000762932 -0.00014097244 0.99999976 -0.0032880008 -0.00030374527 0.00563854
1 0 0 0 1 0 0 0 1 -0.00070279837 0.009203434 -0.0027887821
0.9999979 0.0011471575 0.001646772 -0.0011480291 0.9999991 0.0005611051 -0.0016461145 -0.0005629994 0.9999983 -0.0025961846 -0.00065231323 0.0064610243
0.9999975 0.00080566574 0.002112195 -0.00080573885 0.9999997 0.000104151666 -0.0021121278 -0.00010586716 0.99999785 -0.0040513724 0.0018372536 0.005134344
1 0 0 0 1 0 0 0 1 0.032852888 -0.07052004 0.0034645796
0.99999774 0.0010673106 0.0019501448 -0.0010674149 0.99999934 0.00010745227 -0.0019500852 -0.00010945648 0.9999982 -0.007920429 0.00016021729 0.0016677976
0.99861014 -0.043640018 -0.029554069 0.044017673 0.9989556 0.012253657 0.02898848 -0.013537496 0.9994881 0.1392338 0.051520824 0.092447996
0.99999857 0.0013104379 0.0008869944 -0.0013110298 0.99999857 0.0006995597 -0.00088607334 -0.0007007229 0.9999994 -0.002739787 -0.0002784729 0.007978857
0.9999976 0.00021316297 0.0021502748 -0.00021098834 0.9999996 -0.00096589327 -0.0021504983 0.00096543133 0.9999972 -0.005015403 0.008921623 0.0024017096
0.9988251 -0.03116586 -0.037112117 0.031922042 0.99929094 0.019960195 0.036463752 -0.021121323 0.99911183 -0.0016816854 0.070150375 0.14890409
0.9999984 0.001551541 -0.00073190033 -0.0015510584 0.99999833 0.0006326437 0.0007328838 -0.00063151866 0.9999996 -0.0044662505 -0.00045490265 0.010566711
0.9999983 0.0003156378 0.0017750934 -0.00031579635 0.9999997 6.7323446E-05 -0.0017750673 -6.790459E-05 0.99999845 -0.0025105923 -0.0015058517 0.0061159134
0.99999696 -0.00023254115 0.002391491 0.00023254931 0.9999997 9.879121E-06 -0.0023914948 -9.3190465E-06 0.99999726 0.008172676 -0.0083909035 0.006402433
1 0 0 0 1 0 0 0 1 0.00771451 -0.005301416 0.00096961856
1 0 0 0 1 0 0 0 1 -0.0054018497 -0.029926717 -0.0014578104
1 0 0 0 1 0 0 0 1 -0.046437263 0.08808708 0.010457039
0.99999917 9.782729E-06 0.001233276 -9.821379E-06 1 2.0049512E-05 -0.0012332797 -2.0053238E-05 0.9999992 -0.0012567341 -0.0073075294 0.0052708983
0.99999744 0.00029325671 0.0022607148 -0.0002938388 0.99999976 0.00032583624 -0.0022605658 -0.0003265366 0.9999976 -0.00087189674 0.00045394897 0.008943617
0.9999999 0.00027058757 -0.000481382 -0.00026983747 0.9999988 0.0015993069 0.00048178434 -0.0015991572 0.9999985 0.0070758164 -0.0013895035 0.01698345
0.9999997 0.0007381818 0.000269223 -0.00073825923 0.99999964 4.5187306E-05 -0.0002691932 -4.5388006E-05 0.99999994 -0.0022764504 -0.008511305 0.007038355
0.99999577 0.0020153373 -0.0021405667 -0.0020109415 0.99999595 0.002010122 0.002144605 -0.0020056963 0.9999958 -0.013898402 -0.0042304993 0.024932206
0.99999934 0.00093221746 0.0007212013 -0.0009324812 0.99999934 0.00034853537 -0.000720866 -0.00034920196 0.9999996 -0.0036949217 -0.0019760132 0.006007105
0.99999875 -0.00024898956 0.0015416592 0.00024912506 0.99999976 -0.00015449896 -0.0015416369 0.00015487522 0.99999875 -0.0015698518 -0.0034165382 0.0049860477
1 0 0 0 1 0 0 0 1 -0.0003989935 8.0645084E-05 0.0070995092
0.99999845 0.0007416699 0.001567848 -0.00074195396 0.9999997 0.00013833493 -0.0015677288 -0.00013948977 0.9999987 -0.0028665513 0.00033712387 0.00685966
0.99852985 -0.045021497 -0.030191183 0.04522541 0.9989582 0.0061064214 0.029884756 -0.0074629486 0.9995254 0.12844819 0.03415346 0.059118986
1 0 0 0 1 0 0 0 1 0.0096184015 -0.0050115585 -0.009123206
1 0 0 0 1 0 0 0 1 0.005855605 -0.009256363 0.00019690394
0.9999982 0.0008168495 0.0016754866 -0.00081684534 0.99999964 -3.1977892E-05 -0.0016755015 3.060326E-05 0.99999857 -0.0029353201 0.0005059242 0.0047311187
0.99999887 0.0015127341 0.0005162384 -0.0015131776 0.99999875 0.00079485774 -0.0005150351 -0.0007956177 0.9999996 -0.00503394 -4.005432E-05 0.009292841
1 0 0 0 1 0 0 0 1 -0.012321472 0.0149354935 -0.012154281
0.9999988 0.0006306146 0.0013724193 -0.0006307999 0.9999999 0.000112263486 -0.0013723597 -0.00011312403 0.999999 -0.0041997936 -7.009506E-05 0.0055288076
0.99999803 0.0010013529 0.0017547868 -0.0010018458 0.99999964 0.0002565384 -0.0017545321 -0.00025828183 0.99999845 -0.0043515163 3.9577484E-05 0.0064322352
1 0 0 0 1 0 0 0 1 -0.10925233 0.053661346 0.029893875
0.99999756 0.00016878871 0.0021631713 -0.0001693794 0.9999999 0.000288181 -0.0021631303 -0.00028856844 0.9999976 -0.0029433332 -0.002430439 0.009687722
0.9999982 0.0004010722 0.0018184148 -0.0004013877 0.99999976 0.00019485503 -0.0018183365 -0.00019560009 0.9999984 -0.002992034 -0.0012879372 0.0065942407
1 0 0 0 1 0 0 0 1 0.004416585 -0.0043554306 0.0024498105
1 0 0 0 1 0 0 0 1 -0.0830466 -0.012061119 0.0076141357
0.9999991 0.00036887778 -0.0011390299 -0.0003705984 0.9999987 -0.0014622398 0.0011385083 0.0014626831 0.99999833 -0.0040539503 -0.009766817 -0.0019846559
0.9999912 -0.00019413617 -0.0042354427 0.00017322402 0.9999881 -0.004922701 0.0042363666 0.0049219057 0.99997884 -7.665157E-05 -0.034053802 0.016426086
0.99999905 0.00033416995 0.0013046004 -0.00033388578 0.99999994 -0.00018158928 -0.0013046525 0.00018120371 0.99999905 -0.0049390197 -0.0054535866 0.0055528283
0.99999845 -0.0015374124 -0.00094002485 0.0015300512 0.9999693 -0.0077070296 0.0009519756 0.0077055693 0.99996984 -0.10565162 -0.026156425 -0.07631421
0.9999974 -2.9904768E-06 0.002303891 3.6489218E-06 0.9999999 -0.00028635561 -0.0023038834 0.00028636307 0.9999973 -0.00018638372 -0.0028531551 0.006219983
0.9999982 0.0004163403 0.0019665733 -0.00041629537 1 -3.625825E-05 -0.0019665882 3.5446137E-05 0.9999981 -0.0036758184 0.0006155968 0.005099654
1 0 0 0 1 0 0 0 1 0.01502645 -0.020973206 0.005265057
1 0 0 0 1 0 0 0 1 -0.0050714016 0.06472254 -0.1409797
1.0000002 -0.000100107514 0.00017516315 0.00010018784 0.9999998 -0.00045495108 -0.00017514452 0.00045497343 0.9999998 -0.00078710914 -0.005844116 0.0042853355
0.99999857 0.00017018465 0.0017159954 -0.00016976311 1 -0.0002809558 -0.001716014 0.00028065965 0.9999984 -0.0036413223 -0.0022268295 0.0058386624
0.99999815 0.00032857372 0.0018614661 -0.0003288802 0.99999964 0.00012764335 -0.001861427 -0.00012826361 0.9999983 -0.0027592182 -0.0023436546 0.0065883994
0.99987215 -0.0031985417 0.015666991 0.0030081905 0.99992144 0.012158312 -0.015704602 -0.012109607 0.99980336 0.032242775 -0.08662531 0.07350844
0.9999986 -0.0001744884 0.001777269 0.00017445581 1.0000002 4.5992434E-05 -0.0017773136 -4.5649707E-05 0.9999985 0.002517879 -0.0034897327 0.006066233
0.99999785 0.0003674053 0.0021391218 -0.00036731616 0.9999999 -7.238239E-05 -0.0021391604 7.161498E-05 0.9999977 -0.0013366938 -0.00055646896 0.0049307942
1 0 0 0 1 0 0 0 1 0.0042237043 -0.01346302 -0.00957492
0.9999989 0.00063832104 0.0012980625 -0.0006380067 0.9999999 -0.0002968479 -0.0012982786 0.00029602833 0.9999989 -0.003211841 -3.0517578E-05 0.0038380027
0.9999966 0.00092240697 0.002416104 -0.0009233739 0.99999917 0.00044067297 -0.0024156794 -0.00044291932 0.999997 -0.005394995 0.0025906563 0.00810042
