0.9999977 0.0009026424 -0.0018572584 -0.0009002619 0.9999988 0.0012652576 0.0018584281 -0.0012635845 0.9999975 0.00406003 -0.0026755333 0.01036185
0.9999999 0.00028636132 -0.00061076134 -0.00028604944 1 0.00075124763 0.0006109588 -0.0007510353 0.9999994 0.0047647953 -0.0016736984 0.011773288
0.9999294 0.010472536 -0.0056133866 -0.010517985 0.9999118 -0.008094162 0.005528152 0.008152366 0.9999514 -0.08094764 0.0073242188 -0.07336593
1 0 0 0 1 0 0 0 1 -0.00055861473 0.006422043 -0.02615109
1 0 0 0 1 0 0 0 1 -0.015942216 0.024683237 0.031588674
0.9999961 0.0008312104 -0.002611637 -0.00083146663 0.99999976 -0.00016178493 0.002611488 0.0001639612 0.9999964 -0.0017115474 -0.007185936 -0.0041262507
0.9957483 -0.091731235 -0.008395314 0.09186843 0.99561286 0.017745763 0.0067305863 -0.018441826 0.99980736 0.34189767 0.16406202 0.19528055
0.9999996 0.0005110216 -0.00029055774 -0.00051074685 0.99999946 0.0008980967 0.00029102713 -0.000897944 0.9999996 0.003161043 0.00069236755 0.01368475
0.9999956 0.0014475102 -0.00259272 -0.0014420536 0.9999968 0.0021085534 0.0025957618 -0.0021049734 0.9999946 0.0018773526 0.00070381165 0.015113294
0.9999958 -7.98055E-05 -0.0028959215 8.3494466E-05 0.9999993 0.0012932643 0.0028957948 -0.0012935027 0.99999505 0.012409762 -0.003751278 0.013686001
0.9999996 0.00049897935 -0.00090249814 -0.00049799355 0.9999991 0.001156494 0.00090307 -0.0011560619 0.9999989 0.0032220855 -0.0024151802 0.011482656
0.9999941 0.00086329505 -0.0033192239 -0.0008600543 0.9999991 0.0009791553 0.0033200653 -0.00097629055 0.999994 0.0033961684 0.0037064552 0.010436356
0.99999934 0.0005519565 -0.0007227212 -0.00055132946 0.99999917 0.0009605214 0.0007232353 -0.0009601414 0.9999993 0.004014924 -0.00046014786 0.011872351
1 0 0 0 1 0 0 0 1 -0.2673147 0.059688568 0.1108551
0.99998254 0.0017262992 -0.0056408383 -0.0017154842 0.9999966 0.0019238181 0.0056441426 -0.0019141026 0.9999822 -0.0010970235 0.0043172836 0.012422323
1 0 0 0 1 0 0 0 1 0.010977626 -0.010401726 0.014278233
1 0 0 0 1 0 0 0 1 -0.24198419 -0.011682034 0.029800415
0.99999577 0.0016157756 -0.0024525374 -0.0016097868 0.9999958 0.0024714507 0.002456516 -0.0024674875 0.9999939 0.0005735308 0.00014019012 0.017883956
0.9999992 0.00076081516 0.00071068434 -0.00076152023 0.9999988 0.0011148639 -0.0007098303 -0.0011154264 0.99999905 0.0027408898 -0.00019550323 0.012452543
1.0000001 0.00036402117 -7.9553574E-05 -0.0003640307 0.99999964 0.0007338226 7.981807E-05 -0.00073380023 0.9999998 0.0029327273 0.0012879372 0.013017774
1 0 0 0 1 0 0 0 1 -0.013527393 -0.0026564598 0.0028226376
0.99999714 0.0011654035 -0.0020691305 -0.0011619452 0.9999979 0.0016729608 0.002071078 -0.0016705394 0.9999964 0.0031548068 0.00033712387 0.01308459
0.9999966 0.00091345515 -0.0024552941 -0.00091159996 0.99999917 0.00077381544 0.0024558902 -0.0007715486 0.99999654 0.0018349085 0.0035829544 0.010905027
0.9999996 0.0009366777 -0.0006802678 -0.0009362716 0.99999934 0.00069986284 0.00068095326 -0.0006992072 0.99999946 0.0017991662 -0.0011992455 0.008381009
0.99999964 7.0274924E-05 -0.0006478112 -6.997923E-05 0.9999994 0.000596039 0.0006478485 -0.00059603155 0.9999996 0.0047362745 -0.0008034706 0.010879815
0.99999976 -4.042685E-05 -0.00074493885 3.7446618E-05 0.99999255 -0.0038685203 0.00074490905 0.0038685054 0.99999225 0.0020571947 -0.024151802 -0.007055342
0.99517965 -0.06387019 -0.07442154 0.064148486 0.99793965 0.001352787 0.07418175 -0.0061202347 0.997226 -0.055541515 0.06365156 0.11550188
1 0 0 0 1 0 0 0 1 -0.3025068 -0.10694361 -0.07347226
0.9999977 0.0014517754 -0.001801014 -0.0014498293 0.9999986 0.0010408852 0.0018025935 -0.0010382647 0.999998 -0.0008100867 0.0030088425 0.010819852
0.9999921 0.0013816151 -0.0036467817 -0.0013748524 0.99999714 0.0018408485 0.003649314 -0.001835824 0.9999916 -0.00030070543 0.00048589706 0.010997653
0.99999964 0.00044526847 -0.00072737224 -0.00044475438 0.9999996 0.00086482614 0.0007277522 -0.00086450577 0.9999994 0.0024726838 -0.0016226768 0.011294246
1 0 0 0 1 0 0 0 1 -0.004736185 -0.013608456 0.0001307074
0.99999946 0.00019922794 -0.00083093345 -0.0001985922 0.9999994 0.0006848015 0.00083108246 -0.0006846562 0.99999946 0.003767714 -0.00042676926 0.012228072
0.9999979 0.00038388296 -0.0017865784 -0.00038213516 0.9999991 0.0010049827 0.0017869547 -0.0010043159 0.9999979 0.0047791004 -0.002980709 0.012068331
0.99999934 0.0007161917 0.00040199235 -0.00071675435 0.99999857 0.0013672821 -0.00040098652 -0.0013675801 0.999999 0.002009362 -0.0015001297 0.015947819
0.9999992 -0.0002270583 -0.0012310743 0.00022614188 0.99999964 -0.00071030855 0.0012312233 0.000710018 0.9999989 0.006108284 -0.0017337799 0.0071157813
0.99999815 0.0006131351 -0.0016947351 -0.00061178487 0.99999946 0.00077240355 0.0016952064 -0.0007713437 0.9999983 0.0041081905 -0.002714634 0.0103901625
1 0 0 0 1 0 0 0 1 0.004816532 -0.015784264 0.0017137527
1 0 0 0 1 0 0 0 1 -0.020305872 -0.00031280518 -0.015943766
0.99999887 8.901777E-05 -0.0015025511 -8.873465E-05 1 9.010453E-05 0.0015025609 -8.9969486E-05 0.9999989 0.004719287 -0.00833869 0.0072708726
0.9999998 -8.95625E-05 -0.0008070022 8.9441426E-05 1.0000001 -0.00011289865 0.0008070618 0.00011277571 0.99999946 -0.0012437701 -1.001358E-05 0.012043655
0.99144393 -0.11188716 -0.06722745 0.113980204 0.9930843 0.028137118 0.06361423 -0.03555894 0.99734074 0.3210287 0.22006416 0.34498692
0.999985 0.0017042682 -0.0052149296 -0.0016957894 0.9999972 0.0016457364 0.005217761 -0.0016368628 0.9999851 0.0015932322 0.0044054985 0.018180788
0.9999996 0.0004773825 -0.00081533566 -0.00047671044 0.99999934 0.0008278899 0.0008157324 -0.00082751736 0.99999934 0.0043507963 -0.0011124611 0.010879457
0.9999995 0.00036461418 -0.00037653 -0.0003643278 0.9999994 0.0008693151 0.00037688017 -0.000869181 0.99999946 0.004531741 0.0017409325 0.013346076
0.99999976 0.0005486375 -0.0007295646 -0.00054779585 0.9999993 0.0010690279 0.00073016435 -0.0010686219 0.99999917 0.002502963 -0.004281044 0.012399435
0.99999774 0.00084385555 -0.0019863807 -0.0008416716 0.99999917 0.0011238568 0.0019873157 -0.0011221841 0.99999744 0.0038225204 -0.0006699562 0.010964394
1 0 0 0 1 0 0 0 1 0.0026676655 0.051448822 0.005620241
1 0 0 0 1 0 0 0 1 0.0148512125 0.0049710274 0.01085794
0.9999986 0.0010747584 -0.0010865843 -0.0010733859 0.9999985 0.0011239499 0.0010877945 -0.0011228025 0.9999987 0.0026151538 -0.0029010773 0.012525678
0.99999875 0.00028645093 -0.0016196556 -0.0002856383 0.9999997 0.0005238708 0.0016198056 -0.0005234033 0.9999986 0.0040439107 -0.005448103 0.009590536
1 0 0 0 1 0 0 0 1 0.05574161 -0.06364441 0.011115968
0.9999991 0.00017575256 -0.0012895484 -0.00017508189 0.9999996 0.0005463809 0.001289634 -0.00054617226 0.99999905 0.00087834895 7.915497E-05 0.013193905
0.9999772 0.0011013735 -0.006677565 -0.001090907 0.99999845 0.0015720911 0.0066792844 -0.0015647598 0.9999765 8.994341E-05 0.0035338402 0.010446787
0.9999928 0.0013070679 -0.0035276897 -0.0012983363 0.99999595 0.0024936965 0.003530927 -0.0024890983 0.9999907 0.0021542907 0.0010213852 0.018603355
0.99999404 0.000251667 -0.003407091 -0.00024942128 0.9999995 0.0006343415 0.0034072995 -0.00063358946 0.9999941 0.003582906 -0.0045166016 0.013285756
0.9999964 0.00031351135 -0.0025563762 -0.00031087815 0.99999905 0.0010281242 0.0025566593 -0.001027341 0.99999624 0.0053586066 -0.004749775 0.011039436
1 0 0 0 1 0 0 0 1 0.0027811527 -0.02408278 -0.012067497
0.9999997 3.0479214E-06 -0.00069736183 -2.7552178E-06 0.9999996 0.00062095 0.00069736026 -0.0006209649 0.9999995 0.0063228644 -0.0023646355 0.011541009
0.9999967 -3.63132E-05 -0.002573751 3.6647543E-05 1.0000001 0.00013366342 0.002573751 -0.00013373792 0.9999967 0.0008356273 -0.004255295 0.007830203
0.9999949 0.00015876308 -0.0031970069 -0.0001577647 0.9999999 0.0002837209 0.0031970292 -0.00028320914 0.99999493 0.0053542256 -0.011757135 0.006783366
0.99999976 0.0005250233 -0.0005533919 -0.0005243304 0.9999991 0.0012036152 0.0005540401 -0.0012033395 0.9999993 0.005184151 0.00043344498 0.0142303705
1 0 0 0 1 0 0 0 1 -0.012322009 -0.010419846 0.0127134845
0.99999666 0.0014451136 -0.0022412688 -0.0014399153 0.9999965 0.002299415 0.002244588 -0.0022961777 0.9999948 0.0018660426 0.0007095337 0.016677022
1 0 0 0 1 0 0 0 1 0.07664162 0.013163567 -0.023708105
0.9998822 0.00038645416 -0.01535961 0.00010047108 0.9994979 0.031686828 0.015364066 -0.031684577 0.9993797 0.0052421093 -0.02957058 0.2737092
0.9999995 0.0004156789 -0.0006969422 -0.0004149375 0.99999946 0.0010520164 0.0006973855 -0.0010517146 0.99999905 0.0035375664 -0.0021414757 0.012923062
0.99999607 0.0014875964 -0.0023279916 -0.0014830192 0.9999967 0.0020175911 0.002330985 -0.0020141415 0.9999952 0.0023978725 0.0033078194 0.015236914
0.99999964 0.0010122837 -0.000562652 -0.0010113674 0.9999979 0.0017492175 0.00056441594 -0.0017486475 0.9999983 0.00035114586 0.0009317398 0.0158512
0.9999999 0.00034571392 -0.00011830591 -0.00034540088 0.9999995 0.0007117912 0.000118564814 -0.00071176887 0.9999999 0.0039957464 -0.0017766953 0.011866868
1 0 0 0 1 0 0 0 1 0.009438753 0.006382942 -0.020159006
0.99999624 0.0012265302 -0.0023778453 -0.0012216826 0.9999972 0.0020518154 0.002380319 -0.0020489115 0.99999523 0.0028717965 -0.0007505417 0.014882624
0.9999976 0.0013865705 -0.0016081668 -0.0013835737 0.99999696 0.0018993393 0.001610782 -0.0018971302 0.99999696 0.0020294413 0.0010495186 0.014849424
0.9999965 -1.1770986E-05 -0.002704151 1.1180178E-05 1.0000001 -0.00021786429 0.0027041622 0.00021783076 0.99999624 0.00524202 -0.011007547 0.004866004
0.9999986 0.0006545519 -0.001450445 -0.0006530495 0.99999905 0.0011101365 0.0014511677 -0.0011091977 0.99999833 0.009304911 0.0010704994 0.008769155
1 0 0 0 1 0 0 0 1 0.010234237 -0.009800911 0.013289809
1.0000004 3.1491276E-05 -0.0004196465 -3.135996E-05 1.0000001 0.00047879294 0.0004196018 -0.00047876686 0.99999994 0.0070569515 -5.030632E-05 0.011371791
1 0 0 0 1 0 0 0 1 -0.05843258 0.04638958 0.013795614
0.99995404 0.007098317 -0.0064322352 -0.0070836917 0.99997234 0.0022992045 0.006448418 -0.0022535175 0.9999765 -0.025938988 0.023713112 0.031023383
0.99999803 0.0004423745 -0.001932472 -0.00044353306 0.9999998 -0.000532493 0.0019322634 0.00053332 0.9999979 0.0031545758 -0.036619425 -0.001930356
0.9999984 0.0011199721 -0.0012413021 -0.0011179176 0.9999977 0.001715647 0.001243215 -0.0017142529 0.9999977 0.0007311553 -0.0024061203 0.014479041
0.9999942 6.126962E-05 -0.0033991002 -6.099802E-05 1 6.4140186E-05 0.0033991002 -6.393343E-05 0.9999942 0.0070049167 -0.0069549084 0.0038939714
0.9999967 -3.1137766E-05 -0.0026159696 3.216417E-05 1 0.00035131164 0.0026159473 -0.00035140128 0.99999666 0.0049053878 -0.0018773079 0.00997889
0.99963677 -0.021004185 -0.016882686 0.02109918 0.99976254 0.0054661334 0.01676381 -0.0058202446 0.9998425 -0.17968395 0.06314039 0.10370684
0.99998826 0.00085665693 -0.0047293454 -0.000853583 0.9999996 0.00062859524 0.004729867 -0.0006245468 0.9999885 0.0034822226 -0.0037107468 0.0069869757
0.9999948 -0.0010684137 0.0030473247 0.0010665997 0.9999993 0.00058784336 -0.0030479655 -0.00058458 0.9999952 0.007374227 -0.006210327 0.009450436
0.9999998 0.00054877996 -0.00012544543 -0.00054864574 0.9999991 0.0010019094 0.00012599677 -0.0010018535 0.9999996 0.0037550628 -0.00043582916 0.012261689
1 0 0 0 1 0 0 0 1 -0.009346962 -0.0016975403 -0.0131982565
0.9999989 0.00030421373 -0.0013386272 -0.00030334573 0.99999946 0.00062117726 0.0013388433 -0.0006208047 0.9999988 0.008796096 0.004286766 0.010121405
0.9999999 0.00056255143 -0.000114284456 -0.00056240754 0.9999993 0.00086756423 0.000114783645 -0.0008675419 0.99999976 0.0032486022 0.0016479492 0.01207453
1 0 0 0 1 0 0 0 1 -0.4154035 -0.040460587 0.0032277107
1 0 0 0 1 0 0 0 1 0.0024751723 0.019519806 -0.011743665
0.9999964 0.0016408599 -0.0020978488 -0.0016361591 0.9999964 0.0021955986 0.0021014437 -0.0021921527 0.9999955 0.001277674 0.001373291 0.016062915
1 0 0 0 1 0 0 0 1 -0.020357132 -0.027983665 0.18847427
0.9999949 0.00081964757 -0.0031267693 -0.00081664603 0.9999993 0.0009683707 0.00312756 -0.0009658127 0.9999947 0.0018617213 -0.0061211586 0.009526849
0.9999991 0.00014211866 -0.0011160374 -0.00014164858 1 0.0004669726 0.0011161193 -0.0004668068 0.9999992 0.0053489655 -0.00056123734 0.010766745
0.99998707 0.00088623347 -0.004960574 -0.0008810974 0.99999887 0.0010544742 0.0049614906 -0.001050096 0.9999872 0.0012042224 0.0008840561 0.009878546
0.9999956 0.0012350185 -0.0026660264 -0.0012293467 0.99999696 0.00212726 0.0026686788 -0.0021239705 0.99999404 0.0036878735 -0.0030965805 0.011955202
0.99999976 0.00015415205 -0.0009088032 -0.00015346496 0.99999994 0.0007240437 0.0009089112 -0.0007238984 0.99999946 0.0047194064 -0.00034618378 0.01227963
0.9999988 0.00017490773 -0.001331225 -0.00017405348 0.9999998 0.00063312054 0.0013313517 -0.00063288584 0.99999887 0.004010007 -4.1484833E-05 0.011834353
0.9965106 -0.07090792 -0.044033796 0.07121512 0.9974461 0.0054434836 0.04353544 -0.008560628 0.99901533 0.10389197 0.087444305 0.08986306
0.9999994 0.00015543583 -0.0010223724 -0.00015493244 0.9999998 0.0005757138 0.0010224613 -0.00057555176 0.9999992 0.005618006 -0.0019330978 0.011167347
0.99999654 0.0014526127 -0.0021187328 -0.0014480716 0.99999696 0.0021239687 0.0021218173 -0.0021208823 0.9999955 0.0018735006 0.0004029274 0.015757084
0.9999994 0.00069766137 -0.0006154892 -0.0006968451 0.9999988 0.001351554 0.0006164289 -0.0013511181 0.99999875 0.004105523 0.0012292862 0.014474034
0.99994946 0.00029870216 -0.010034353 -0.0002687103 0.99999523 0.0029763542 0.010035202 -0.0029735304 0.9999451 -0.0024272203 -0.026097298 0.02619189
0.999999 -6.961933E-05 -0.0012282263 6.986287E-05 0.99999994 0.0002592262 0.0012282077 -0.00025931746 0.9999991 0.0077172816 -0.005288601 0.009393513
0.99999684 0.00026255613 -0.0025353543 -0.00026036464 0.9999997 0.00087343063 0.0025355704 -0.0008727601 0.9999964 0.0055530667 -0.0042858124 0.009319186
0.99998987 0.0012270377 -0.004270822 -0.0012169982 0.99999636 0.0023762728 0.004273705 -0.0023710597 0.99998814 0.0015184283 0.0010185242 0.018359274
0.9999964 0.0010082156 -0.002515465 -0.0010051263 0.99999887 0.0012150444 0.0025167316 -0.0012125112 0.99999607 0.0023563206 -0.00083971024 0.012458801
1 0 0 0 1 0 0 0 1 -0.038483143 0.00540781 -0.0041270256
0.9999992 0.0012324796 -0.00022892654 -0.0012325002 0.99999905 0.00050541013 0.00022949278 -0.00050511956 0.99999976 -0.015003562 -0.015881859 0.013461709
0.9999942 0.0021077693 -0.0027156621 -0.002107963 0.9999977 -9.7706914E-05 0.0027152896 0.000103397295 0.99999636 -0.0039780736 -0.021141052 0.011742145
0.9999993 0.0004245937 -0.0011122804 -0.00042009354 0.9999912 0.0041898936 0.0011140606 -0.0041894447 0.9999906 0.0012213588 0.0071287155 0.029284824
0.9999998 0.00041467964 -0.0004304275 -0.00041434285 0.9999994 0.00093361735 0.00043081678 -0.0009334497 0.9999995 0.003969169 -0.0012888908 0.012380481
1 0 0 0 1 0 0 0 1 -0.0017396212 -0.008985519 -0.0011506081
0.9999984 0.0007420983 -0.0015169084 -0.0007403691 0.9999991 0.0011859518 0.0015177727 -0.00118481 0.99999803 0.002151822 0.0026416779 0.011979163
0.99999785 0.00076827424 -0.0017938181 -0.00076671154 0.9999992 0.0008984655 0.0017945054 -0.00089708343 0.9999979 0.002550119 4.1007996E-05 0.011464715
0.9999882 0.0017266562 -0.0045821294 -0.0017173674 0.99999684 0.0020279065 0.004585594 -0.0020199977 0.99998754 -0.00028195977 0.005669594 0.015101433
0.9999807 0.000945391 -0.0061152205 -0.00093556766 0.9999982 0.0016075447 0.006116731 -0.0016017966 0.9999799 0.0029197335 0.0024909973 0.011001706
1 0 0 0 1 0 0 0 1 -0.0030757189 -0.0053710938 0.0019469261
0.99999595 0.0010771081 -0.0026582927 -0.0010730976 0.99999833 0.0014931103 0.002659902 -0.0014902465 0.9999954 0.003028825 -0.0004029274 0.0129163265
1 0 0 0 1 0 0 0 1 -0.025477707 0.05164194 -0.038240314
1 0 0 0 1 0 0 0 1 -0.30812216 -0.082625866 -0.104306936
0.9975657 -0.06973109 -0.0001023598 0.06972867 0.99754024 -0.0071778186 0.0006027296 0.0071531767 0.9999742 0.17852688 0.061983585 0.028353214
1 0 0 0 1 0 0 0 1 -0.36729997 8.010864E-05 0.06422806
0.9999974 0.0023052655 -0.0006464124 -0.00230458 0.9999968 0.0011104606 0.00064893067 -0.0011089668 0.99999934 -0.0022130013 0.00350523 0.017427087
0.9999989 0.00083381217 -0.0009438433 -0.0008322891 0.99999857 0.0015792083 0.0009451695 -0.0015784223 0.99999833 0.0031179711 0.0019073486 0.01603353
0.9999997 0.00010621548 -0.0010629073 -0.00010565715 1 0.00039789826 0.0010629073 -0.00039778277 0.99999934 0.0051079374 -0.00091552734 0.01033622
1 0 0 0 1 0 0 0 1 0.0021650791 -0.0055174828 -0.016254045
0.9999819 -0.00028111506 -0.0059832036 0.00029711332 0.9999964 0.002677478 0.005982414 -0.002679199 0.99997854 0.021113217 -0.005180359 0.02195143
0.99998355 0.0020047799 -0.0054451823 -0.0019932706 0.99999607 0.0021134578 0.005449295 -0.002102539 0.9999831 0.0009162426 0.0068092346 0.023311287
0.99999905 1.0004733E-06 -0.001488626 -2.256129E-07 1.0000002 0.0004158765 0.0014886409 -0.0004158616 0.9999989 0.0061864387 -0.001537323 0.010447204
0.99999404 0.00018494471 -0.003391143 -0.00018245995 0.9999997 0.0007114019 0.0033912621 -0.0007107686 0.99999404 0.0041416287 -0.0148768425 0.008907616
0.9944599 0.013365019 0.104262635 -0.013862595 0.9998958 0.0040492564 -0.104197696 -0.005472198 0.9945415 -0.064887285 -0.043711185 -0.2409485
0.10937478 -0.38106465 0.9180561 -0.4634825 0.79749715 0.38624135 -0.87933 -0.4677479 -0.08939071 -1.968003 -0.9544003 -0.2805434
0.9999993 0.00023257453 -0.0011420324 -0.00023245392 0.99999994 7.6159835E-05 0.0011420436 -7.5891614E-05 0.99999934 0.009815425 -0.00038146973 0.009774089
0.9999958 3.7851045E-05 -0.002859421 -3.562402E-05 0.99999964 0.0008161254 0.0028594509 -0.0008160174 0.9999955 0.006655216 -0.0091946125 0.0106408
1 0 0 0 1 0 0 0 1 0.0037059784 -0.0039925575 -0.0055030584
1 0 0 0 1 0 0 0 1 0.03676796 0.022333145 0.01760006
0.9999983 0.00091840676 -0.0017512515 -0.0009158992 0.9999985 0.0014474317 0.0017525852 -0.0014458261 0.99999744 0.0058045685 0.001039505 0.015270412
1 0 0 0 1 0 0 0 1 0.012701273 -0.016860608 0.010766029
0.9999982 0.0006501599 -0.0018421523 -0.00064976036 0.99999994 0.0001869644 0.0018422678 -0.00018576253 0.99999815 0.008612037 -0.011077166 0.00996083
0.9999938 0.0005784773 0.003475871 -0.00057527376 0.9999994 -0.00095895305 -0.0034764148 0.0009569451 0.99999356 0.00093542784 -0.00934267 -0.010561466
0.9999986 -0.00041280873 -0.0016568229 0.0004134071 0.99999976 0.00041514635 0.0016566515 -0.00041573495 0.99999845 0.0073210895 -0.006300688 0.008838117
0.9999921 9.013619E-05 -0.0039509907 -8.831872E-05 0.99999976 0.00044891052 0.003950998 -0.00044856407 0.9999921 0.0033740401 -0.00051116943 0.008062482
0.9999947 0.0006312707 -0.0032797754 -0.0006276724 0.9999993 0.0011227671 0.0032804683 -0.0011206977 0.99999404 0.00402987 -0.0026254654 0.0114041865
0.999976 0.0021695513 -0.006582588 -0.002154543 0.99999505 0.0022990443 0.0065874904 -0.0022847801 0.9999756 -0.0019886196 0.003030777 0.021325946
0.9999961 0.0014162625 -0.0024228245 -0.0014123567 0.99999774 0.0015914552 0.0024251118 -0.0015880242 0.99999577 0.00076526403 0.0010471344 0.014444947
1 0 0 0 1 0 0 0 1 0.010234237 0.010766029 0.01620692
1 0 0 0 1 0 0 0 1 0.006347537 -0.026111335 0.011024594
1 0 0 0 1 0 0 0 1 0.098783255 -0.08814001 -0.084852815
0.99999833 0.00075456547 -0.001606904 -0.0007524686 0.9999988 0.0012993217 0.0016078651 -0.0012981147 0.99999785 0.004351603 -0.0008673668 0.012315154
0.99999607 0.0014253227 -0.0024112538 -0.0014201324 0.9999966 0.0022048037 0.0024143904 -0.002201356 0.9999946 0.0015247203 0.0019688606 0.016866446
0.99999946 0.00028712617 -0.00086485967 -0.00028655177 0.9999996 0.00062153116 0.0008650422 -0.00062129647 0.9999994 0.0025532823 -0.0032520294 0.012487233
1 0 0 0 1 0 0 0 1 0.0063682795 0.010502338 0.016855061
0.9999998 0.00025458634 -0.00056375563 -0.00025414117 0.99999964 0.00064798445 0.00056391954 -0.00064786524 0.99999964 0.005386457 -0.00017738342 0.011289477
0.9999287 0.0052463245 -0.010720119 -0.005211061 0.999981 0.0033247024 0.0107373 -0.0032685548 0.999937 -0.04902208 -0.0003862381 0.027911007
0.9948832 -0.02199445 -0.09861186 0.02159521 0.9997539 -0.00511463 0.098700106 0.002959162 0.9951131 -0.4675532 -0.007211685 0.051098347
0.9999974 0.0010601952 -0.0020527588 -0.0010574202 0.9999985 0.0013902783 0.0020542238 -0.0013880953 0.9999968 0.0021098526 0.0015873909 0.01455313
1 0 0 0 1 0 0 0 1 -0.00682348 0.0010852814 0.010178149
0.9999951 0.0016779058 -0.0026250072 -0.0016720535 0.9999961 0.0022330545 0.002628751 -0.0022286605 0.9999941 0.0012121797 0.0010948181 0.016378224
0.9999966 0.0013064626 -0.0022302717 -0.0013021524 0.9999974 0.0019487403 0.0022328421 -0.001945842 0.99999565 0.0036319345 -0.0008716583 0.010868847
0.99999726 -0.002082266 0.0007594824 0.0020786002 0.99998635 0.0047613382 -0.00076939166 -0.0047597885 0.9999883 0.008413315 -0.059623003 0.011968121
0.99746054 -0.06263924 -0.033902384 0.063140154 0.99790776 0.013905004 0.03296046 -0.01601009 0.9993284 0.05412996 0.11430311 0.20164442
0.99997693 0.0015683665 -0.006626278 -0.0015558944 0.9999971 0.0018957146 0.006629225 -0.0018853564 0.99997616 -0.0024558902 0.0055332184 0.01483506
0.99999857 0.001355777 -0.0011217445 -0.0013543353 0.9999985 0.001258459 0.0011234432 -0.001256913 0.9999987 0.0038494766 -0.005256653 0.009626567
0.999915 0.003413001 -0.012589008 -0.003439539 0.9999919 -0.0020888746 0.012581795 0.0021319985 0.99991864 0.00048613548 0.010682821 -0.024414688
0.9999954 0.0012713734 -0.002732738 -0.0012658302 0.99999696 0.0020497553 0.0027353335 -0.0020462815 0.99999416 0.0033161193 -0.0008277893 0.01309517
0.99999255 -0.0010264819 -0.0036615282 0.0010276437 0.9999992 0.00033173524 0.003661111 -0.0003355611 0.9999934 0.01816672 -0.01661253 0.009596825
0.99999684 0.0011886279 -0.0022981353 -0.0011840969 0.9999975 0.001956875 0.0023004543 -0.0019541478 0.9999955 0.0020193756 -0.00017595291 0.01515305
0.9999784 -0.0013556741 -0.0064026415 0.0013887975 0.9999856 0.005179554 0.006395519 -0.0051882863 0.9999659 0.027020872 0.0029935837 0.04527919
0.9999988 0.00043439952 -0.0015470814 -0.00043277576 0.9999996 0.00096536987 0.0015475024 -0.0009646956 0.9999982 0.002204217 -0.0024518967 0.011281192
0.99999917 -0.00050517265 -0.0011299402 0.0005048588 0.9999997 -0.00029951707 0.001130119 0.0002989024 0.9999994 0.005549565 -0.0021104813 0.007415235
0.9999953 0.0013280278 -0.002798587 -0.0013232492 0.999998 0.0017246623 0.0028009266 -0.0017209258 0.99999446 0.004265517 -0.0010104179 0.01613909
0.9999992 0.00030639395 -0.00082308054 -0.0003056957 0.9999995 0.0007877201 0.0008233283 -0.00078746676 0.9999992 0.0049534887 0.0011348724 0.011980116
0.99998957 0.0011164676 -0.0045171976 -0.0011024661 0.9999947 0.0031240582 0.0045206547 -0.0031190533 0.9999851 0.022304207 -0.01611042 0.024027318
1 0 0 0 1 0 0 0 1 0.05533552 -0.039819717 -0.014230251
0.9999994 4.4720015E-05 -0.00086006895 -4.4374145E-05 0.99999964 0.0005133115 0.00086008944 -0.00051329285 0.99999964 0.0054438645 -0.0018968582 0.010969341
0.9999976 0.00045640836 0.002233535 -0.00046148966 0.99999744 0.002219256 -0.0022325218 -0.002220273 0.99999493 0.0019153357 0.0009121895 0.025711536
0.99999756 0.00053441845 -0.0021123579 -0.00053103117 0.9999985 0.0016089815 0.0021132156 -0.0016078552 0.9999965 0.0030311346 -0.00080251694 0.011645526
0.99999434 0.0018440756 -0.0028560124 -0.0018424543 0.99999845 0.00056278333 0.00285705 -0.00055755675 0.99999565 -0.00615716 -0.042981625 0.0066260695
1 0 0 0 1 0 0 0 1 0.010438919 -0.0224967 0.0069009364
1 0 0 0 1 0 0 0 1 0.003967285 0.0018482208 0.005493462
0.9999993 0.0008368739 -0.0006060973 -0.000836072 0.99999905 0.0010758638 0.0006069988 -0.0010753535 0.9999991 0.0031704977 0.002825737 0.011778235
1 0 0 0 1 0 0 0 1 0.033147097 -0.039862633 0.17391789
0.9999825 0.0017986447 0.0055864453 -0.00179727 0.9999984 -0.0002477318 -0.0055869073 0.00023768842 0.9999841 -0.008102655 -0.018418312 -0.010442674
1 0 0 0 1 0 0 0 1 -0.029122889 -0.027911186 -0.043054223
1 0 0 0 1 0 0 0 1 -0.058277845 -0.0028653145 0.13117677
0.99999976 -9.068439E-05 -0.0006321538 9.1081834E-05 0.9999998 0.00053421035 0.0006321166 -0.00053428486 0.99999976 0.0061609074 -0.0017399788 0.011692226
0.99999785 0.001086092 -0.0018918347 -0.0010820047 0.9999973 0.0021632807 0.0018941787 -0.0021612346 0.9999958 0.0022817925 -0.0009870529 0.014877707
0.99999917 0.00034371926 -0.0009989608 -0.00034303695 0.99999946 0.00070839375 0.0009991955 -0.000708051 0.99999917 0.0064859334 -0.004135132 0.011328757
0.9999997 0.00062799384 -0.0007151291 -0.0006269888 0.9999988 0.0014774501 0.0007160455 -0.0014769938 0.9999986 0.0031679124 0.0005888939 0.01461643
0.45210728 0.82711256 -0.33389175 -0.57612467 -0.014985099 -0.8172245 -0.6809399 0.5618365 0.46974486 -8.621181 3.6829147 -7.316828
0.999991 0.000989602 -0.004171245 -0.0009856634 0.9999992 0.0009574294 0.004172176 -0.0009533167 0.99999106 0.006854415 0.0039186478 0.007440746
0.9999995 0.00028812044 -0.00077351416 -0.00028771098 0.99999976 0.0006969534 0.0007737116 -0.0006967187 0.9999993 0.0040583834 -0.002040863 0.012226641
1 -0.00024194119 -0.00030766428 0.0002419916 0.99999994 0.00017130934 0.00030761585 -0.00017138757 0.9999999 0.005340277 -0.0036306381 0.010081589
0.9999904 0.0015015744 -0.0041264826 -0.0014949318 0.9999976 0.0016192347 0.0041288994 -0.0016130432 0.99999017 -0.0060165524 -0.00025177002 0.011847258
0.9999977 -2.7842587E-05 -0.0021144897 2.9119663E-05 0.9999998 0.0006403178 0.002114445 -0.00064043887 0.9999976 0.0065540373 -0.007490635 0.009865731
0.9999989 0.0013041487 -0.00076074153 -0.0013029282 0.99999803 0.0015290789 0.0007627085 -0.0015280917 0.9999987 3.889203E-05 0.00019216537 0.012306869
0.99999905 0.00042573875 -0.0014650151 -0.0004246357 0.9999999 0.0007031262 0.0014653578 -0.0007024985 0.9999988 0.00754188 -0.010189533 0.0070604086
0.9972607 -0.043887883 -0.05953951 0.043973953 0.9990327 0.00013613701 0.059475973 -0.0027542114 0.9982259 -0.15560019 0.05173254 0.09473157
0.9681101 0.08195713 -0.2367399 -0.14553478 0.95315564 -0.26516742 0.20391752 0.29116517 0.93468726 -1.5521225 -0.802855 -1.9165698
0.99997073 0.0021815617 -0.0073070824 -0.0021530185 0.99998987 0.003925249 0.0073156506 -0.003909409 0.99996555 -0.012385845 0.0035409927 0.032925785
0.9999997 0.00026075315 -0.0009153709 -0.00026000512 0.9999998 0.00078853127 0.0009155497 -0.0007882947 0.99999934 0.0038157925 -0.0013332367 0.01340735
0.99999976 9.826082E-05 -0.00064031035 -9.7800745E-05 0.99999976 0.0005828589 0.00064035505 -0.00058280304 0.99999964 0.004692003 0.00035238266 0.012138367
0.9999999 -1.3391487E-05 0.00015032291 1.3293698E-05 0.99999964 0.0006145388 -0.00015030056 -0.0006145537 0.9999998 0.0059051216 0.0025315285 0.014710724
0.9999994 0.00024437136 -0.0010439157 -0.00024354458 0.9999992 0.0008534752 0.0010441206 -0.0008532442 0.9999991 0.0048153996 9.727478E-05 0.01224798
1 0.00014480896 -4.3768436E-05 -0.00014472433 0.9999998 0.00022049248 4.3800566E-05 -0.00022048876 0.99999994 0.007890768 -0.006374359 0.010893464
0.9999993 -0.00056275167 -0.00031276792 0.00056266086 0.9999996 -0.000235565 0.0003129542 0.00023537874 0.99999994 0.0076930374 -0.00095176697 0.008549213
1 0 0 0 1 0 0 0 1 -0.041559815 0.049916267 0.0021756887
0.99739987 0.015292253 -0.0704267 -0.013451703 0.9995573 0.02653522 0.07080129 -0.025518872 0.9971639 -0.167925 -0.103364944 0.40696037
0.99999493 0.0008095349 -0.0029990822 -0.00080622267 0.999999 0.0010941736 0.002999939 -0.0010917485 0.9999949 0.005644977 -0.008243561 0.0112580955
1 0 0 0 1 0 0 0 1 0.00036987662 0.012591362 0.006592393
1 0 0 0 1 0 0 0 1 0.0016143322 0.066529274 -0.047540545
0.99569196 -0.05653763 -0.07349607 0.057296604 0.9983231 0.0082587 0.07290593 -0.01243414 0.9972612 -0.10849899 0.08508062 0.16561031
0.9999978 0.0010583533 -0.0018774597 -0.0010552848 0.9999983 0.0016410127 0.0018791922 -0.0016390197 0.9999969 0.0027593896 0.0029563904 0.015298784
0.9999982 0.00083290134 -0.0017005429 -0.000830255 0.9999984 0.001582073 0.0017018616 -0.00158065 0.99999726 0.0034555271 0.0003361702 0.015425384
0.9999981 -0.00057536736 -0.0018562973 0.00057538226 0.99999964 7.828325E-05 0.0018562376 -7.944554E-05 0.9999984 0.015175849 0.005754471 0.0096699
0.9999963 0.0013702717 -0.0024016052 -0.0013650174 0.9999968 0.0021693725 0.0024046302 -0.0021660775 0.9999947 0.0041935258 -8.583069E-05 0.013165891
-0.31045726 -0.8972948 0.31381273 -0.86539334 0.13018912 -0.48388603 0.39333346 -0.42179728 -0.8169308 1.3868256 2.4552944 3.4455204
0.9999965 0.00087537663 -0.0025565177 -0.0008746042 0.9999997 0.00033544004 0.0025568008 -0.00033319928 0.9999967 0.0023102164 -0.0010142326 0.007676065
0.999998 0.00067064527 -0.0018901676 -0.0006693498 0.9999996 0.00062424317 0.0018906072 -0.00062297285 0.99999803 0.0016838014 0.000983715 0.010497868
0.9999979 0.00091658253 0.0016586483 -0.00091446366 0.99999845 -0.0013274304 -0.0016599149 0.0013259063 0.99999774 0.00097334385 0.001335144 -0.005610347
0.99999833 0.00042498513 -0.0017134398 -0.0004235998 0.99999976 0.00084555894 0.0017137937 -0.00084482227 0.9999981 0.00388475 -0.001440525 0.011754274
0.9999961 0.0003979638 -0.0027902704 -0.00039787462 1 1.4387071E-05 0.002790276 -1.3258308E-05 0.999996 0.004967928 -0.0021703243 0.0050812364
-0.06687632 0.86812645 0.49181718 -0.8462369 0.21178846 -0.48890582 -0.5285931 -0.44888994 0.7204768 -7.0612445 3.0545983 1.6662991
0.99999535 0.00094328076 -0.0028397366 -0.0009406656 0.9999989 0.0009467788 0.0028406084 -0.0009441003 0.99999547 0.0038007647 -0.001552105 0.010270894
0.99999374 0.0009866883 -0.0033753626 -0.000980889 0.99999803 0.001714468 0.0033770446 -0.0017111488 0.9999928 0.0039024055 -0.0028209686 0.008191228
0.9999992 0.00079195155 -0.0008382872 -0.0007907038 0.9999986 0.0015280582 0.0008395016 -0.0015273802 0.99999845 0.0024028718 0.000957489 0.015081525
0.9999988 0.0013853423 -0.0005254522 -0.0013852529 0.9999989 1.817057E-05 0.00052550435 -1.7450191E-05 0.99999976 -0.0036911368 -0.0023527145 0.0074421167
0.999999 0.0009499653 -0.0011039004 -0.0009488412 0.99999905 0.0009905323 0.0011048615 -0.0009894818 0.9999989 0.0010991059 0.0020542145 0.010278702
0.9999997 0.00035321433 -0.0007250458 -0.00035263994 0.9999995 0.00085567683 0.0007253513 -0.0008554235 0.9999994 0.004868418 0.0011138916 0.0131595135
1 0 0 0 1 0 0 0 1 -0.013825953 -0.020110369 -0.0035796165
0.9999936 0.0005015017 -0.003555555 -0.0005018315 1 -8.476991E-05 0.0035555027 8.655153E-05 0.9999938 0.0026296973 -0.010573387 0.002598226
0.9999998 0.00050496776 -0.00031120703 -0.00050471746 0.9999993 0.0009173304 0.00031168014 -0.00091719255 0.9999996 0.0029437542 0.00065755844 0.013026595
-0.94255036 -0.320455 0.09437854 -0.28811774 0.9227858 0.25583994 -0.16907638 0.21394992 -0.96210104 6.642851 0.9767084 0.61959887
0.9999869 0.0011477317 -0.004992515 -0.0011369782 0.999997 0.0021624062 0.004994899 -0.0021566963 0.9999851 -3.886223E-05 0.005472183 0.017624736
0.99999624 0.001381454 -0.0024677925 -0.0013762123 0.9999971 0.002111636 0.002470687 -0.0021082256 0.99999475 0.002807103 0.00083589554 0.014599919
0.99999934 0.00060097664 0.00072531775 -0.00060073216 0.9999995 -0.00044725835 -0.0007255897 0.00044681504 0.99999964 0.004921696 -0.0064280033 -0.0031077266
0.9999225 -0.0061380416 -0.010835618 0.006189164 0.99996996 0.0046876967 0.010806546 -0.004754521 0.9999304 0.068723485 0.0053710938 0.04184558
0.9999937 0.00010156352 -0.003552854 -9.943545E-05 0.99999994 0.00061879307 0.0035528988 -0.00061843917 0.9999935 0.004564464 -0.01262784 0.008562446
0.9999998 -0.00017250527 -0.00041668117 0.00017264804 0.9999999 0.00026978552 0.00041663833 -0.00026987493 1 0.0055436194 -0.0010099411 0.011308968
1 0 0 0 1 0 0 0 1 0.0056996346 -0.0040197372 0.0038999915
0.9940609 -0.10703775 0.019642912 0.1069842 0.9942538 0.0037596822 -0.01993233 -0.0016360879 0.99980015 0.57833326 0.12853289 0.025155544
0.99998826 0.0015140813 -0.004593566 -0.0015026899 0.9999959 0.0024665976 0.0045972615 -0.0024596602 0.9999863 -3.33786E-06 0.0016155243 0.018587232
1 0 0 0 1 0 0 0 1 0.0066502094 -0.025525093 0.02617383
0.9978224 -0.033225298 -0.05697584 0.033770114 0.9993924 0.008625865 0.056654602 -0.010531113 0.99833846 -0.22471505 0.07489252 0.1493597
0.9999998 0.00026513822 -0.000491973 -0.00026479876 0.9999994 0.0009029843 0.00049221143 -0.0009028688 0.99999946 0.004739791 -0.0009365082 0.012705624
1 0 0 0 1 0 0 0 1 -0.010946989 0.0036287308 0.015356064
0.9918985 -0.12423764 -0.026501894 0.122086145 0.9899488 -0.07138896 0.035104692 0.06757505 0.9970964 0.5128068 -0.05057907 -0.45702386
1 0 0 0 1 0 0 0 1 -0.39345193 -0.08033085 -0.0060150623
0.99999976 0.00020484696 -0.0006852932 -0.00020440039 0.9999996 0.00069993734 0.00068543106 -0.00069980696 0.9999995 0.0049194843 -0.0011096001 0.011973679
0.9999975 0.0008011833 -0.002142232 -0.00079872634 0.999999 0.0011686832 0.002143167 -0.0011669621 0.99999696 0.0030339696 0.00013685226 0.012124896
1 0 0 0 1 0 0 0 1 0.008396357 0.018063068 0.018952131
0.99999636 0.0013825877 -0.0023176 -0.0013772971 0.99999666 0.0022482928 0.0023207068 -0.0022450984 0.9999948 0.0027577505 -0.0012378693 0.013849676
0.9999996 0.00066500413 -0.00026759505 -0.0006647394 0.99999887 0.0011692792 0.00026839226 -0.0011691097 0.99999934 0.0032881051 -2.7179718E-05 0.012364924
1 0 0 0 1 0 0 0 1 0.014867902 -0.048141837 0.011970878
0.99999547 0.0019595139 -0.0022252798 -0.0019558258 0.99999666 0.0017113462 0.0022287369 -0.00170701 0.999996 -0.014796898 -0.0018529892 0.009660825
0.9991064 -0.0086731315 -0.0413706 0.0085608065 0.99995935 -0.0028904974 0.041393906 0.0025336295 0.9991398 -0.34607154 0.0072026253 0.06845355
0.99999404 0.0015971665 -0.0029991847 -0.0015902529 0.99999577 0.0023139226 0.0030028685 -0.002309141 0.99999297 0.00170964 0.00071144104 0.0153416395
0.9999918 0.0031743483 0.0025212616 -0.003179452 0.999993 0.0020186678 -0.0025148243 -0.0020266734 0.99999464 -0.0005943775 -0.015821457 0.0045537353
0.9959552 -0.06887036 -0.057710502 0.06981413 0.9974549 0.014498085 0.056565084 -0.01846847 0.9982282 0.019908667 0.095458984 0.19369292
0.9999905 0.0014846253 -0.0040885806 -0.0014773761 0.99999756 0.0017830636 0.0040911734 -0.0017770119 0.99999 0.0024741217 -0.0009498596 0.01835996
0.9999994 0.0002328949 -0.0009523444 -0.00023220433 0.9999994 0.00069873035 0.0009525232 -0.00069853663 0.9999993 0.0042788833 -0.00041913986 0.011860728
0.99999994 -0.00047005093 -0.00025416538 0.0004701693 0.99999964 0.0005267367 0.00025392324 -0.0005268557 0.9999998 0.021878019 -0.0073542595 0.01267308
1 0 0 0 1 0 0 0 1 0.019612372 -0.009111047 0.01950863
1 0 0 0 1 0 0 0 1 0.0027403831 -0.008576691 -0.0020139217
1 0 0 0 1 0 0 0 1 0.00038337708 -0.0017814636 -0.008797169
0.999998 2.5265617E-05 -0.0020353552 -2.4420442E-05 0.99999994 0.00039670616 0.0020353775 -0.00039664656 0.9999978 0.005759299 -0.0046658516 0.009127557
0.9999995 8.073635E-06 -0.0007506758 -7.31647E-06 0.9999994 0.00093676895 0.0007507354 -0.00093678385 0.9999992 0.008727074 0.0027823448 0.015780628
0.99998957 0.0012308292 -0.004369408 -0.0012133224 0.9999912 0.0040152567 0.00437434 -0.004009879 0.99998224 0.0032189786 0.0010271072 0.033346713
0.99999577 0.0009906439 -0.002753986 -0.0009899971 0.9999994 0.0002148971 0.002754202 -0.00021216879 0.9999962 0.000708431 -0.0018122196 0.009569645
0.99998975 0.0021920288 -0.004004091 -0.0021729236 0.9999866 0.0047602504 0.0040144473 -0.0047515295 0.99998075 -0.018578202 -0.014501095 0.041412175
0.99999607 0.000991415 -0.0025223866 -0.0009875683 0.99999815 0.0015710007 0.0025239587 -0.0015684862 0.9999954 0.0028817356 -0.001914978 0.01281032
0.9999991 -0.00027057948 -0.001160942 0.000270396 0.9999999 -2.1059066E-05 0.0011609495 2.0749867E-05 0.9999992 0.0056253895 -0.0016887188 0.008755028
1 0 0 0 1 0 0 0 1 0.022544742 0.014490098 0.030006647
0.999999 0.0004915325 -0.0013941526 -0.0004900526 0.9999994 0.00107833 0.0013946965 -0.001077652 0.9999985 0.0044995323 0.0021686554 0.012866735
0.9909997 -0.04858596 -0.124733806 0.04710187 0.9987801 -0.014823094 0.12530181 0.0088143945 0.99207944 -0.34172553 0.020810127 0.004519701
1 0 0 0 1 0 0 0 1 -0.009281516 -0.023201942 0.030344248
1 0 0 0 1 0 0 0 1 0.007982492 -0.0037870407 -0.025835484
0.9999994 0.0006104675 -0.0011399612 -0.00060934154 0.9999995 0.0009629242 0.0011405349 -0.00096219033 0.9999989 0.0039862543 0.0019340515 0.012321949
0.9999934 0.0016847635 -0.0032187589 -0.00167725 0.9999957 0.002342075 0.0032226928 -0.0023366697 0.9999921 0.00027012825 0.0008034706 0.01791668
1 0 0 0 1 0 0 0 1 -0.067872524 0.030517578 -0.02265495
0.9999988 0.0005718451 -0.0013989136 -0.0005705182 0.99999946 0.00093769096 0.0013994649 -0.00093688816 0.99999857 0.0026040077 0.0005607605 0.011294246
0.99999875 0.0008867547 -0.0011970275 -0.00088512816 0.9999989 0.0012592748 0.0011981484 -0.0012582242 0.99999845 0.0024401448 0.0013957024 0.012468517
1 0 0 0 1 0 0 0 1 -0.06962973 0.05666685 0.07329607
0.9999999 -4.154572E-06 -0.0006257836 4.56773E-06 0.99999994 0.00058317184 0.00062578265 -0.00058315694 0.9999996 0.005188385 -0.00071907043 0.013762474
0.9999995 0.0002884369 -0.000896547 -0.00028760033 0.99999946 0.00090836734 0.0008968152 -0.0009081252 0.9999992 0.0040296167 -0.00056028366 0.012816787
1 0 0 0 1 0 0 0 1 0.020847678 -0.008038521 -0.0011909604
1 0 0 0 1 0 0 0 1 -0.23834738 -0.01338768 0.06923127
0.99999106 0.00046974723 -0.0042217225 -0.00047200592 0.99999976 -0.00053322315 0.004221469 0.0005352013 0.9999909 0.0022940636 -0.011141539 0.004136026
0.99999726 0.001526599 0.001732748 -0.0015265662 0.99999875 -3.5585836E-05 -0.0017328113 3.2944605E-05 0.9999985 0.0019732118 -0.0124053955 0.004224032
0.9999986 0.00026865082 -0.001471851 -0.0002683613 0.9999996 0.00016539358 0.0014719181 -0.00016500056 0.9999989 0.0020835549 -0.0046195984 0.008944154
0.9981432 -0.051395535 -0.032688856 0.052295625 0.99825823 0.027306348 0.031228468 -0.028965086 0.99909246 -0.06468618 0.10277128 0.2536888
1 -0.000111397356 -0.00043596327 0.000111445785 1.0000001 -0.00016343594 0.00043597072 0.00016339123 0.9999999 0.007184893 -0.0013542175 0.009570658
0.99999964 0.00029150047 -0.0006359741 -0.0002910114 0.9999999 0.00065011904 0.0006361976 -0.00064993836 0.99999976 0.0035903156 0.00045871735 0.011197329
1 0 0 0 1 0 0 0 1 -0.0068018436 -0.018620491 0.0024842918
1 0 0 0 1 0 0 0 1 0.012932301 0.017812014 -0.013806701
0.9999918 -0.00016644748 -0.0040875264 0.00016609626 1 -8.142367E-05 0.004087534 8.074939E-05 0.9999917 0.0075339675 -0.0017664433 0.010181665
0.9999996 7.76283E-05 -0.0008625239 -7.7497796E-05 1 -6.984919E-05 0.00086251646 6.990135E-05 0.9999996 0.0027143657 -0.005382061 0.010710776
0.9999995 0.00034566232 -0.00080661476 -0.00034506392 0.9999995 0.0007034 0.00080685504 -0.00070313364 0.9999995 0.004458688 -0.0022215843 0.011657357
0.9998981 -0.0024705604 0.014053762 0.0023832247 0.9999778 0.0062247515 -0.014068633 -0.0061905533 0.999882 0.0074546337 -0.013457209 0.037183285
0.99999934 0.0003302805 -0.0010846183 -0.00033025816 0.99999976 -5.2154064E-08 0.0010846257 3.9488077E-07 0.9999994 0.010936514 0.0009889603 0.009919882
0.9999996 0.00020881384 -0.000645241 -0.00020855316 0.9999998 0.0006062761 0.0006453602 -0.00060610473 0.9999995 0.0056067556 0.00036144257 0.010757685
1 0 0 0 1 0 0 0 1 0.0023714304 0.0038404465 0.01057142
0.9999987 0.0004953367 -0.0013797954 -0.0004945756 0.99999976 0.00057577156 0.0013801083 -0.0005750768 0.99999887 0.0037051216 -0.0012059212 0.00965631
0.9999996 0.00078324456 -9.0152025E-06 -0.0007831005 0.9999983 0.0016111522 1.0311604E-05 -0.0016111527 0.9999987 0.0019557774 0.0011286736 0.01560086
1 0 0 0 1 0 0 0 1 -0.018523544 -0.0054421425 0.021134377
0.99999946 0.00083773397 -0.0006454452 -0.0008369165 0.99999905 0.0012041032 0.0006464515 -0.0012035221 0.99999905 0.0025683045 0.0012302399 0.014328659
0.99999523 -0.0016472982 -0.0026768446 0.0016404111 0.9999954 -0.0025514644 0.002681017 0.0025471123 0.99999326 0.0171628 -0.012593031 -0.0014955997
1 0 0 0 1 0 0 0 1 -0.0012903214 -0.018570304 0.0065861344
