0.9999982 0.0007143823 0.0018877164 -0.00071467273 0.9999998 0.00015802262 -0.0018876344 -0.00015939935 0.9999983 -0.0028312057 -0.002626419 0.004418254
0.9999977 0.00052321586 0.0021293573 -0.0005235921 0.99999994 0.00016943738 -0.0021292642 -0.00017054379 0.99999774 -0.003597036 -0.0004911423 0.005174041
0.9999677 0.0070783496 0.003807634 -0.007036805 0.99991703 -0.010800421 -0.0038837492 0.010773182 0.9999343 -0.054505825 0.0048446655 -0.096488416
1 0 0 0 1 0 0 0 1 -0.0043845177 -0.0051937103 -0.00736472
1 0 0 0 1 0 0 0 1 -0.0033105612 -0.0033707619 0.013838947
0.99999934 0.0009740024 -9.87649E-05 -0.0009739852 0.99999934 -0.000251716 9.850785E-05 0.00025181565 1 -0.0002475381 -0.01231575 0.0013168454
0.9985682 -0.050474793 -0.017719686 0.05043894 0.99872404 -0.002460599 0.017821223 0.0015631616 0.9998402 0.29006514 -0.011463642 -0.020356894
0.9999969 0.0007060068 0.0023378432 -0.00070634787 0.99999994 9.9468976E-05 -0.0023377612 -0.00010109879 0.9999972 -0.0044023246 0.0018191338 0.0054317117
0.99999857 0.0012043973 0.0013242783 -0.0012049174 0.9999993 0.00038538873 -0.001323807 -0.00038697757 0.9999991 -0.00429146 -0.0010094643 0.00588423
0.9999987 -0.000112865586 0.001651682 0.00011125626 0.9999994 0.0009879619 -0.0016518086 -0.000987798 0.99999815 0.0034649223 -0.009799004 0.010745078
0.9999978 0.00070375466 0.001959404 -0.0007041111 0.99999964 0.00012410432 -0.0019593146 -0.00012548268 0.999998 -0.0048576742 -0.000808239 0.0031933784
0.9999991 0.00067625794 0.0011203978 -0.0006761975 0.99999964 -3.254041E-05 -0.0011204192 3.1773E-05 0.99999934 -0.0030486137 0.002005577 0.0038318634
0.9999967 0.00063970545 0.0024307817 -0.0006401646 0.9999997 0.00013608485 -0.002430696 -0.00013764948 0.99999696 -0.0031640306 -0.00056791306 0.004844725
1 0 0 0 1 0 0 0 1 -0.04545647 0.022964 0.001978159
0.9999994 0.0011122322 0.00021854043 -0.0011123221 0.9999992 0.00037830696 -0.0002181381 -0.00037856214 0.9999998 -0.0032798648 -0.00038433075 0.005779505
1 0 0 0 1 0 0 0 1 -0.0038938522 -9.9897385E-05 0.007981896
1 0 0 0 1 0 0 0 1 -0.033635706 -0.003821373 -0.012317896
0.999998 0.001260056 0.0015494898 -0.0012612228 0.9999988 0.0006940672 -0.0015486255 -0.00069604255 0.9999987 -0.0049291253 -0.0021924973 0.008223712
0.9999936 0.0009641503 0.0034465687 -0.0009642938 0.99999964 7.510558E-05 -0.003446485 -7.840991E-05 0.99999404 -0.005296856 0.00073719025 0.0043566823
0.9999961 0.0006663557 0.0025969967 -0.0006663026 0.99999964 2.701208E-05 -0.002596952 -2.8766692E-05 0.99999654 -0.0055873394 0.0029802322 0.005217552
1 0 0 0 1 0 0 0 1 -0.002054453 0.007870674 -0.013245463
0.99999815 0.0011710498 0.001648847 -0.0011714291 0.9999992 0.00029310957 -0.0016484959 -0.00029506162 0.9999988 -0.0037979055 -0.0015068054 0.0055742264
0.9999992 0.0006429204 0.0010038912 -0.00064258324 0.99999976 -0.0003158003 -0.0010040998 0.00031513907 0.9999994 0.0002725562 0.009520531 0.0054448545
0.9999929 0.0009887349 0.0037258863 -0.0009908415 0.9999995 0.00051143765 -0.00372535 -0.0005151257 0.999993 -0.00592345 -0.00045013428 0.0068873167
0.9999971 0.0002112292 0.0023721345 -0.00021185505 1.0000001 0.00025686994 -0.0023720786 -0.00025732815 0.999997 -0.0025422275 -0.0023303032 0.005417764
0.99999535 0.0027277023 -0.0014097691 -0.002727747 0.99999624 -0.00017653406 0.001409173 0.00018042326 0.99999905 -2.169609E-05 -0.022178173 0.001979202
0.9995307 -0.014772341 -0.026834339 0.014683366 0.9998859 -0.003509581 0.026883066 0.0031140447 0.99963367 -0.0053398013 -0.020339012 -0.036304712
1 0 0 0 1 0 0 0 1 -0.018876195 -0.023065567 -0.046366453
0.9999974 0.0016657407 0.0015798211 -0.0016655688 0.99999845 -0.00013308506 -0.0015800297 0.00013044197 0.9999989 -0.006554246 0.0015425682 0.003729701
0.9999983 0.0010273999 0.001650274 -0.0010276986 0.9999995 0.00022581592 -0.0016500424 -0.00022750534 0.9999985 -0.0030647516 -0.0005993843 0.0043793917
0.9999976 0.00073332 0.0021376088 -0.0007334879 0.99999976 6.2111765E-05 -0.002137566 -6.368384E-05 0.9999978 -0.005685948 0.00013542175 0.004476428
1 0 0 0 1 0 0 0 1 -0.009837627 -0.014097214 -0.014255926
0.9999976 0.0003515766 0.0020472147 -0.00035213388 0.9999997 0.00026961043 -0.0020471103 -0.00027034432 0.9999978 -0.0032756776 -0.0017967224 0.006057143
0.9999984 0.00038293173 0.0018868865 -0.00038341037 0.99999976 0.00022720173 -0.0018867981 -0.00022792444 0.99999815 -0.0027059317 -0.0035967827 0.005387962
0.999996 0.0009057126 0.002663076 -0.0009071494 0.9999995 0.0006368235 -0.002662491 -0.00063923374 0.99999624 -0.004933998 -0.0007367134 0.010658801
0.99999756 -0.00017365674 0.002315089 0.00017315475 1 0.00017334148 -0.0023151636 -0.00017291307 0.99999726 -0.0016044974 -0.002553463 0.0044231415
0.99999845 0.00054760743 0.0017144829 -0.00054776715 0.99999976 8.93902E-05 -0.0017144401 -9.032525E-05 0.9999984 -0.003976643 -0.002257347 0.0044955015
1 0 0 0 1 0 0 0 1 -0.0055366755 0.011230469 0.005160928
1 0 0 0 1 0 0 0 1 -0.0006353855 -0.008697748 0.039301634
0.9999988 5.2773365E-05 0.0015501719 -5.2863998E-05 1.0000001 2.118852E-05 -0.0015501708 -2.1266751E-05 0.9999987 -0.0028881133 -0.0088944435 0.0036466122
0.99999565 -0.0006424086 0.0029254407 0.0006430708 0.99999964 -0.00019712374 -0.0029253066 0.00019906834 0.9999959 0.00093895197 0.0032658577 0.005107522
0.9981024 -0.057904325 -0.020952044 0.05772496 0.9982915 -0.009063959 0.021441076 0.007837176 0.99973947 0.35061204 0.0011711121 -0.05872464
0.99999845 0.0012660287 -0.0012638569 -0.0012654178 0.999999 0.0005156025 0.0012646616 -0.00051400065 0.99999905 -0.0018309057 0.0013990402 0.008620977
0.9999977 0.00069006963 0.0020446545 -0.00069029373 0.9999997 0.00010978058 -0.00204458 -0.00011120364 0.999998 -0.0035114884 -0.0012569427 0.003940165
0.99999696 0.00063999183 0.002323687 -0.000640417 0.9999996 0.00013718009 -0.0023235977 -0.0001386702 0.9999974 -0.0037768781 0.0017681122 0.0053999424
0.99999714 0.0007569947 0.002222158 -0.00075750233 0.9999996 0.0002356898 -0.0022219792 -0.0002373755 0.9999976 -0.0069965273 -0.0012955666 0.007306218
0.9999985 0.00085383747 0.0015655532 -0.000854232 0.9999997 0.00020206347 -0.0015653856 -0.00020338222 0.9999987 -0.0037532747 -0.0017232895 0.005098462
1 0 0 0 1 0 0 0 1 -0.012151897 0.0325408 0.009126663
1 0 0 0 1 0 0 0 1 0.009647131 0.00829792 -0.004187286
0.9999981 0.0011277413 0.0015419293 -0.0011278228 0.99999946 6.925687E-05 -0.0015418464 -7.099286E-05 0.9999988 -0.005101949 -0.0028028488 0.0046910644
0.9999988 0.0002449086 0.0016154614 -0.00024517713 1.0000001 0.00024326518 -0.0016154031 -0.00024366193 0.99999875 -0.0039311945 -0.00421381 0.005744815
1 0 0 0 1 0 0 0 1 0.0026426315 -0.005555153 0.0031587481
0.9999961 0.000706751 0.0025800131 -0.0007064907 0.99999976 -0.0001104027 -0.0025800858 0.00010858476 0.9999966 -0.005726561 -0.00052165985 0.0057344437
0.99999917 0.0005618017 -0.0011960561 -0.00056108297 0.9999998 0.00050104037 0.0011963432 -0.00050035864 0.99999917 0.0006759167 -0.0033097267 0.005913615
0.9999988 0.0007911957 0.0012433752 -0.00079188944 0.9999997 0.00050051557 -0.0012429776 -0.00050149765 0.99999905 -0.00090307 -0.0006465912 0.0075463057
0.9999985 0.0003665341 0.0014833212 -0.00036679767 0.99999964 0.0002367883 -0.001483202 -0.00023737969 0.9999987 -0.009289666 -0.0043447018 0.008386642
0.9999996 0.0003971801 0.0011529848 -0.00039738044 0.9999998 0.00023173541 -0.001152873 -0.00023219362 0.9999994 -0.004970193 -0.00993681 0.005457878
1 0 0 0 1 0 0 0 1 -0.015268326 -0.04955876 -0.011639833
0.9999974 6.385594E-05 0.0022934151 -6.443987E-05 0.99999964 0.00023801997 -0.002293402 -0.00023819506 0.99999744 -0.0014999602 -0.0032896996 0.005717218
0.99999774 0.0006453246 0.0019140616 -0.0006451756 0.9999998 -4.258752E-05 -0.001914084 4.1387975E-05 0.9999979 -0.005355701 -0.0019774437 0.004574299
0.9999998 -1.8580642E-05 0.0007551536 1.836766E-05 1 8.615991E-05 -0.0007551499 -8.614827E-05 0.9999999 -0.0028326511 -0.017662764 0.0044908524
0.9999961 0.0006844648 0.0026234612 -0.0006855135 0.9999997 0.00040429085 -0.002623178 -0.000406079 0.9999965 -0.003000971 -0.00085544586 0.008082807
1 0 0 0 1 0 0 0 1 -0.0043207407 -0.00046777725 0.0013763318
0.9999974 0.0011011416 0.0020266026 -0.0011019707 0.9999993 0.0004005395 -0.0020261593 -0.0004027728 0.99999785 -0.0035054088 0.00027656555 0.006596267
1 0 0 0 1 0 0 0 1 0.00138399 -0.0049152374 -0.0040400624
0.99995923 0.008458983 0.003113255 -0.008445751 0.99995536 -0.004247144 -0.003148973 0.004220709 0.99998623 -0.073476315 0.012341499 -0.031298414
0.99999726 0.0006523571 0.0021960586 -0.00065282756 0.99999964 0.00011792593 -0.002195973 -0.00011935085 0.9999974 -0.0051810853 -0.0003566742 0.00520128
0.9999978 0.0013628383 0.0016534645 -0.0013633011 0.99999934 0.00031478703 -0.0016530324 -0.00031701475 0.99999857 -0.0048421696 0.000374794 0.0056435466
0.9999957 0.0011964579 0.002657367 -0.0011972967 0.99999934 0.0003062263 -0.0026570056 -0.00030938536 0.9999963 -0.005652949 0.0009922981 0.0059480667
0.9999968 0.00061068346 0.0023336709 -0.0006113297 0.9999996 0.0002295766 -0.0023335256 -0.00023102015 0.99999726 -0.004252881 -0.002163887 0.0057017207
1 0 0 0 1 0 0 0 1 -0.007194996 0.00094509125 -0.005055487
0.9999983 0.0009665438 0.001422219 -0.0009671054 0.9999992 0.00038696267 -0.0014218763 -0.0003883466 0.9999989 -0.0029806942 -0.0023493767 0.005880058
0.9999971 0.0013150433 0.0020609163 -0.001315722 0.9999992 0.00037817657 -0.0020604283 -0.00038088113 0.9999979 -0.004224725 -9.918213E-05 0.006657481
0.9999998 -0.0002339186 0.0005276054 0.00023392733 1.0000002 -0.000103784725 -0.0005275607 0.00010390021 0.99999976 -0.0011323988 -0.012529373 0.0028270185
0.99999756 0.00080915255 0.0021318467 -0.0008094158 0.9999998 0.00014311075 -0.0021317257 -0.00014483184 0.9999978 -0.0015683002 -0.0011711121 0.004233122
1 0 0 0 1 0 0 0 1 -0.0037944317 0.029141665 0.004926622
0.9999973 0.00024502492 0.0022136718 -0.00024516135 0.9999997 5.353242E-05 -0.0022136047 -5.408749E-05 0.9999976 -0.00266999 5.4836273E-05 0.0046485066
1 0 0 0 1 0 0 0 1 -0.005387068 0.002808094 0.11524391
1.0000002 0.00047848 -0.00020994246 -0.00047912076 0.99999684 -0.0025811642 0.00020858645 0.0025811493 0.9999967 0.004352212 0.008575916 -0.01425302
0.9999996 0.00053872913 0.0008546114 -0.00053871796 0.9999999 5.5536628E-05 -0.0008545816 -5.6020916E-05 0.9999996 -0.00029230118 -0.019894242 -5.608797E-05
0.99999666 0.00093973294 0.0022039935 -0.0009407969 0.9999993 0.00047026202 -0.0022035632 -0.0004723305 0.9999973 -0.004735766 0.00022029877 0.0075578094
0.99999964 -0.00037104392 0.00036602467 0.00037117722 0.9999997 -0.00051843 -0.0003658291 0.0005185623 0.9999997 0.0021745563 -0.013824701 -0.0008030236
0.99999875 7.4979907E-06 0.0014902428 -7.5282005E-06 0.9999998 1.5936326E-05 -0.0014902279 -1.595309E-05 0.9999989 -0.004750222 -0.00421381 0.0036323667
0.9979605 -0.0408808 -0.049025908 0.039628983 0.9988698 -0.02624029 0.050043285 0.02424407 0.9984528 0.114905074 -0.07958698 -0.19275022
0.99999976 0.0006086575 0.000467211 -0.00060858333 0.9999998 6.230362E-05 -0.0004671365 -6.258115E-05 1 -0.00093114376 -0.0059638023 0.0040067434
0.99999815 0.0017309033 -0.0010007769 -0.0017319021 0.9999978 -0.001048401 0.0009989664 0.0010501221 0.99999905 -0.0108165145 0.013956308 -0.007744372
0.9999971 0.00077366247 0.002407357 -0.000774376 0.99999964 0.00025032833 -0.002407156 -0.0002521854 0.99999714 -0.0048728585 0.0003285408 0.0061386228
1 0 0 0 1 0 0 0 1 -0.008760691 -0.024364471 -0.007783115
0.99999726 0.0005852049 0.0022738501 -0.00058553414 0.99999976 0.00019863248 -0.002273731 -0.00020000339 0.99999756 -0.002034396 -0.0005478859 0.0056322217
0.9999965 0.00063828286 0.002466552 -0.0006385599 0.99999934 0.00014490634 -0.0024664104 -0.00014652312 0.99999696 -0.0040296614 0.00081920624 0.005362034
1 0 0 0 1 0 0 0 1 -0.054083765 -0.011983871 -0.012682915
1 0 0 0 1 0 0 0 1 0.019643009 -0.030510902 0.0021324158
0.99999636 0.0013210948 0.00233756 -0.0013220137 0.999999 0.00039164908 -0.0023370497 -0.00039474666 0.9999974 -0.0040422752 0.0007286072 0.0064932704
1 0 0 0 1 0 0 0 1 0.13655233 0.09424591 0.13032931
0.99999845 0.0006217162 0.001442723 -0.00062228943 0.9999996 0.000394264 -0.0014424804 -0.00039516273 0.99999875 -0.005405426 -0.009845257 0.0085859
0.99999774 0.00028978754 0.0020483956 -0.00029021082 0.9999998 0.00022299215 -0.0020482987 -0.00022359565 0.9999979 -0.002691552 -0.001404047 0.0064394474
0.9999996 0.0005781947 0.00069565326 -0.0005783231 0.9999999 0.00025957823 -0.00069551915 -0.00025998056 0.9999999 -0.0007288754 -0.0014247894 0.0057150126
0.99999785 0.00072152773 0.0018976033 -0.0007220055 0.9999996 0.00026666 -0.0018974096 -0.0002680309 0.999998 -0.0005187094 -0.002858162 0.0046511292
0.9999975 0.0003301471 0.0022124592 -0.00033035688 1.0000001 0.00013715029 -0.002212422 -0.000137873 0.9999975 -0.0036913007 -0.0012993813 0.005254686
0.99999785 0.0003659879 0.0020709932 -0.0003661455 0.9999999 9.025633E-05 -0.0020709857 -9.102374E-05 0.9999978 -0.0052435845 -0.0015058517 0.005201936
0.9981357 -0.026006818 -0.055221885 0.026282549 0.9996455 0.004272014 0.055091262 -0.00571537 0.99846506 -0.023962498 0.025355339 0.062253
0.9999979 0.00017504802 0.0020279782 -0.00017550746 1 0.00023920834 -0.0020279344 -0.00023956597 0.999998 -0.0023980886 -0.002070427 0.0055755973
0.9999973 0.001195156 0.0018968862 -0.0011959136 0.9999993 0.00037079304 -0.0018964522 -0.0003730543 0.999998 -0.0036585778 -0.00013828278 0.0063495636
0.9999971 0.00073441217 0.0022234279 -0.0007342561 0.9999996 -7.824972E-05 -0.0022234842 7.6618046E-05 0.99999744 0.00024925172 0.0018939972 0.0022308826
0.9999951 0.0031200214 -3.2782555E-07 -0.0031200363 0.999994 0.001497928 4.9620867E-06 -0.0014978759 0.9999989 -0.016613245 -0.010656357 0.010656714
0.9999977 1.885675E-05 0.0020967852 -1.9323401E-05 1 0.00017998554 -0.002096776 -0.00018002465 0.9999978 -0.0007542968 -0.005113125 0.005845666
0.9999993 0.0003946813 0.0009787083 -0.00039456377 1 -1.25924125E-05 -0.0009787157 1.2192875E-05 0.9999996 -0.004619047 -0.005815506 0.0025767088
0.99999905 0.0007594982 0.00065854937 -0.0007598648 0.99999946 0.00043337094 -0.0006582588 -0.00043387362 0.9999997 -0.001003325 -0.00085639954 0.0076551735
0.99999946 0.00086501334 0.001083158 -0.0008650117 0.99999964 8.604117E-05 -0.0010830611 -8.69669E-05 0.9999995 -0.003031835 -0.002017498 0.004974842
1 0 0 0 1 0 0 0 1 -0.07425952 0.002149105 0.0046902895
0.99999195 -0.0010746944 -0.0038424432 0.0010717127 0.9999992 -0.0007768292 0.0038432628 0.00077270996 0.99999225 0.005103469 -0.021110177 0.0010472536
0.9999839 0.0026189238 0.005036965 -0.0026111603 0.99999547 -0.0015723649 -0.005040914 0.0015591644 0.9999862 -0.010072112 -0.021538734 -0.0030308366
0.9999511 0.0021678805 -0.009633316 -0.0021889806 0.9999951 -0.0021692812 0.00962857 0.0021902504 0.99995124 0.0016412735 -0.0004415512 -0.008998703
0.99999696 0.0005216398 0.002430385 -0.00052223104 0.9999999 0.00025448948 -0.0024302453 -0.00025577098 0.99999714 -0.003901462 -0.00085783005 0.005560994
1 0 0 0 1 0 0 0 1 0.0021812916 -0.024550438 -0.018042803
0.99999774 0.0008403668 0.0020456836 -0.00084054936 0.99999976 0.0001462549 -0.0020455867 -0.00014796667 0.99999785 -0.005722108 0.0018520355 0.0056893826
0.9999986 0.00082640274 0.0014908747 -0.0008263415 0.9999998 -5.044788E-05 -0.0014909174 4.922226E-05 0.99999887 -0.0040892065 -0.000102996826 0.0040308237
0.99999905 0.0011389647 0.00033190846 -0.0011391374 0.99999917 0.0003150776 -0.00033152848 -0.00031546503 0.9999998 -0.003237456 0.0020713806 0.0053340197
0.99999976 0.000700193 -0.00012807548 -0.00070019515 0.9999997 0.00031668693 0.00012829807 -0.00031659752 0.9999998 -0.0015062094 -0.0020170212 0.004897356
1 0 0 0 1 0 0 0 1 -0.0048872232 -0.0046417713 -0.01744312
0.99999857 0.00080991746 0.001405593 -0.0008101133 0.99999964 0.00014584977 -0.0014054924 -0.00014698692 0.999999 -0.0019104183 -0.0023994446 0.005501628
1 0 0 0 1 0 0 0 1 0.0074888766 0.015042782 -0.0026578903
1 0 0 0 1 0 0 0 1 -0.027647495 -0.017038822 -0.035328507
0.9994892 -0.027789801 -0.015782677 0.027710617 0.9996027 -0.0052110376 0.015921338 0.004771257 0.99986184 0.12193783 -0.029587269 -0.035134315
1 0 0 0 1 0 0 0 1 -0.08434269 0.02656746 0.0008032322
0.99999815 0.0016383743 -0.00092965364 -0.0016370397 0.99999744 0.0014614537 0.00093205273 -0.0014599338 0.9999984 -0.010102749 0.00880909 0.012245715
0.999997 0.0010666011 0.0023124367 -0.0010670512 0.9999996 0.0002496019 -0.0023121797 -0.00025207177 0.99999744 -0.0056068897 0.0023560524 0.0059500933
0.9999985 0.00025325082 0.0018298998 -0.00025324756 1.0000002 6.570667E-05 -0.0018299446 -6.6161156E-05 0.99999833 -0.002924705 -0.0020112991 0.0045823455
1 0 0 0 1 0 0 0 1 0.022499084 0.0040655136 -0.017042235
0.9999817 -0.0006723618 -0.0060210973 0.00068187993 0.99999845 0.0015695468 0.006020069 -0.0015736222 0.9999806 0.015885293 -0.011202812 0.024143305
0.9999974 0.0018229615 -0.0014695227 -0.0018219557 0.99999815 0.0006548278 0.0014706254 -0.0006522499 0.99999887 -0.0047558695 0.0032291412 0.0110369325
0.999998 0.00014678063 0.0020626336 -0.00014706864 1 0.00017315894 -0.0020626187 -0.00017345324 0.99999785 -0.0014256816 -0.002963543 0.005809009
0.99999946 2.5032903E-05 0.00093719736 -2.5768415E-05 0.9999996 0.00070928596 -0.00093718246 -0.0007093083 0.99999917 -0.006038666 -0.021428347 0.007330835
-0.32325125 0.0682076 0.9438519 -0.18214707 0.97426414 -0.1327872 -0.92861813 -0.21484339 -0.30250823 -3.5360112 -0.37146997 -1.4350035
-0.5918199 -0.80366343 0.062246956 -0.8060601 0.58965343 -0.050755844 0.004086472 -0.080213085 -0.99676937 -2.176545 -1.0314766 1.7804883
0.9999983 -0.0002823188 0.001955241 0.00028217584 0.99999994 0.00012733787 -0.0019552857 -0.00012678653 0.99999815 0.0001603216 -0.002654314 0.005108118
0.99999946 -5.4039527E-05 0.0011393204 5.332427E-05 0.9999998 0.0006730035 -0.0011393428 -0.00067293644 0.99999917 -0.0011246204 -0.014060736 0.008339554
1 0 0 0 1 0 0 0 1 0.028468192 -0.01170063 -0.011198878
1 0 0 0 1 0 0 0 1 0.00806725 -0.011875153 0.0050647557
0.9999968 0.0009747511 0.0024218187 -0.0009753888 0.9999996 0.00025991723 -0.0024215207 -0.00026229024 0.999997 0.00039286166 -0.0018782616 0.007808149
1 0 0 0 1 0 0 0 1 -0.007532954 -0.007161781 0.0016935617
0.9999981 -0.000503615 0.0020129085 0.00050465285 0.9999999 -0.0004220237 -0.0020126961 0.00042303512 0.999998 0.0071200132 0.025999665 0.0078372955
0.99999374 -0.0007370035 -0.0034613572 0.0007320228 0.9999986 -0.0014435165 0.003462419 0.0014409721 0.9999929 0.0016443133 -0.002301693 0.013096631
0.99999815 -0.00048600906 0.0018303953 0.00048520486 0.9999997 0.0005085841 -0.0018306449 -0.0005076602 0.9999982 -0.00075000525 -0.008570194 0.0058404505
0.999999 0.00027150149 0.0012636334 -0.00027111173 0.99999976 -0.00027575158 -0.0012637377 0.00027540326 0.9999991 -0.0028967857 -0.003955841 0.0037211776
0.99999917 0.0005575252 0.0012935214 -0.0005576321 1 0.00011918694 -0.0012934692 -0.00011990685 0.99999905 -0.0036958158 -0.0031809807 0.0053571463
0.99999684 0.0016166279 -0.00191468 -0.0016152989 0.9999984 0.0006372519 0.0019157231 -0.00063419715 0.999998 -0.0035746396 0.0013666153 0.010816097
0.9999977 0.0013369666 0.0017086267 -0.0013374067 0.9999993 0.00026925653 -0.0017082542 -0.0002715364 0.99999857 -0.005641982 0.0008711815 0.0061166883
1 0 0 0 1 0 0 0 1 0.0016807914 0.005795002 -0.00055760145
1 0 0 0 1 0 0 0 1 -0.01775229 0.02333033 -0.0026836991
1 0 0 0 1 0 0 0 1 -0.011229515 -0.36037183 -0.033169746
0.9999984 0.00072756177 0.0017821044 -0.00072805816 1 0.00026855618 -0.0017818883 -0.00026981533 0.99999833 -0.0010438226 -0.003165722 0.005073905
0.99999785 0.0011921129 0.0016321167 -0.0011925092 0.9999994 0.00033213012 -0.001631707 -0.00033408217 0.99999857 -0.0046130978 0.0014762878 0.0058169365
0.999998 0.00047007413 0.0018939916 -0.00047051668 0.99999946 0.00017692335 -0.0018939003 -0.00017783232 0.9999983 -0.004775595 -0.0032525063 0.0063619018
1 0 0 0 1 0 0 0 1 -0.0038506985 -0.018073082 -0.00864318
0.999998 0.0003733146 0.00198403 -0.00037345057 1 4.8648566E-05 -0.0019840002 -4.9378723E-05 0.999998 -0.0027573109 -0.00016212463 0.0044110417
0.9999659 0.0068664793 0.004598215 -0.006865477 0.99997646 -0.00025768578 -0.004599884 0.00022611022 0.99998933 -0.052442312 -0.00401783 0.0005031824
0.9991645 -0.026701003 -0.03094539 0.026747242 0.99964184 0.001079008 0.030905843 -0.0019058585 0.99952066 0.07223463 0.014383316 0.008500099
0.9999976 0.00097218197 0.001890542 -0.0009724132 0.9999993 0.00013199449 -0.0018904079 -0.00013384596 0.9999983 -0.0018270183 0.002477169 0.006258309
1 0 0 0 1 0 0 0 1 -0.0069703907 -0.000113487244 0.0050593615
0.9999975 0.0013437906 0.0017826855 -0.0013445073 0.9999991 0.0003826823 -0.0017821677 -0.00038507767 0.99999833 -0.003619045 0.0003271103 0.006199658
0.9999974 0.0008279751 0.002165772 -0.0008285735 0.99999976 0.00027444586 -0.0021655113 -0.0002762396 0.9999976 -0.00084760785 -0.001657486 0.0043664575
0.999996 -0.0016003177 0.0023892373 0.0015896969 0.9999885 0.0045165718 -0.0023964345 -0.004512772 0.99998707 0.0039901733 -0.049755096 0.014558636
0.9997798 -0.016548425 -0.0128894895 0.016395986 0.99979484 -0.011853807 0.013083041 0.011639707 0.9998465 0.04950633 -0.04321432 -0.094880104
0.9999985 0.00053609896 -0.0015591234 -0.0005353654 0.9999997 0.00046237558 0.0015593991 -0.00046154484 0.99999875 -0.0037209392 0.003156662 0.006967962
0.99999577 0.00063957274 0.0027673692 -0.00064102 0.9999996 0.000501398 -0.002767101 -0.0005031843 0.999996 0.000930883 -0.005033493 -0.0006712079
0.9999961 0.0009976812 -0.002618581 -0.0010041303 0.99999654 -0.0024329578 0.0026160777 0.002435566 0.9999936 0.010931492 0.012249708 -0.025414214
0.99999774 0.00076733436 0.0019316045 -0.0007680262 0.99999964 0.000375567 -0.0019313158 -0.00037704967 0.9999981 -0.0025765449 -0.0017786026 0.0059863925
0.999999 -0.0013862974 0.00044056773 0.0013858243 0.99999857 0.0010158606 -0.00044201314 -0.0010152217 0.9999995 0.005281508 -0.019648552 0.008419588
0.9999981 0.0009518684 0.0017064922 -0.00095238735 0.9999995 0.00033793645 -0.0017061718 -0.0003395623 0.9999984 -0.0036842525 -0.0003809929 0.006065309
0.99999654 -0.00200741 -0.0016817898 0.0020094682 0.99999726 0.0011844188 0.0016794354 -0.0011878461 0.999998 0.027926534 -0.0014429092 0.014829248
0.99999774 0.00052517053 0.002101384 -0.0005254444 1 0.00010383874 -0.0021013282 -0.00010493584 0.99999785 -0.0037499145 -0.00061655045 0.004466951
0.999998 -0.0001650108 0.0020246357 0.00016469043 1.0000001 0.00016144663 -0.0020247102 -0.00016113743 0.999998 -0.0023993272 -0.0039362907 0.0053839087
0.99999917 0.0010959748 0.00082939863 -0.0010963152 0.99999917 0.00044558197 -0.0008289516 -0.00044649467 0.9999996 -0.0023817718 -0.0015940666 0.0078422725
0.9999971 0.0003336023 0.0024270266 -0.00033437554 0.99999994 0.00023315102 -0.0024269558 -0.00023395568 0.999997 -0.0026234537 -0.001036644 0.005611837
0.99999434 -0.0008926494 0.0031695366 0.0008942289 0.99999934 -0.0005019028 -0.0031690896 0.00050471723 0.9999945 0.004030496 0.00059890747 0.005253613
1 0 0 0 1 0 0 0 1 0.01702118 0.0129852295 0.009743333
0.9999979 0.00023363705 0.0021166112 -0.00023402902 0.9999999 0.00020840019 -0.002116559 -0.0002089031 0.99999774 -0.002067009 -0.0021576881 0.0052657723
0.9999891 0.0006189223 0.0046190917 -0.00062526134 0.99999875 0.0013897642 -0.0046182424 -0.001392642 0.99998826 -0.006143406 -0.0044870377 0.016691208
0.9999984 0.00073776935 0.001718929 -0.0007380605 0.9999997 0.00019420148 -0.0017187875 -0.00019547006 0.9999985 -0.0051541477 -0.003227234 0.006581843
0.9999988 0.0011703278 0.00086756423 -0.0011702019 0.9999992 -0.00023543835 -0.00086783804 0.00023441017 0.9999996 -0.0066491365 -0.025583029 0.0036193728
1 0 0 0 1 0 0 0 1 0.002477169 -0.03719473 0.00504598
1 0 0 0 1 0 0 0 1 0.006427288 0.0060458183 -0.0025314093
0.9999974 0.0008318564 0.0021831915 -0.00083238585 0.9999996 0.00024013966 -0.0021829903 -0.00024196133 0.9999976 -0.004381366 0.00072050095 0.0055201054
1 0 0 0 1 0 0 0 1 -0.042389393 0.036622047 -0.04552543
0.9999995 -0.0005130898 -0.00029568374 0.0005123913 0.99999714 -0.0022314936 0.00029681623 0.0022313446 0.9999973 -0.0055704117 -0.014958143 0.0048547387
1 0 0 0 1 0 0 0 1 0.010050118 -0.029036522 0.003702879
1 0 0 0 1 0 0 0 1 0.036335945 0.02162695 0.04218912
0.99999696 0.00013553619 0.002478633 -0.00013611768 1 0.00025406107 -0.0024786089 -0.00025439262 0.9999968 -0.001557678 -0.0022397041 0.006199181
0.9999981 0.0007500774 0.0019452679 -0.0007506552 0.9999998 0.00030571083 -0.0019450407 -0.00030717114 0.99999815 -0.0038001724 -0.00053691864 0.0058710873
0.99999803 0.00037125812 0.0018679295 -0.0003718345 0.9999999 0.00025758147 -0.0018678438 -0.00025827065 0.9999983 -0.0012686402 -0.004498005 0.005909145
0.9999969 0.0006145142 0.0024021938 -0.00061529456 0.9999998 0.00028582104 -0.0024020337 -0.00028729066 0.9999971 -0.0043088943 0.0004005432 0.0060344934
-0.55837286 -0.005243227 -0.82957345 0.54927504 -0.7517336 -0.36495715 -0.62170476 -0.6594462 0.42262757 -4.877392 12.925983 2.2047708
0.99999785 0.0008424204 0.001773566 -0.0008428171 0.9999995 0.0001879856 -0.0017734542 -0.00018949807 0.9999984 -0.0029716194 -0.0034213066 0.0047798157
0.9999974 0.00039633436 0.0022592153 -0.0003971354 0.99999976 0.00033046305 -0.002259083 -0.00033137202 0.99999744 -0.0032494217 -0.002011776 0.007069707
0.9999963 0.00019508216 0.002733685 -0.00019543245 0.9999998 0.00015927292 -0.0027336627 -0.00015981495 0.9999962 -0.0019031717 -0.0023884773 0.00570786
0.9999982 0.001513402 0.0011438858 -0.0015139157 0.9999987 0.00046681613 -0.0011431742 -0.000468567 0.9999993 -0.008972287 -0.0013837814 0.0061109066
0.9999993 -0.00011798041 0.0014475733 0.000117159914 0.9999995 0.0006372314 -0.0014476329 -0.000637006 0.999999 -0.000109016895 -0.010910511 0.0064800084
0.9999931 0.0012108563 0.0035362095 -0.0012116898 0.99999934 0.00025061518 -0.0035359114 -0.00025489926 0.9999937 -0.0045458674 0.00047445297 0.005508542
0.9999999 2.0026811E-05 0.000608325 -2.0548934E-05 0.99999964 0.00078757014 -0.0006082952 -0.00078758877 0.9999995 -0.00059937686 -0.009037733 0.009693325
0.9994489 -0.02300058 -0.023944803 0.022844546 0.9997163 -0.0067729354 0.024093725 0.006222129 0.9996905 0.067106076 -0.02701044 -0.054349422
0.01555568 -0.9698683 -0.24313274 -0.028318226 -0.24349195 0.96948934 -0.99947786 -0.008195996 -0.031252712 4.8486195 11.575845 -4.2372046
0.99999917 0.0006601494 -0.0009288192 -0.0006587822 0.9999987 0.001285173 0.00092969835 -0.0012845173 0.99999875 4.1246414E-05 0.00030994415 0.015901923
0.99999803 0.00039873092 0.0018686652 -0.00039917039 0.99999964 0.00029052887 -0.0018685237 -0.00029127486 0.99999815 -0.004046701 -0.00077581406 0.006827414
0.999998 0.00033620675 0.0020442829 -0.00033661467 1.0000001 0.00017329678 -0.0020442382 -0.00017397106 0.99999785 -0.003207624 -0.00014448166 0.0050861835
0.9999953 0.00030259602 0.003029585 -0.00030402094 0.9999997 0.00042518228 -0.0030294657 -0.0004261136 0.99999523 -0.0034680963 -0.0003042221 0.0073441863
0.99999815 0.00043508317 0.0019840933 -0.00043546618 1.0000001 0.00016465783 -0.0019840337 -0.00016549602 0.99999803 -0.0031467825 -0.0012359619 0.0050300956
0.9999972 1.961585E-05 0.002357773 -1.9860163E-05 1.0000001 7.081777E-05 -0.0023577749 -7.086061E-05 0.999997 -0.0011368543 -0.0040593147 0.0054239035
0.9999969 -0.00031366572 0.0024342462 0.00031335 0.99999994 0.00020641834 -0.0024342537 -0.00020569563 0.99999714 -0.00015921891 -0.0032143593 0.0048192143
1 0 0 0 1 0 0 0 1 -0.013130784 0.013709068 -0.001007691
0.9999984 -0.0009380467 -0.0015036166 0.00092909485 0.9999821 -0.005912304 0.0015091002 0.0059109107 0.9999814 0.007686734 0.0028238297 -0.06995273
0.9999995 0.0005583286 0.0007126704 -0.00055837166 0.9999999 0.00017488748 -0.0007125661 -0.00017528236 0.99999964 -0.0014918447 -0.0074210167 0.006048888
1 0 0 0 1 0 0 0 1 -0.005887091 0.003935337 -0.0017294884
1 0 0 0 1 0 0 0 1 -0.009341478 -0.0027003288 -0.008608282
0.99921036 0.006329447 -0.039224446 -0.0064317584 0.99997604 -0.0024849772 0.039207637 0.0027355552 0.99922717 -0.19245271 -0.020161629 -0.024807453
0.999998 0.0011415319 0.0016858131 -0.0011418128 0.99999946 0.0002488047 -0.001685522 -0.0002507195 0.9999985 -0.0042383894 0.0012645721 0.0059292912
0.9999981 0.0008774663 0.0019495413 -0.000877904 0.9999997 0.00017162971 -0.0019493699 -0.00017333403 0.99999803 -0.0031086728 -0.00093364716 0.006183803
0.9998989 0.0032771528 0.013831139 -0.003283944 0.9999942 0.0004714206 -0.013829529 -0.000516817 0.9999042 0.010321379 -0.029091358 -0.0044624805
0.9999958 0.00092635653 0.0027891248 -0.00092745223 0.99999946 0.000408018 -0.0027887821 -0.00041065365 0.9999961 -0.0018717553 -0.0012102127 0.006514728
0.7834774 -0.384278 -0.48835775 0.17340088 0.88985103 -0.42201525 0.5967369 0.24595785 0.76381254 1.5030897 0.88523626 -0.0700587
0.9999972 0.0002758071 0.0023344234 -0.0002768013 0.99999994 0.00033712573 -0.002334319 -0.00033776648 0.9999974 -0.0011731386 -0.0023038387 0.007011056
0.99999785 0.00066856097 0.0019863248 -0.00066813896 0.99999994 -0.00022228993 -0.0019864626 0.00022097118 0.99999803 -0.0019204468 0.0007324219 0.002835095
0.99998987 -0.00091603363 0.0043991357 0.0009191822 0.9999991 -0.0007132562 -0.00439851 0.0007173084 0.99999034 0.005933404 0.01000452 -0.002406001
0.9999984 0.0005667426 0.0016594976 -0.0005669038 0.9999999 0.00015195645 -0.0016594008 -0.00015290268 0.9999987 -0.004800777 -0.001955986 0.0054980516
0.99999833 0.00016597006 0.0017512143 -0.0001662469 1 0.00014813617 -0.0017511994 -0.00014842302 0.99999845 -0.0026050508 -0.005777836 0.0046963096
-0.9513657 0.19395298 -0.23934391 0.14346771 -0.4085918 -0.9013711 -0.27261776 -0.8918717 0.3608943 -4.580584 8.311537 4.639923
0.99999875 0.0005039091 0.0015040003 -0.0005039172 0.9999999 2.8774142E-05 -0.0015039891 -2.952665E-05 0.99999887 0.0011282265 -0.0040750504 0.0046385527
0.999999 0.0005654883 0.0012410013 -0.0005654327 1 2.8749928E-05 -0.0012409855 -2.9459596E-05 0.9999992 -0.0012419224 -0.00410223 0.0019094348
0.9999971 0.0009363841 0.0022022761 -0.0009368942 0.9999996 0.00021834671 -0.0022020675 -0.00022041425 0.9999977 -0.003866084 0.002192974 0.0074726343
0.9999984 0.0015555173 0.0007578358 -0.0015557706 0.9999988 0.0001777932 -0.00075754523 -0.00017895945 0.9999996 -0.00394699 0.009590626 0.009988844
0.9999976 0.0008638981 0.0019491464 -0.0008643032 0.9999994 0.00018697977 -0.0019489825 -0.00018867105 0.99999815 -0.004637422 -0.0008215904 0.005397916
0.99999756 0.00058903033 0.002041161 -0.0005894371 0.9999997 0.00022857264 -0.0020410046 -0.00022977218 0.9999978 -0.0029363185 -0.00035095215 0.005767226
1 0 0 0 1 0 0 0 1 -0.013424933 -0.012005091 -6.401539E-05
0.99999976 0.00026283372 0.00067329407 -0.00026292287 0.9999999 0.00022200122 -0.00067323074 -0.00022217538 0.99999964 -0.0038563013 -0.015359879 0.0050159097
0.99999684 0.00067844684 0.00235527 -0.0006786401 0.9999998 9.802356E-05 -0.0023552105 -9.959936E-05 0.9999971 -0.0048065484 0.001288414 0.0049399137
0.8607657 -0.08468598 0.50190705 0.02822227 0.99248594 0.11905973 -0.5082184 -0.08831757 0.85668766 0.4914589 -0.14073467 1.9671612
0.99999994 0.00012233225 -0.0008212626 -0.00012208801 1 0.00039926916 0.000821203 -0.0003991602 0.99999976 0.0037367344 -0.0016298294 0.007736385
0.99999726 0.0011186685 0.0019735396 -0.001119291 0.99999934 0.00033092313 -0.0019731373 -0.00033313595 0.999998 -0.0030239448 0.00025701523 0.0053132176
0.9999975 -0.00024506642 0.002196947 0.00024659297 0.9999997 -0.000677621 -0.0021967813 0.00067816116 0.9999973 0.0066531636 -0.011978626 -0.004318416
0.99998146 -0.0015819669 -0.0058809817 0.0015875176 0.9999982 0.0009414479 0.005879581 -0.00095080584 0.99998224 0.025966227 -0.002978325 0.014089502
0.99999976 -2.1179905E-05 0.00059797615 2.0911917E-05 0.9999996 0.00064788386 -0.0005979985 -0.0006478913 0.9999995 -0.0052285194 -0.019297361 0.0068104565
0.9999977 -7.657995E-05 0.0021759477 7.617107E-05 1.0000001 0.00022641942 -0.002175958 -0.00022624433 0.99999774 -0.0022514313 -0.0021018982 0.0051041245
1 0 0 0 1 0 0 0 1 0.022009611 0.008611202 0.00018620491
0.9995572 -0.004965931 -0.029343277 0.005463034 0.99984246 0.016885549 0.029254794 -0.017038256 0.99942684 -0.10917443 0.04472685 0.13310456
0.9999996 0.00073963846 7.8231096E-05 -0.00073969655 0.9999992 0.00067968573 -7.772446E-05 -0.00067975 0.9999998 -0.0007764399 -6.67572E-06 0.0071241856
1 0 0 0 1 0 0 0 1 0.003700912 -0.008608341 0.006183028
0.99979085 -0.0045241117 -0.019940436 0.0044468343 0.99998236 -0.003918305 0.01995781 0.0038284808 0.99979347 -0.059788816 -0.023366928 -0.037211895
0.99999726 0.00039642886 0.002263233 -0.00039708975 0.9999998 0.00030876324 -0.0022631101 -0.00030966476 0.9999974 -0.0034044236 -0.0019388199 0.0066013336
1 0 0 0 1 0 0 0 1 -0.009384155 0.031171799 0.020890057
0.9979415 0.06094159 -0.019967139 -0.060305826 0.99769723 0.031037167 0.021812469 -0.029769093 0.9993187 -0.57193273 0.06426811 0.23225212
1 0 0 0 1 0 0 0 1 -0.07977152 -0.022010803 -0.017943382
0.999998 0.0004793296 0.001930289 -0.000479575 0.9999999 0.00011251867 -0.0019302405 -0.00011344068 0.9999981 -0.0040152073 -0.0002603531 0.004994452
0.9999985 0.0010535741 0.0013936535 -0.0010537336 0.9999996 7.772818E-05 -0.0013935603 -7.919222E-05 0.99999905 -0.0040902197 -0.00011062622 0.0046017766
1 0 0 0 1 0 0 0 1 -0.0007954836 0.00013113022 0.0011569262
0.9999963 0.0009498901 0.0025162622 -0.00095064635 0.9999993 0.00032051653 -0.0025159512 -0.00032291375 0.99999666 -0.0027420372 -0.000872612 0.0054461956
0.999997 0.0008345763 0.002283223 -0.0008344236 0.9999996 -6.70366E-06 -0.0022832453 4.7832727E-06 0.99999744 -0.004974976 0.0029153824 0.003472805
1 0 0 0 1 0 0 0 1 0.020225763 -0.03977716 0.0010435581
0.99999857 0.00094756484 0.0014415085 -0.0009470247 0.9999995 -0.00042131543 -0.001442045 0.00041999668 0.999999 -0.0044485927 0.0015792847 -0.0016249418
0.99924123 -0.026092738 -0.02891329 0.02641052 0.99959433 0.010663971 0.028623343 -0.01141949 0.99952495 0.07723427 0.021569729 0.0657568
0.9999974 0.0010684945 0.0019349419 -0.0010694361 0.99999934 0.00044380222 -0.0019344669 -0.00044587022 0.99999803 -0.0025478005 -0.00088977814 0.0066477656
0.9999947 0.0013554269 0.0028923973 -0.0013569444 0.9999988 0.00052572787 -0.0028916895 -0.0005296618 0.99999547 -0.0061493963 0.00059223175 0.006626487
0.9998872 -0.014827311 0.0024094135 0.014782593 0.9997374 0.017528147 -0.0026684701 -0.017490596 0.99984354 0.05935335 0.052301407 0.10907483
0.9999988 0.0015340345 -0.00021968782 -0.0015338922 0.9999985 0.0005202703 0.00022049248 -0.0005199425 0.9999998 -0.0049399883 -0.00029611588 0.0091148615
0.9999978 0.00037715188 0.0020508692 -0.00037745177 0.9999999 0.00014946982 -0.0020508096 -0.00015025213 0.9999979 -0.0031959265 -0.0014481544 0.0053064823
0.99999666 -5.1519837E-05 0.0025619976 5.1259813E-05 1 9.9501456E-05 -0.0025619976 -9.937072E-05 0.9999967 0.0041308925 -0.0075511932 0.0049952865
1 0 0 0 1 0 0 0 1 0.033020377 0.019994617 -0.012402147
1 0 0 0 1 0 0 0 1 -0.0028896332 -0.0014858842 -0.0078012347
1 0 0 0 1 0 0 0 1 -0.022006512 0.015646935 -0.0027495623
0.9999985 2.0862557E-05 0.0017638355 -2.1337066E-05 1.0000001 0.00025109574 -0.0017638374 -0.00025109574 0.9999984 -0.0017416477 -0.007077694 0.005389452
0.9999962 0.00040856004 0.0026759058 -0.0004095519 0.99999994 0.00036473572 -0.0026757568 -0.0003657639 0.9999962 -0.0025444925 6.1035156E-05 0.0072697997
1.0000001 -0.00018928968 0.0005186647 0.00018873462 0.9999996 0.0010828159 -0.00051888824 -0.0010826783 0.99999934 0.010729164 -0.003063202 0.013248384
0.99999905 0.00057998183 0.0012447014 -0.0005802131 0.99999976 0.0002369294 -0.0012445673 -0.0002376521 0.9999993 -0.0019966662 -0.008230686 0.007043481
0.9999977 0.0012624236 -0.001713112 -0.0012623658 0.99999917 0.00011546537 0.0017132759 -0.00011331588 0.99999845 -0.008499771 0.0010533333 0.008738577
0.9999987 0.00077949325 0.0014289767 -0.0007798866 0.99999964 0.00025272474 -0.0014287829 -0.0002538337 0.999999 -0.0038995147 -0.001953125 0.004984319
0.99999815 -0.0001426749 0.0017903149 0.0001424565 0.9999999 9.538233E-05 -0.0017902926 -9.512901E-05 0.9999983 -0.0023776381 -0.0032491684 0.0048955083
1 0 0 0 1 0 0 0 1 -0.020726323 -0.03778225 -0.00863117
0.9999971 0.00076110195 0.0022022873 -0.000761508 0.9999997 0.00016475469 -0.0022021756 -0.00016644597 0.9999974 -0.0037330166 0.00024843216 0.0061614513
0.99973357 -0.009339213 -0.021102458 0.009401098 0.9999517 0.002825424 0.0210751 -0.0030231178 0.9997734 -0.042089522 0.011990547 0.015548706
1 0 0 0 1 0 0 0 1 0.025913835 -0.0027122498 -0.014436364
1 0 0 0 1 0 0 0 1 0.0037836283 0.007639885 0.008021712
0.99999744 0.0008508116 0.0020037368 -0.00085074455 0.9999996 -3.8273633E-05 -0.0020037442 3.6541373E-05 0.999998 -0.0036446005 0.00038814545 0.0036503673
0.9999983 0.0013123829 0.0014289393 -0.0013131329 0.9999989 0.00053907186 -0.0014282317 -0.00054095313 0.9999989 -0.0048673153 -0.0003299713 0.0074395537
1 0 0 0 1 0 0 0 1 0.003361702 0.0095357895 -0.012749493
0.99999815 0.0006206087 0.0017685518 -0.0006207919 0.9999999 0.0001451578 -0.0017684475 -0.00014625862 0.99999845 -0.004711602 -0.00013446808 0.004750967
0.9999969 0.0009879374 0.0021956586 -0.0009884876 0.99999917 0.00022300333 -0.002195438 -0.0002252087 0.9999975 -0.0048649143 -4.529953E-05 0.0055932403
1 0 0 0 1 0 0 0 1 -0.009372234 0.035680294 0.07909107
0.9999967 0.000306479 0.002515817 -0.00030767499 0.99999964 0.0004979521 -0.002515662 -0.0004987195 0.99999666 -0.0044016847 -0.0025777817 0.009445906
0.99999774 0.00046442938 0.0020501353 -0.00046476186 0.9999998 0.00023069605 -0.002050016 -0.00023167208 0.9999979 -0.0036872774 -0.0011796951 0.0054963827
1 0 0 0 1 0 0 0 1 -0.0021033287 -0.0065174103 -0.0014284253
1 0 0 0 1 0 0 0 1 -0.046785638 -0.0032014847 -0.014411211
0.99999994 0.00014503859 -0.00033418834 -0.00014547817 0.99999917 -0.0012026429 0.00033400953 0.0012027025 0.9999993 -0.003543079 -0.009180784 -0.001601994
0.99999815 4.471268E-05 0.0018940456 -4.5311637E-05 0.99999964 0.00028431416 -0.001894027 -0.00028438494 0.9999982 -1.2755394E-05 -0.0070228577 0.011440545
0.99999833 0.00041562074 0.0017418601 -0.00041568012 1 7.964857E-05 -0.0017418303 -8.04849E-05 0.9999984 -0.0054908246 -0.0045371056 0.005756855
0.99956095 0.029425412 0.0035299063 -0.029379368 0.9994916 -0.012401342 -0.003892839 0.012291789 0.9999172 -0.24637762 -0.05050373 -0.109487295
0.99999684 9.35616E-05 0.002509296 -9.354064E-05 1.0000001 -2.3245811E-05 -0.0025093108 2.3022294E-05 0.9999968 -0.001387775 -0.0023150444 0.0057356954
0.9999976 0.00045279146 0.0021903291 -0.00045280287 0.9999998 5.4357573E-05 -0.0021903291 -5.5359676E-05 0.99999756 -0.0042690635 0.00070524216 0.0043511987
1 0 0 0 1 0 0 0 1 0.013471603 -0.022494316 8.428097E-05
1 0 0 0 1 0 0 0 1 0.08026123 0.005256653 -0.13881022
0.99999964 -5.124975E-05 0.0010984242 5.112379E-05 1.0000004 6.430596E-05 -0.001098454 -6.423518E-05 0.99999934 -0.00199157 -0.006685972 0.0051574707
0.9999976 0.00021938409 0.0021742545 -0.000219265 0.99999946 -4.3056905E-05 -0.002174262 4.261732E-05 0.99999756 -0.004065238 -0.0013713837 0.0055710673
0.9999975 0.00034993383 0.0021720482 -0.00035041117 0.99999976 0.00026237778 -0.0021719607 -0.0002631452 0.9999977 -0.0036758333 -0.0020427704 0.006125629
0.9997496 -0.005053509 0.021795869 0.004830599 0.9999357 0.010264434 -0.021846175 -0.010156564 0.9997097 0.015416145 -0.027214617 0.043224633
0.99999726 -0.0002565221 0.0022733212 0.00025580358 0.9999998 0.00034295768 -0.0022733659 -0.00034239143 0.9999973 0.0013613254 -0.0038547516 0.005782604
0.99999714 0.00043491233 0.0024187001 -0.00043499933 1 2.9563904E-05 -0.0024186943 -3.0592084E-05 0.999997 -0.002118528 -0.00035381317 0.0043802857
1 0 0 0 1 0 0 0 1 0.007442951 -0.009694099 -0.013094455
0.9999983 0.0007781428 0.0016618297 -0.00077782595 0.9999995 -0.00020746514 -0.0016619787 0.00020617433 0.9999985 -0.0045878403 0.0012598038 0.0033864975
0.999996 0.0008882312 0.0026492923 -0.0008890028 0.99999946 0.000282872 -0.0026490316 -0.00028522965 0.99999636 -0.005784899 0.0028419495 0.006212473
