0.99998766 -0.004294744 -0.002469629 0.004297033 0.99999046 0.0009481888 0.0024655163 -0.00095879287 0.9999964 0.025256708 -0.0026183128 -0.04257071
0.9999874 -0.0041241245 -0.0028583296 0.0041262335 0.99999136 0.00074652024 0.0028552338 -0.000758294 0.9999957 0.027262509 -0.0016498566 -0.04445243
0.99806637 -0.05931118 -0.01859057 0.060235947 0.9967261 0.053928554 0.015331179 -0.054944232 0.99837166 0.5004091 0.06559467 0.44821513
1 0 0 0 1 0 0 0 1 -0.07020712 0.22620773 0.17987221
1 0 0 0 1 0 0 0 1 0.01532042 -0.008608103 -0.050441504
0.9999686 -0.0032613762 -0.0072431862 0.003257453 0.99999464 -0.00055154786 0.007244952 0.0005279351 0.9999734 0.014621556 0.0019798279 -0.02043432
0.9997915 -0.009699911 -0.01796338 0.009458631 0.9998646 -0.013473034 0.01809147 0.013300493 0.9997478 -0.21167636 -0.19697523 0.6155879
0.99998665 -0.004290012 -0.0028807707 0.0042922804 0.99999034 0.00078159384 0.002877377 -0.0007939581 0.9999955 0.027659535 -0.0015411377 -0.04386121
0.999986 -0.004979939 -0.001764372 0.0049819183 0.99998707 0.0011206731 0.0017587692 -0.0011294448 0.99999785 0.026261762 -0.0019516945 -0.04240504
0.9999865 -0.0043792957 -0.0027886704 0.0043817502 0.99999005 0.0009005852 0.0027846768 -0.00091280043 0.99999577 0.027134955 -0.0016508102 -0.04419279
0.99998593 -0.0044328053 -0.002882354 0.0044351686 0.9999897 0.0007765144 0.0028788857 -0.00078929216 0.9999955 0.027947864 -0.0011482239 -0.044803083
0.99998826 -0.0046975384 -0.0012444202 0.00469869 0.9999889 0.00083380565 0.0012404844 -0.0008396376 0.9999989 0.025470577 -0.00045728683 -0.0422588
0.99998677 -0.0044669798 -0.0025672764 0.0044689015 0.99998957 0.0007766895 0.002563782 -0.0007881671 0.9999965 0.027125686 -0.0003581047 -0.044028997
1 0 0 0 1 0 0 0 1 -0.2605145 -0.22883558 0.64061576
0.999989 -0.004607755 0.0009824559 0.004606878 0.9999892 0.00070926454 -0.000985723 -0.0007047234 0.99999917 0.0213539 0.00027370453 -0.042675614
1 0 0 0 1 0 0 0 1 0.019543767 0.0004892349 -0.04467243
1 0 0 0 1 0 0 0 1 -0.24483562 -0.22644424 0.6425972
0.99998635 -0.0049519828 -0.0014715195 0.0049535614 0.99998707 0.0010563647 0.0014662445 -0.0010636449 0.9999983 0.024781466 -0.0024232864 -0.043165118
0.9999872 -0.0045366506 -0.0023429077 0.0045383824 0.9999896 0.0007279478 0.0023395736 -0.00073855 0.99999696 0.027744085 0.00038003922 -0.045291424
0.999988 -0.0041401824 -0.002647981 0.0041419934 0.9999911 0.00068149343 0.0026451275 -0.00069245324 0.9999962 0.02708298 -0.0013689995 -0.04409319
1 0 0 0 1 0 0 0 1 0.04899192 0.035665035 -0.089306
0.99998564 -0.004885897 -0.0022698985 0.004888007 0.9999874 0.0009102579 0.0022654217 -0.0009213537 0.9999971 0.027302288 -0.0009059906 -0.04262516
0.99998987 -0.004268515 -0.0014818758 0.004270333 0.99999034 0.0011893371 0.0014767647 -0.001195685 0.9999981 0.023566134 -0.0028133392 -0.040033758
0.9999891 -0.003848048 -0.0025761276 0.0038499031 0.9999924 0.00073678046 0.0025732517 -0.00074668974 0.99999636 0.026246548 0.0070824623 -0.04668379
0.99998736 -0.0039432584 -0.0030289497 0.0039453814 0.9999918 0.0007207468 0.0030260868 -0.0007327013 0.9999951 0.026820704 -0.0007100105 -0.04406926
0.9999883 -0.003888309 0.0027316213 0.0038748533 0.99998033 0.004893288 -0.0027506351 -0.004882589 0.99998415 0.021464884 0.0031013489 -0.040831596
0.9998464 -0.012210339 -0.012572348 0.012185484 0.9999238 -0.0020632222 0.012596592 0.0019096434 0.99991894 -0.17783523 -0.18331814 0.67799675
1 0 0 0 1 0 0 0 1 -0.15671015 -0.22055864 0.62907183
0.99998736 -0.004742583 -0.0018119812 0.004743141 0.99998885 0.0003267601 0.0018104315 -0.00033535436 0.99999845 0.023357093 0.0046844482 -0.043893814
0.99998814 -0.004585316 -0.0015545879 0.0045871497 0.99998873 0.0011882787 0.0015491247 -0.0011954 0.99999785 0.022296071 -0.0025076866 -0.040986955
0.9999869 -0.004279876 -0.0028340388 0.004282126 0.9999906 0.000743486 0.0028308313 -0.00075560063 0.9999957 0.02766335 -0.0009217262 -0.04419571
1 0 0 0 1 0 0 0 1 0.014263272 0.009288311 -0.03522769
0.9999875 -0.003950315 -0.0030369088 0.0039526857 0.9999921 0.0007658601 0.0030338466 -0.0007778518 0.99999505 0.02681084 -0.0017085075 -0.043911934
0.99998677 -0.0043957015 -0.0027080849 0.004398402 0.99999 0.0009694658 0.0027037933 -0.0009813756 0.99999595 0.026307508 -0.0016770363 -0.0426957
0.99998647 -0.0043855123 -0.0027556792 0.0043875296 0.9999901 0.0007505007 0.0027523637 -0.00076257996 0.999996 0.028050363 -0.00087213516 -0.045259476
0.9999927 -0.0029766434 -0.002503395 0.0029787272 0.99999547 0.0007985346 0.002500981 -0.00080595165 0.9999965 0.025545657 0.00021219254 -0.043124646
0.9999883 -0.0043057273 -0.0022832835 0.0043077846 0.9999904 0.0008877432 0.0022794371 -0.00089756306 0.99999696 0.025932185 -0.0020375252 -0.043150604
1 0 0 0 1 0 0 0 1 -0.035224557 0.009313583 -0.08348608
1 0 0 0 1 0 0 0 1 0.0008237362 0.011816978 -0.015802264
0.99998915 -0.0038913433 -0.0025596386 0.0038935738 0.99999195 0.00088788476 0.0025561634 -0.00089784246 0.9999963 0.025249809 -0.000821352 -0.04377547
0.9999944 -0.0032916684 -0.000776574 0.0032920912 0.99999446 0.0005092211 0.0007748753 -0.0005117692 0.99999964 0.020877719 -0.003918886 -0.04481834
0.9995882 0.024482995 -0.014971182 -0.024588853 0.9996738 -0.006926134 0.014796704 0.0072915554 0.99986386 -0.43751764 -0.36450148 0.6419345
0.9999902 -0.00433084 -0.00089737773 0.004331406 0.99999034 0.0007455535 0.0008942485 -0.00074944645 0.9999994 0.01562664 -0.0017523766 -0.047484547
0.9999875 -0.0043245056 -0.0025666934 0.0043267324 0.9999902 0.0008722544 0.0025628945 -0.00088335946 0.9999963 0.027292624 -0.0012636185 -0.04336667
0.99998677 -0.0042021526 -0.0029135942 0.004204168 0.9999907 0.000724867 0.0029105619 -0.0007371232 0.9999955 0.02771312 -0.0015096664 -0.044082105
0.99998665 -0.0043835035 -0.0026908107 0.0043859645 0.99998987 0.00092200935 0.002686739 -0.0009337994 0.9999958 0.027238652 -0.0010356903 -0.04393509
0.9999876 -0.004440847 -0.00225636 0.0044426834 0.99998975 0.0007871762 0.0022528432 -0.00079720095 0.99999726 0.025940225 -0.0010752678 -0.04366851
1 0 0 0 1 0 0 0 1 -0.028486729 0.013232231 -0.058886528
1 0 0 0 1 0 0 0 1 0.01077342 -0.016143799 -0.05901581
0.9999862 -0.004565321 -0.0026952415 0.0045672706 0.9999895 0.0007422231 0.0026918207 -0.0007545054 0.99999624 0.027630597 0.00031375885 -0.04691589
0.99998814 -0.004080865 -0.0026484826 0.0040830686 0.99999136 0.00085422024 0.0026449733 -0.0008650292 0.9999961 0.026080437 -0.0022585392 -0.044204444
1 0 0 0 1 0 0 0 1 -0.05523044 -0.027375221 -0.050307035
0.9999865 -0.0043486115 -0.002819283 0.004350105 0.9999903 0.0005258657 0.0028169658 -0.000538148 0.99999595 0.026680112 -0.00044345856 -0.043052256
0.9999891 -0.0042117327 0.002051834 0.0042118058 0.9999911 -4.3008476E-05 -0.0020516403 5.1634386E-05 0.99999803 0.012453139 0.00050115585 -0.039813787
0.9999888 -0.0047136964 -0.00053138286 0.0047143535 0.9999882 0.0010174885 0.00052657723 -0.0010199752 0.9999993 0.020029932 -0.004160881 -0.042979687
0.9999882 -0.0038784477 -0.0028319806 0.003881489 0.99999166 0.0010792548 0.0028277785 -0.0010902623 0.9999953 0.025694553 -0.0016572475 -0.04089722
0.9999885 -0.0042745536 -0.002180986 0.004276985 0.9999902 0.0011086422 0.0021762177 -0.001117955 0.999997 0.025783151 -0.0015358925 -0.041718155
1 0 0 0 1 0 0 0 1 0.014050245 -0.010728478 -0.027305841
0.9999877 -0.004003821 -0.0029530814 0.004006164 0.9999918 0.0007732101 0.0029499603 -0.0007850267 0.9999954 0.0268718 -0.00071048737 -0.044300675
0.9999915 -0.0033569383 -0.0023729205 0.0033586929 0.99999416 0.00073213875 0.0023704693 -0.0007401034 0.9999969 0.024194777 1.001358E-05 -0.043335617
0.9999902 -0.0038239097 -0.0021571852 0.003826613 0.99999195 0.0012679044 0.00215232 -0.0012761466 0.99999684 0.022803843 -0.00152421 -0.040134877
0.99998665 -0.004358392 -0.0027955845 0.0043609347 0.9999902 0.0008692816 0.0027917475 -0.00088144094 0.9999956 0.027697623 -0.0007109642 -0.0437001
1 0 0 0 1 0 0 0 1 0.019419044 0.0030088425 -0.06446163
0.99998647 -0.00502061 -0.0013764054 0.005022105 0.99998665 0.0011633518 0.0013705529 -0.0011702506 0.99999833 0.025705121 -0.002746582 -0.042979866
1 0 0 0 1 0 0 0 1 -0.054920375 -0.016295433 -0.03248547
0.9998265 -0.010789445 -0.015183918 0.011068237 0.9997695 0.018398926 0.014981903 -0.018563852 0.99971545 -0.009698629 0.067279816 0.13666743
0.99998677 -0.0044170655 -0.002616588 0.004419382 0.9999901 0.0008557439 0.002612777 -0.0008672932 0.99999624 0.027722392 -0.0015015602 -0.04400146
0.99998546 -0.005151131 -0.0015695798 0.0051528704 0.999986 0.00114627 0.001563651 -0.0011543408 0.9999981 0.026984468 -0.0026888847 -0.04236561
0.9999849 -0.0048458953 -0.0026138104 0.0048483075 0.99998796 0.0009280257 0.002609279 -0.0009406805 0.9999962 0.02942139 -0.0012688637 -0.04308021
0.9999871 -0.0040866663 -0.0029840134 0.0040890193 0.99999154 0.0007412061 0.0029809475 -0.0007533897 0.99999523 0.027661353 -0.0012168884 -0.044810355
1 0 0 0 1 0 0 0 1 -0.07327819 0.094213486 0.1710034
0.9999858 -0.005125589 -0.0015748069 0.0051271133 0.99998623 0.00096476125 0.0015698075 -0.00097282324 0.99999845 0.026327863 -0.002058506 -0.043806136
0.9999862 -0.004913078 -0.0020226352 0.0049152896 0.99998754 0.001052551 0.002017457 -0.0010624751 0.99999756 0.027289756 -0.0012178421 -0.042859554
0.99999005 -0.00366294 -0.002477128 0.0036658891 0.9999924 0.00116455 0.0024728365 -0.0011736136 0.99999607 0.02366203 -0.0015640259 -0.041546017
0.99998754 -0.004646717 -0.0017830939 0.0046488373 0.9999887 0.001124056 0.0017778534 -0.0011323318 0.99999785 0.02637881 -0.0016436577 -0.041745782
1 0 0 0 1 0 0 0 1 0.021947026 0.00050258636 -0.042851627
0.99998844 -0.004063138 -0.0024866313 0.004064977 0.9999914 0.00071744993 0.002483718 -0.00072754733 0.9999966 0.026879102 -0.0015463829 -0.04379511
1 0 0 0 1 0 0 0 1 0.12964964 -0.36945534 0.64792275
0.99995893 -0.008807465 -0.0021394491 0.008805133 0.99996066 -0.0010728538 0.0021488965 0.0010540634 0.9999972 0.054204464 0.007215023 -0.06121874
0.9999882 -0.004153356 -0.002495259 0.004158251 0.9999895 0.0019653216 0.0024870932 -0.0019756556 0.99999505 0.025224864 -0.0013355017 -0.030658484
0.99998677 -0.0046383864 -0.0022358838 0.0046403026 0.9999889 0.0008657854 0.0022318456 -0.00087615475 0.9999971 0.026542664 -0.0031785965 -0.043978393
0.9999915 -0.0039467798 -0.001465667 0.0039485884 0.9999916 0.0012461664 0.0014607608 -0.0012519397 0.9999981 0.021454692 -0.0017857552 -0.036827415
0.99998754 -0.004156225 -0.0027446076 0.004158757 0.9999908 0.00092622265 0.0027407482 -0.00093761925 0.9999958 0.026685469 -0.0021967888 -0.04307601
0.9991865 -0.024796188 -0.031806707 0.025087744 0.9996465 0.008802399 0.03157726 -0.009593159 0.9994551 -0.120957136 -0.12278223 0.82019424
0.9999923 -0.0038102097 0.00084614754 0.0038103524 0.99999267 -0.00020874478 -0.0008453578 0.00021197554 0.9999997 0.016816616 -0.00016593933 -0.0385814
0.9999883 -0.0037934175 -0.0030559525 0.0037950194 0.9999928 0.000521129 0.003053911 -0.00053271465 0.9999951 0.024445832 0.0010669231 -0.04671344
0.9999868 -0.0043344568 -0.0026774034 0.0043363115 0.9999903 0.00071399007 0.0026742965 -0.00072558876 0.9999961 0.027951926 -0.0019245148 -0.04492739
1 0 0 0 1 0 0 0 1 -0.06134987 -0.01917839 0.11994743
0.9999868 -0.0043854704 -0.0026630238 0.00438782 0.99999 0.00084762275 0.0026592761 -0.0008592829 0.999996 0.028334409 -0.00021791458 -0.04318118
0.99998724 -0.0042057065 -0.0028081238 0.004207692 0.999991 0.0006878674 0.0028051883 -0.0006996803 0.9999958 0.027530134 -0.00096035004 -0.044457257
1 0 0 0 1 0 0 0 1 -0.41843176 -0.31131268 0.54432905
1 0 0 0 1 0 0 0 1 -0.025940359 -0.00715065 -0.044803977
0.9999866 -0.00495808 -0.001407139 0.004959708 0.999987 0.0011601732 0.0014013462 -0.0011671386 0.9999984 0.025519967 -0.0024080276 -0.043102205
1 0 0 0 1 0 0 0 1 -0.009262085 0.0035743713 -0.017203689
0.9999887 -0.0043137786 -0.0021105912 0.004315605 0.9999903 0.00089559145 0.0021067094 -0.0009046905 0.99999744 0.024727464 -0.0019068718 -0.043230057
0.9999892 -0.0038612117 -0.0026551783 0.0038635265 0.9999922 0.00079087727 0.0026521012 -0.0008011535 0.9999963 0.02648662 -0.0014939308 -0.043516874
0.9999905 -0.0042430237 0.0007941276 0.0042426065 0.9999906 0.00055115554 -0.00079649687 -0.0005477816 0.9999995 0.016804993 -0.000269413 -0.037474453
0.9999881 -0.004645349 -0.0015310943 0.0046470314 0.99998885 0.0011256449 0.0015258789 -0.0011327676 0.99999815 0.022591546 -0.0044116974 -0.042343646
0.99998796 -0.00414934 -0.0025387518 0.0041514263 0.99999106 0.0008185357 0.0025353394 -0.0008290671 0.99999636 0.026713014 -0.0017356873 -0.043254822
0.9999885 -0.00418499 -0.0023727268 0.004186842 0.9999908 0.00077944994 0.0023694485 -0.0007893704 0.9999969 0.026800424 -0.0015892982 -0.04290375
0.9999671 -0.006440729 -0.0049163103 0.0063651204 0.99986374 -0.015236989 0.0050138533 0.015205175 0.99987185 -0.20092392 -0.21571064 0.5627849
0.9999886 -0.00396965 -0.0026842118 0.0039721387 0.9999918 0.0008845236 0.0026806802 -0.0008951761 0.999996 0.026357695 -0.0019445419 -0.04349628
0.9999859 -0.005030665 -0.0017329454 0.005032627 0.9999869 0.0011508656 0.001727134 -0.0011595725 0.9999979 0.026718304 -0.0022668839 -0.042818874
0.99998516 -0.0047195707 -0.0026745163 0.0047217454 0.99998856 0.00084389374 0.0026705032 -0.0008564815 0.9999959 0.029693842 -0.0009274483 -0.043240488
0.9998745 -0.0034150875 0.015473049 0.0033886756 0.99999267 0.0017316034 -0.015478842 -0.0016789502 0.99987894 -0.026407838 -0.04936695 -0.060564786
0.9999901 -0.0038549728 -0.0021770112 0.0038569088 0.99999213 0.00088511966 0.002173584 -0.0008935034 0.99999714 0.02482514 -0.0012247562 -0.04288259
0.999987 -0.0044109914 -0.0025959685 0.0044134688 0.99999 0.00094860326 0.002591759 -0.00096004247 0.9999961 0.02693753 -0.0013074875 -0.043211192
0.9999887 -0.004753856 0.00023882091 0.0047536166 0.99998814 0.0009656064 -0.00024341047 -0.00096446276 0.9999996 0.018429786 -0.00409317 -0.042556494
0.99998796 -0.004543472 -0.001779817 0.0045449273 0.9999893 0.0008154153 0.0017760769 -0.0008235015 0.9999981 0.024120688 -0.0013523102 -0.044025213
1 0 0 0 1 0 0 0 1 0.13473463 -0.031868458 -0.035620213
0.9999734 -0.0016176328 0.0071071982 0.0016048384 0.9999971 0.0018080794 -0.0071101338 -0.0017966337 0.99997294 0.004909277 -0.002946958 -0.036342263
0.9999936 -0.0032699406 0.0013592839 0.0032676607 0.999993 0.0017273575 -0.0013649762 -0.00172293 0.9999975 0.023388386 0.0032138824 -0.058294237
0.9999539 -0.006880462 0.006714225 0.0068645924 0.99997365 0.0023623034 -0.0067304075 -0.0023161694 0.9999745 0.028535426 -0.0041217804 -0.031663686
0.9999864 -0.004368104 -0.0029285327 0.004370546 0.9999904 0.0008018501 0.002925001 -0.0008146055 0.9999953 0.027759813 -0.0010819435 -0.044612348
1 0 0 0 1 0 0 0 1 -0.014403462 -0.003314495 -0.07970011
0.9999877 -0.004407694 -0.0023807809 0.0044096094 0.9999901 0.00077837147 0.0023773164 -0.0007888619 0.9999969 0.02773283 -0.0013389587 -0.043161303
0.9999876 -0.004462648 -0.0022111908 0.004464424 0.99998987 0.00080980733 0.002207553 -0.0008196607 0.9999972 0.026022354 -0.0011415482 -0.043079227
0.9999858 -0.00529538 0.0004900992 0.0052949023 0.9999852 0.0011122134 -0.000495974 -0.0011096057 0.9999992 0.024864167 -0.0003633499 -0.03926748
0.9999894 -0.004308125 0.0015710928 0.004308523 0.99999064 -0.00024518743 -0.0015700199 0.00025195628 0.9999987 0.020824164 0.0025000572 -0.04473257
1 0 0 0 1 0 0 0 1 0.010360122 -0.014806986 -0.0620566
0.9999887 -0.0046035317 -0.0012789071 0.0046048793 0.9999888 0.0010671457 0.0012739971 -0.0010730298 0.9999986 0.02325745 -0.0032587051 -0.041585892
1 0 0 0 1 0 0 0 1 -0.022898108 0.020747185 -0.04331696
1 0 0 0 1 0 0 0 1 -0.1692791 -0.157619 0.69883597
0.9990165 -0.027644038 -0.03466046 0.027148038 0.9995232 -0.014704473 0.035050422 0.013749011 0.9992909 -0.10228419 -0.1260252 0.67204523
1 0 0 0 1 0 0 0 1 -0.28599334 -0.23316622 0.64555496
0.99996835 -0.004658496 -0.006472066 0.0046507115 0.9999888 -0.0012153052 0.0064776614 0.0011851788 0.99997836 0.026526272 4.2438507E-05 -0.047433853
0.99998546 -0.004959119 -0.002134487 0.004960991 0.99998724 0.00084093213 0.0021302924 -0.0008515157 0.99999744 0.02854897 -0.0018849373 -0.043374807
0.9999876 -0.0038858056 -0.0031896979 0.0038880026 0.99999225 0.00069376454 0.0031869411 -0.0007061437 0.9999946 0.026822835 -0.0007891655 -0.04448992
1 0 0 0 1 0 0 0 1 -0.002310276 -0.020285606 -0.0067178607
0.9997853 0.0020282045 -0.02061911 -0.0019249264 0.99998564 0.005027525 0.020628989 -0.004986763 0.9997746 -0.07640201 -0.0016431808 0.021677226
0.9999852 -0.0051514693 0.0018135905 0.0051492387 0.9999863 0.0012022201 -0.0018197894 -0.0011927783 0.9999975 0.019895524 -0.0021686554 -0.04456061
0.99998903 -0.0037392317 -0.0027801283 0.003741378 0.9999926 0.00077115 0.0027772337 -0.00078158826 0.9999958 0.025821403 -0.00042295456 -0.04337442
0.99998945 -0.0038494822 -0.0025001056 0.0038518836 0.99999225 0.0010079388 0.002496209 -0.0010175686 0.9999965 0.023354948 -0.00086450577 -0.043447286
0.9232881 -0.049946405 -0.38084683 0.04672562 0.9987508 -0.01770521 0.3812553 -0.001448214 0.92446864 0.033242464 -0.01031518 0.8602552
0.21742968 -0.4873283 0.8457161 -0.41404572 0.7385785 0.53204155 -0.88390636 -0.46584663 -0.041187298 -1.5311124 -0.8779973 -0.32890397
0.99999005 -0.0039406945 -0.0019450858 0.003942587 0.9999917 0.0009498149 0.0019413456 -0.0009575039 0.9999978 0.026258841 -0.0007557869 -0.043331593
0.9999889 -0.0040122517 -0.0023622215 0.004014693 0.9999912 0.0010001902 0.002358146 -0.0010096617 0.99999666 0.024523288 -0.0009100437 -0.042628616
1 0 0 0 1 0 0 0 1 0.015316963 0.016951084 -0.06256223
1 0 0 0 1 0 0 0 1 -0.029044509 -0.03315735 0.017694741
0.9999861 -0.004997772 -0.0017096102 0.0049995584 0.99998707 0.0010420922 0.0017044172 -0.0010506045 0.99999785 0.0276707 -0.00047588348 -0.041949213
1 0 0 0 1 0 0 0 1 0.028921962 0.0019493699 -0.051641732
0.99999475 -0.0031113557 0.0010032877 0.0031116365 0.9999952 -0.00015953626 -0.0010027885 0.00016264571 0.9999996 0.012483478 0.005012274 -0.052659452
0.99996716 -0.0014584512 -0.00799112 0.0014578844 0.9999991 -7.5060874E-05 0.007991202 6.3400716E-05 0.9999682 0.02074394 -0.014146805 -0.021942198
0.9999886 -0.003796874 -0.0028791353 0.0037994103 0.9999926 0.0008526817 0.0028758682 -0.0008636862 0.9999956 0.025536656 -0.0006542206 -0.04392752
0.9999919 -0.0040657455 0.0002368465 0.0040655583 0.99999183 0.00015069172 -0.00023742765 -0.00014973246 1 0.020727277 -0.0006570816 -0.04314822
0.9999882 -0.004354302 -0.002194332 0.0043562627 0.99999005 0.0008859432 0.0021904577 -0.00089548994 0.99999726 0.024271667 -0.002260685 -0.040922165
0.99998975 -0.0045575136 3.1530857E-05 0.0045575057 0.9999892 0.00088303164 -3.554672E-05 -0.00088287145 0.9999997 0.016357124 0.00074768066 -0.043620855
0.99998754 -0.0046568867 -0.0018340871 0.0046584783 0.99998885 0.0008802749 0.0018299818 -0.0008887835 0.9999978 0.024896048 0.0004105568 -0.04343331
1 0 0 0 1 0 0 0 1 0.0025939941 -0.029695034 -0.06913489
1 0 0 0 1 0 0 0 1 0.013110399 0.012170583 -0.05272761
1 0 0 0 1 0 0 0 1 0.021855354 -0.021130562 -0.037496686
0.9999858 -0.004728127 -0.0024965033 0.0047300085 0.99998844 0.0007408373 0.0024929717 -0.00075264275 0.99999666 0.02761471 4.529953E-05 -0.043402255
0.99998575 -0.0050877356 -0.0018182211 0.005089847 0.9999865 0.0011544864 0.0018122979 -0.0011637271 0.9999977 0.02705824 -0.002289772 -0.04220158
0.99998796 -0.0040333737 -0.002833642 0.0040355567 0.9999915 0.0007587988 0.0028305594 -0.0007702317 0.9999957 0.026703369 -0.0014214516 -0.04434344
1 0 0 0 1 0 0 0 1 0.027505517 0.009708881 -0.039173692
0.99998766 -0.004058405 -0.0028420836 0.0040605823 0.99999166 0.0007446315 0.0028390437 -0.0007561594 0.9999957 0.027119309 -0.0015544891 -0.044322193
0.9998859 0.014450654 0.0044151545 -0.014421832 0.9998749 -0.006500013 -0.0045084655 0.0064357296 0.9999691 -0.2130661 -0.034651756 -0.12757635
0.9992519 0.038666513 0.0005407119 -0.03864426 0.9989939 -0.022751987 -0.0014199 0.022714041 0.99974096 -0.50311995 -0.4104557 0.48387814
0.99998724 -0.0048134467 -0.0014785267 0.0048150755 0.99998784 0.001114618 0.00147314 -0.0011217259 0.9999983 0.026071712 -0.0011696815 -0.041411936
1 0 0 0 1 0 0 0 1 0.053011686 0.010670662 -0.042427897
0.999987 -0.0048859147 -0.001281172 0.004887401 0.9999873 0.0011642949 0.0012754574 -0.0011705421 0.9999984 0.024705738 -0.002562523 -0.042935252
0.99998754 -0.0046937484 -0.0015990436 0.0046956595 0.9999882 0.0011782758 0.0015934706 -0.001185786 0.999998 0.022916913 -0.0044384003 -0.041395724
0.99999374 -0.0022464916 -0.002721697 0.0022621378 0.9999808 0.0057360083 0.002708733 -0.005742058 0.99997985 0.022603989 0.00020766258 -0.045410424
0.99888307 -0.028490275 -0.03769882 0.028367504 0.9995904 -0.00378933 0.037791297 0.0027156826 0.99928206 -0.10280156 -0.12461758 0.7606375
0.9999873 -0.0044674007 0.0022688452 0.004464952 0.9999894 0.0010751514 -0.0022736154 -0.0010650083 0.99999684 0.012133241 -0.001953125 -0.036996514
0.99998856 -0.0043720035 -0.002093196 0.0043741986 0.99999005 0.0010291748 0.0020887405 -0.0010383166 0.99999726 0.025891751 -0.0005955696 -0.042194515
0.99990344 -0.00096827233 -0.013861179 0.00096386485 0.9999992 -0.00032833405 0.013861477 0.00031492114 0.9999041 -0.0026328564 -0.0058956146 -0.05747649
0.999987 -0.0048059067 -0.0016566729 0.0048074275 0.999988 0.0009014718 0.0016523199 -0.0009094253 0.9999982 0.023612991 -0.00393486 -0.04199864
0.999989 -0.003908324 -0.0025142878 0.0039105713 0.9999917 0.00086446106 0.0025108159 -0.0008742865 0.9999965 0.024453044 -0.0012819767 -0.046613418
0.9999872 -0.004845433 -0.0013098437 0.004846754 0.9999877 0.0010423213 0.0013047755 -0.001048658 0.99999857 0.02525957 -0.004032612 -0.04197514
0.9999732 -0.005172395 0.0052033514 0.0051662093 0.9999858 0.0012221262 -0.00520958 -0.0011951998 0.9999858 0.007576227 -0.005962372 -0.04476
0.9999867 -0.004092715 -0.0030989666 0.004095578 0.99999106 0.0009228997 0.003095165 -0.0009355806 0.9999947 0.026305601 -0.0016441345 -0.042978078
0.99998873 -0.0030879294 -0.003580004 0.0030906918 0.9999947 0.00074570253 0.0035777092 -0.0007567704 0.99999326 0.025480464 -3.8146973E-05 -0.04289347
0.99998647 -0.0051709213 -0.00054366887 0.0051714163 0.99998635 0.0008574445 0.0005391985 -0.0008602403 0.9999995 0.023605347 -0.0022921562 -0.04455796
0.9999875 -0.0041539543 -0.0027678292 0.0041559357 0.999991 0.0007758364 0.0027645733 -0.0007873252 0.9999958 0.027127892 -0.00062704086 -0.043698967
0.99998724 -0.0050286017 -0.0003758669 0.0050274134 0.99998325 -0.0028693974 0.00039032102 0.0028674677 0.9999958 0.023615956 -0.0031232834 -0.052854657
1 0 0 0 1 0 0 0 1 -0.042919636 0.12211037 0.084323704
0.99998724 -0.0041043647 -0.0029965714 0.004106493 0.99999124 0.000713367 0.002993619 -0.00072567165 0.99999535 0.026876427 -0.000980854 -0.044131845
0.99999094 -0.0038043498 -0.0020568222 0.0038065603 0.9999924 0.0011068382 0.0020525604 -0.0011146539 0.9999974 0.02456452 -0.0008337498 -0.040842474
0.99998665 -0.005112736 -0.00066154357 0.0051133526 0.9999865 0.0008555893 0.0006571589 -0.00085896626 0.99999934 0.023972511 -0.00092458725 -0.043557554
0.99999607 -0.0025404177 -0.0011248197 0.0025430394 0.9999939 0.0023710579 0.0011187904 -0.002373889 0.99999654 0.014337182 0.0028901696 -0.032289445
1 0 0 0 1 0 0 0 1 0.009958386 -0.0048179626 -0.06276056
1 0 0 0 1 0 0 0 1 -0.00011372566 -0.00863409 -0.002556622
0.99998635 -0.004379296 -0.0029203892 0.004381336 0.9999901 0.0006955266 0.0029173344 -0.0007083304 0.9999957 0.027920201 -0.0008921623 -0.045410514
1 0 0 0 1 0 0 0 1 -0.12095904 0.05192566 -0.21415162
0.9997508 -0.006959539 -0.021222383 0.007003134 0.99997365 0.0019885153 0.021208078 -0.0021366924 0.99977285 0.044553757 -0.013040304 -0.016961992
1 0 0 0 1 0 0 0 1 -0.053805053 -0.0382576 -0.056100905
1 0 0 0 1 0 0 0 1 0.03444481 -0.019983768 0.010486662
0.999988 -0.00379281 -0.0030905064 0.0037950603 0.9999924 0.00073911995 0.00308769 -0.0007508546 0.99999505 0.026643708 -0.0006990433 -0.04447019
0.99998415 -0.0050728056 -0.002445788 0.0050750133 0.99998677 0.00087944046 0.0024412917 -0.0008918382 0.99999666 0.028386094 -0.0034384727 -0.04373631
0.9999888 -0.0041378853 -0.0024107676 0.0041399132 0.9999911 0.0008677095 0.0024071615 -0.00087767653 0.9999967 0.026374545 -0.0014848709 -0.04402122
0.99998635 -0.0046677403 -0.0023945794 0.004669867 0.9999887 0.00090563484 0.002390325 -0.00091680884 0.9999968 0.028121307 -0.0022382736 -0.043506384
0.99990106 0.010869458 -0.008910362 -0.010589272 0.9994663 0.03089735 0.00924141 -0.030800015 0.99948287 -0.25730896 -0.25892162 0.8670765
0.9999828 -0.0047349017 -0.0035302863 0.004735549 0.99998885 0.00018648803 0.0035293773 -0.00020319223 0.99999386 0.026919156 0.0014510155 -0.04377228
0.99998766 -0.0040496727 -0.00285239 0.0040519875 0.9999914 0.0008054264 0.0028491043 -0.00081697665 0.99999565 0.026572004 -0.0013618469 -0.043729097
0.9999886 -0.0035888706 -0.0031833202 0.0035912083 0.9999934 0.00071238354 0.003180731 -0.0007237997 0.99999464 0.026422128 -0.00019693375 -0.04489088
0.9998981 -0.005136024 -0.013333304 0.0050806217 0.9999784 -0.0041835606 0.013354508 0.004115388 0.99990237 0.036248863 0.008016586 -0.059945762
0.99998754 -0.003944994 -0.0029967502 0.0039484 0.99999166 0.0010861289 0.0029923916 -0.0010979455 0.999995 0.026212037 -0.0016798973 -0.04339555
0.99998635 -0.0048945732 -0.0018776879 0.004896206 0.9999877 0.0009186156 0.0018731803 -0.0009278022 0.9999979 0.025915354 0.0014696121 -0.04442388
0.9999892 -0.0041077626 -0.0020939186 0.004110096 0.999991 0.0011462327 0.00208918 -0.0011548456 0.99999714 0.023702782 -0.0018281937 -0.04095012
0.9992061 -0.025803134 -0.030358385 0.025804609 0.9996668 -0.00034081098 0.030357115 -0.00044285646 0.999539 -0.11141348 -0.13651514 0.7529371
0.9963343 0.0027104225 -0.08550243 0.013199196 0.9826581 0.18495649 0.084520966 -0.18540701 0.9790202 -0.33572483 0.11315632 1.9411504
0.9999271 -0.001633687 0.011955053 0.0016286969 0.99999845 0.00043088198 -0.011955723 -0.0004114285 0.9999285 -0.017739058 0.000289917 -0.037967563
0.9999881 -0.004068948 -0.0027941987 0.004070916 0.9999916 0.0007334682 0.0027911663 -0.00074483745 0.99999595 0.027098507 -0.0025029182 -0.04431513
0.9999866 -0.0039867973 -0.0031851232 0.0039890157 0.99999166 0.000688551 0.0031823665 -0.0007012673 0.9999947 0.027226299 -0.0017857552 -0.044528842
0.9999881 -0.0039232867 -0.0029151142 0.0039254874 0.99999195 0.00073903054 0.0029121786 -0.0007504821 0.9999955 0.027016968 -0.0009031296 -0.043569803
0.99998724 -0.004138441 -0.0028374828 0.0041404357 0.99999076 0.00075312704 0.0028343461 -0.00076488405 0.9999956 0.027195424 -0.0013689995 -0.043607533
0.9999902 -0.0038610448 -0.0022428408 0.003863104 0.9999924 0.000898825 0.0022393512 -0.00090747606 0.9999972 0.026052807 -0.00078964233 -0.04434198
0.99998987 -0.0031858678 -0.0031984746 0.0031880117 0.99999475 0.0006541014 0.0031964034 -0.00066427886 0.9999947 0.025829092 0.00041007996 -0.043849587
1 0 0 0 1 0 0 0 1 -0.030976057 0.0069389343 0.0400438
0.9999473 0.0037014931 -0.009558111 -0.0035644919 0.9998914 0.01429829 0.009609878 -0.014263421 0.999852 -0.08471739 -0.024102211 0.13893406
0.9999879 -0.0047490345 -0.0013606474 0.0047502667 0.99998826 0.00086051226 0.0013565421 -0.0008669533 0.99999875 0.024105608 -0.0023345947 -0.043565154
1 0 0 0 1 0 0 0 1 0.027115464 -0.03318739 -0.00043541193
1 0 0 0 1 0 0 0 1 -0.0074248314 -0.02525425 -0.07301092
0.9997542 -0.015183784 -0.016159978 0.015239209 0.99987835 0.0033147084 0.016107615 -0.0035604192 0.99986404 -0.1658299 -0.17169905 0.71935093
0.9999849 -0.0050995075 -0.0019829944 0.005101286 0.9999863 0.001012072 0.0019778013 -0.0010221824 0.9999975 0.028731182 -0.0010313988 -0.04256916
0.9999857 -0.005054936 -0.0017498955 0.005056682 0.9999866 0.0009988314 0.0017448068 -0.0010076705 0.999998 0.027388584 -0.0028176308 -0.042556703
0.99999285 -0.0024192594 -0.0029396713 0.0024216957 0.99999684 0.00084112585 0.0029377341 -0.00084825605 0.99999523 0.025355965 0.0018343925 -0.036848903
0.99998724 -0.0047901333 -0.0017691851 0.004792081 0.99998784 0.0011141635 0.001763925 -0.00112262 0.9999978 0.024428796 -0.0035467148 -0.041951925
0.26092184 -0.17962402 0.9485015 -0.8707709 0.38036984 0.31157216 -0.4167471 -0.9072233 -0.05716464 -0.84916115 0.863796 3.1515722
0.9999898 -0.002714533 -0.003650371 0.002714434 0.9999964 4.799105E-06 0.0036503077 -1.4700927E-05 0.9999933 0.015789747 -0.0015888214 -0.048676908
0.99999046 -0.0041571436 -0.0013646781 0.0041584885 0.99999106 0.0010823812 0.0013601556 -0.0010880483 0.99999845 0.023063242 -0.000852108 -0.040886045
0.9999811 -0.0029357406 -0.0054138154 0.002951215 0.99999166 0.0028116517 0.005405575 -0.0028275568 0.9999814 0.01780057 -0.002756834 -0.02886498
0.9999884 -0.004261535 -0.0022573099 0.004263314 0.9999905 0.00078189326 0.0022539645 -0.00079150824 0.9999972 0.026490543 -0.0017056465 -0.043154866
0.99999076 -0.0038900317 -0.0017176121 0.0038917912 0.99999183 0.0010700338 0.0017134305 -0.0010767207 0.999998 0.024337947 -0.0011570454 -0.040978163
-0.8132009 -0.07044721 -0.5777036 0.23462819 -0.948088 -0.21465975 -0.53259146 -0.31010696 0.78751487 -8.935417 12.717993 -0.33123863
0.9999896 -0.004093784 -0.001922138 0.0040952694 0.9999912 0.0007931087 0.0019188598 -0.00080097653 0.99999785 0.02208814 -0.00085258484 -0.042458504
0.999988 -0.0046309014 -0.0015744008 0.004632435 0.9999887 0.0009957887 0.0015697591 -0.0010030754 0.9999982 0.02228406 -0.003417015 -0.04163301
0.9999864 -0.004692761 -0.002270013 0.0046949936 0.99998856 0.0010059718 0.0022652708 -0.0010166112 0.9999969 0.02833493 -0.000790596 -0.042672873
0.9999861 -0.004950367 -0.0017504022 0.004953202 0.99998647 0.0016231933 0.0017423555 -0.0016318513 0.99999714 0.03238727 -0.0012097359 -0.03996122
0.99998647 -0.004418954 -0.0027328655 0.0044212556 0.9999898 0.000860773 0.0027290508 -0.0008728504 0.9999959 0.02785524 -0.0004811287 -0.043332636
0.9999867 -0.0042468975 -0.0029414147 0.004249072 0.99999046 0.00077096745 0.0029381067 -0.00078347325 0.99999535 0.02770394 -0.001393795 -0.044146955
1 0 0 0 1 0 0 0 1 0.0025825799 -0.0014748573 -0.0631783
0.9999909 -0.0037285618 -0.0020735674 0.003730731 0.9999924 0.0011139531 0.0020693913 -0.001121678 0.9999973 0.023272216 -0.001155138 -0.041039586
0.9999877 -0.0042331363 -0.0026017427 0.0042353263 0.9999909 0.0007747784 0.0025984421 -0.00078578666 0.9999963 0.027373463 -0.001475811 -0.04398477
0.697796 0.10798007 0.7081108 -0.20133519 0.9782848 0.049223438 -0.6874189 -0.17691559 0.7043835 -1.2794765 0.58751583 3.359857
0.9999872 -0.0038141254 0.003263086 0.003809495 0.9999915 0.0014624866 -0.0032685995 -0.0014500394 0.99999356 0.007207632 -0.008919716 -0.029635996
0.9999866 -0.0049123615 -0.0015745834 0.0049141855 0.999987 0.0011789394 0.0015687793 -0.0011866633 0.999998 0.025565334 -0.003215313 -0.04209879
0.9999898 -0.0032923794 -0.0030628135 0.0032971106 0.99999344 0.0015189685 0.0030577937 -0.0015290417 0.999994 0.017754044 -0.0023226738 -0.036582828
0.9999528 -0.008906927 0.0038334131 0.008888606 0.99994874 0.004793167 -0.0038758367 -0.0047588944 0.9999812 0.020572305 0.001627922 -0.0076361895
0.99999005 -0.0038333554 -0.0023846067 0.0038361298 0.9999922 0.0011168718 0.0023803264 -0.0011259951 0.99999654 0.023549497 -0.0009906292 -0.042279616
0.9999883 -0.0038548075 -0.0028947713 0.003856931 0.9999922 0.000762444 0.002891806 -0.0007735975 0.9999954 0.026377454 -0.0014619827 -0.043717682
1 0 0 0 1 0 0 0 1 0.0065541267 0.004085064 -0.0027737021
0.9990947 -0.025704205 -0.03389716 0.025493383 0.9996531 -0.0066284537 0.034055814 0.0057582557 0.9994034 -0.12035322 -0.15050411 0.72481376
0.99999 -0.0044592544 0.0001039803 0.004459187 0.99998933 0.0009653047 -0.00010831654 -0.0009648204 0.99999946 0.016474754 -0.002161026 -0.04172468
1 0 0 0 1 0 0 0 1 -0.012929678 0.01229763 -0.06730771
0.9990971 -0.030124053 -0.029957354 0.030240044 0.99953675 0.0034230668 0.029840417 -0.0043255575 0.9995453 -0.081671715 -0.1154685 0.7766546
0.9999874 -0.0041626864 -0.0028065443 0.004164676 0.9999908 0.000746347 0.0028034002 -0.00075803325 0.9999958 0.027279913 -0.0013608932 -0.044218928
1 0 0 0 1 0 0 0 1 -0.0627079 0.011105537 -0.0049836636
0.9976957 0.022211261 0.06410797 -0.026428062 0.9974898 0.0656963 -0.06248784 -0.067239106 0.9957781 -0.24481678 -0.36548948 0.7859799
1 0 0 0 1 0 0 0 1 -0.2708106 -0.23266697 0.58589756
0.999987 -0.0041739694 -0.002760481 0.004176027 0.9999909 0.00076370686 0.0027573071 -0.0007752236 0.9999959 0.027094081 -0.0017638206 -0.04403335
0.9999875 -0.004307499 -0.0025142021 0.0043091653 0.9999902 0.0006769821 0.0025112703 -0.0006878171 0.9999966 0.026896792 -0.00023555756 -0.043106377
1 0 0 0 1 0 0 0 1 0.020636976 -0.02701044 -0.030139685
0.9999865 -0.0048043244 -0.0019326359 0.0048065656 0.9999877 0.0011737347 0.0019269735 -0.0011830032 0.99999744 0.024611503 -0.004181862 -0.041861594
0.9999869 -0.004475123 -0.0025253147 0.004477012 0.99998975 0.00076291943 0.0025218427 -0.00077421917 0.9999966 0.028042704 -0.0020165443 -0.044452846
1 0 0 0 1 0 0 0 1 0.012084007 0.013446808 -0.014125466
0.99998945 -0.004294522 -0.0016983151 0.004296325 0.9999903 0.001036711 0.0016938746 -0.001044035 0.999998 0.01870212 -0.0038824081 -0.037870478
0.99948704 -0.02245988 -0.022829492 0.02249945 0.99974585 0.0014774501 0.022790506 -0.0019902885 0.99973834 -0.13161063 -0.14395094 0.7359303
0.99998826 -0.00471976 -0.001255204 0.004721306 0.999988 0.0012576077 0.001249257 -0.001263516 0.99999845 0.022955865 -0.0034599304 -0.041731715
0.9999803 -0.0054677036 -0.0031580627 0.005466403 0.99998504 -0.00044968352 0.0031605065 0.00043239072 0.99999493 0.023478895 -0.0007381439 -0.04033023
0.9986284 0.020995937 0.047963534 -0.021575032 0.99969983 0.011589587 -0.047705863 -0.012608379 0.9987817 -0.31850815 -0.3373189 0.51075065
0.9999845 -0.005566393 0.00054870546 0.0055658864 0.99998415 0.0008382702 -0.000553377 -0.0008352094 0.9999995 0.025368214 -0.0008649826 -0.045872837
0.99998724 -0.004017068 -0.003049735 0.004019267 0.9999916 0.00074406713 0.0030467324 -0.00075632706 0.9999952 0.02696009 -0.0012497902 -0.043931335
0.99998903 -0.004429793 -0.0016284585 0.0044310032 0.9999901 0.0007213531 0.0016252585 -0.0007285634 0.9999984 0.025874175 -0.0014548302 -0.044883847
1 0 0 0 1 0 0 0 1 0.018267214 -0.012823105 -0.04103245
1 0 0 0 1 0 0 0 1 0.012244701 0.005411923 -0.0514552
1 0 0 0 1 0 0 0 1 -0.12836504 -0.025413513 0.13967514
0.9999884 -0.0039776936 -0.0027235858 0.0039799083 0.99999195 0.0008147843 0.0027203206 -0.00082561746 0.99999607 0.025326192 -0.00044631958 -0.04311809
0.9999871 -0.0043229107 -0.0026352406 0.004324829 0.99999046 0.0007271059 0.0026320666 -0.0007384755 0.99999624 0.028048009 -0.0009827614 -0.043625474
0.9999919 -0.0039037839 0.0008663684 0.003902687 0.99999154 0.0012121126 -0.0008710548 -0.0012087226 0.99999887 0.0048793852 -0.0061416626 -0.0419136
0.99998957 -0.003241926 -0.0032086074 0.0032472145 0.99999326 0.0016535013 0.0032032244 -0.0016639018 0.9999934 0.021078438 -0.00025987625 -0.035568655
0.99995935 -0.003859872 0.008124143 0.0038489196 0.99999166 0.0013633408 -0.0081293285 -0.0013319813 0.99996585 0.00953801 -0.011012554 -0.032949388
0.9999864 -0.0047503747 -0.0020233393 0.0047520176 0.99998856 0.0007736869 0.0020196289 -0.0007833019 0.9999976 0.02634415 -0.003619194 -0.04341796
0.99998796 -0.0035744864 -0.0033358485 0.0035764868 0.9999933 0.0006109737 0.0033336282 -0.0006228946 0.9999943 0.026367769 -0.0005402565 -0.044891894
1 0 0 0 1 0 0 0 1 0.042126656 -0.010842979 -0.0050225854
0.99998707 -0.004136555 -0.0030432045 0.004138778 0.9999913 0.0007133782 0.003040202 -0.00072593987 0.9999951 0.027558297 0.0013604164 -0.04318738
0.9996901 -0.013697196 -0.020786256 0.013928063 0.9998425 0.010996908 0.020632252 -0.011282831 0.9997237 -0.18231082 -0.16738272 0.7884332
1 0 0 0 1 0 0 0 1 0.07387388 0.076348305 -0.027203918
1 0 0 0 1 0 0 0 1 -0.036284626 -0.016206741 -0.017542213
0.9999863 -0.004458472 -0.0028210618 0.00446079 0.9999898 0.00079511106 0.0028174967 -0.00080770627 0.9999958 0.028180942 -0.00048017502 -0.043773413
0.99998635 -0.004850723 -0.0019386224 0.00485284 0.9999876 0.0010881741 0.0019333176 -0.0010975786 0.9999975 0.025116086 -0.0019993782 -0.043583214
1 0 0 0 1 0 0 0 1 -0.09186363 0.07741928 0.19989467
0.99998724 -0.004163377 -0.0028849915 0.0041655786 0.99999106 0.00075259246 0.002881825 -0.00076460093 0.9999955 0.02740565 -0.001247406 -0.043905288
0.9999866 -0.00454663 -0.002536469 0.0045485785 0.9999895 0.0007740855 0.0025329217 -0.00078559294 0.9999965 0.027446669 -0.00046300888 -0.044227242
1 0 0 0 1 0 0 0 1 0.15316772 -0.3003416 0.9734353
0.99998724 -0.0041803373 -0.0028608586 0.004182187 0.99999106 0.0006611645 0.002858067 -0.00067310035 0.9999956 0.02656734 0.00017261505 -0.044683576
0.9999865 -0.0041163852 -0.0031241812 0.0041189194 0.99999124 0.0008045137 0.003120847 -0.00081736967 0.9999947 0.02733177 -0.0012803078 -0.043886036
1 0 0 0 1 0 0 0 1 -0.040896118 0.02810955 -0.024119496
1 0 0 0 1 0 0 0 1 -0.23289776 -0.22236967 0.6680808
0.9999952 -0.0031842985 -0.00027986616 0.0031847353 0.9999938 0.0015805438 0.00027481467 -0.0015814193 0.9999988 0.018772066 -0.00541234 -0.037091494
0.99998575 -0.0037946186 -0.0037927274 0.0037962985 0.9999927 0.00046242028 0.0037909523 -0.0004768148 0.99999267 0.02062273 -0.012107849 -0.040391818
0.99998814 -0.0039328923 -0.002879884 0.0039348276 0.9999922 0.0007106587 0.0028770566 -0.00072195753 0.99999547 0.025686778 -0.00070142746 -0.04394597
0.9929102 -0.08787176 -0.08004856 0.09116027 0.9950962 0.038390957 0.07628246 -0.045416012 0.99605167 0.22885275 0.13716125 1.2042346
0.9999905 -0.0033997959 -0.002736017 0.0034014462 0.9999939 0.00063692033 0.0027338117 -0.0006462112 0.99999607 0.025856778 0.0009710789 -0.045075
0.9999882 -0.0039909617 -0.002731502 0.0039929785 0.99999183 0.00072925165 0.002728559 -0.0007401416 0.99999595 0.027086526 -0.0018148422 -0.043755323
1 0 0 0 1 0 0 0 1 0.020375848 -0.18693542 0.026757315
1 0 0 0 1 0 0 0 1 -0.00031137466 -0.014233589 -0.011856735
0.9999887 -0.003170735 -0.003504417 0.0031747026 0.99999434 0.001126755 0.0035008276 -0.0011378676 0.99999326 0.022745743 -0.0029821396 -0.038824648
0.9999901 -0.0035691012 -0.0026205815 0.0035715797 0.99999326 0.0009198636 0.0026172847 -0.0009292178 0.9999961 0.025038546 -0.0022287369 -0.043572426
0.99998826 -0.0040761 -0.0025731018 0.004078309 0.9999913 0.00088417996 0.0025694743 -0.0008946648 0.99999624 0.026395783 -0.0019946098 -0.043459445
0.9999838 -0.002677016 -0.0050500035 0.0026801005 0.9999962 0.0006340295 0.005048454 -0.00064755976 0.9999869 0.025912166 -0.005184233 -0.046311736
0.9999893 -0.004144477 -0.0021344349 0.0041463478 0.9999908 0.0009270981 0.0021305755 -0.0009359345 0.99999744 0.026717275 -0.0004477501 -0.04364416
0.9999882 -0.004112804 -0.002520111 0.0041146115 0.99999136 0.000694938 0.0025172317 -0.0007052943 0.9999965 0.026667029 0.0005493164 -0.043346584
1 0 0 0 1 0 0 0 1 -0.24645817 0.024243355 -0.007670164
0.9999892 -0.0040560686 -0.0023692995 0.004057779 0.99999166 0.0007276926 0.0023663118 -0.00073727965 0.99999696 0.026005216 -0.00091838837 -0.04367584
0.9999856 -0.0046931896 -0.0026713014 0.0046951366 0.9999888 0.00071754213 0.002667889 -0.0007300768 0.9999962 0.028737366 -0.0030956268 -0.04478848
1 0 0 0 1 0 0 0 1 0.020961791 -0.0122561455 -0.05479294
0.9999878 -0.004559745 -0.0019283686 0.0045615453 0.99998933 0.0008672774 0.0019243942 -0.00087606534 0.99999774 0.027101174 -0.00033712387 -0.042966843
0.99999607 -0.0027367435 -0.0008737743 0.0027387408 0.99999356 0.0023576869 0.00086709857 -0.0023600059 0.99999696 0.018729687 0.0028903484 -0.035069823
1 0 0 0 1 0 0 0 1 0.0031366348 0.0051327944 -0.0042166114
0.99998766 -0.004220502 -0.0027000974 0.004222594 0.9999909 0.0008125566 0.002696639 -0.0008239299 0.99999607 0.026818424 -0.00014400482 -0.04295963
0.99998975 -0.0043131197 -0.001327455 0.004314073 0.99999034 0.0007428839 0.0013242438 -0.00074860756 0.99999887 0.022988439 -0.0023012161 -0.041134268
