0.99998796 -0.0022316072 0.0043998733 0.0022200332 0.9999944 0.0026096292 -0.004405692 -0.0025998084 0.9999868 0.014630213 -0.008369446 -0.008757442
0.99998605 -0.0022769873 0.00473205 0.0022693109 0.99999607 0.0016271472 -0.004735727 -0.0016163848 0.99998754 0.017539755 -0.0043063164 -0.008488774
0.9999695 -0.00574553 -0.005286455 0.0057456493 0.99998355 1.13248825E-05 0.005286306 -4.1902065E-05 0.99998593 0.012167096 0.01058197 -0.047056973
1 0 0 0 1 0 0 0 1 -0.118649006 0.022291183 0.07485655
1 0 0 0 1 0 0 0 1 -0.004009366 -0.009222746 -0.004489064
0.9999918 -0.00066758017 0.0039634034 0.00066552014 0.9999994 0.0005060141 -0.0039637536 -0.0005033761 0.999992 -0.006596327 -0.012319088 -0.008677363
0.9967146 -0.07232314 -0.036458768 0.07120381 0.99697626 -0.031117022 0.03859905 0.028418958 0.9988504 -0.0009846687 -0.07127094 0.2639258
0.9999872 -0.0025265263 0.004411198 0.0025192068 0.9999954 0.0016683098 -0.004415389 -0.0016571917 0.999989 0.017553568 -0.0039958954 -0.006971717
0.99997896 -0.0031031792 0.0056711882 0.0030808845 0.99998766 0.0039405967 -0.005683355 -0.0039230445 0.99997616 0.015283287 -0.004869461 -0.00020706654
0.9999854 -0.002708645 0.0046607554 0.0026964569 0.99999285 0.0026335754 -0.004667878 -0.0026209801 0.9999857 0.017833069 -0.0025606155 -0.003591448
0.9999862 -0.0026298391 0.004602207 0.0026198092 0.9999943 0.002185911 -0.0046079326 -0.0021738335 0.9999871 0.018379483 -0.0032200813 -0.0056316257
0.9999861 -0.0029693337 0.0043138843 0.002961032 0.9999936 0.0019106306 -0.004319532 -0.0018978268 0.99998873 0.014466278 -0.00029277802 -0.0056557655
0.9999851 -0.0027436642 0.004735358 0.002734717 0.99999464 0.0019053891 -0.0047405586 -0.0018923953 0.99998695 0.01730986 -0.0011677742 -0.0065705776
1 0 0 0 1 0 0 0 1 -0.4678533 -0.13400555 0.4008565
0.99997777 -0.0025071912 0.006195681 0.0024863163 0.9999912 0.0033967039 -0.0062041357 -0.0033812271 0.9999751 0.00546515 0.0032997131 -0.002129376
1 0 0 0 1 0 0 0 1 0.0085299015 -0.0038588047 -0.023010433
1 0 0 0 1 0 0 0 1 -0.3843627 -0.21493006 0.37105203
0.9999754 -0.0029722839 0.006333664 0.0029455873 0.9999866 0.0042152936 -0.0063461363 -0.0041965386 0.9999711 0.013642907 -0.006620407 0.0014853477
0.999975 -0.0027980765 0.006457899 0.0027843018 0.9999936 0.0021417402 -0.0064638555 -0.0021236986 0.99997663 0.017172992 0.0006504059 -0.008539736
0.99998623 -0.0024147963 0.0047013685 0.002408804 0.9999963 0.0013001598 -0.004704505 -0.0012888126 0.999988 0.017784953 -0.0033946037 -0.008862317
1 0 0 0 1 0 0 0 1 -0.016145706 0.031908035 -0.0013842583
0.99997896 -0.0030122 0.005710127 0.0029941471 0.99999034 0.003174875 -0.005719643 -0.00315772 0.9999786 0.017515704 -0.0038261414 -0.004824519
0.9999923 -0.0024577247 0.0029852092 0.0024516385 0.99999493 0.0020570187 -0.0029902756 -0.0020496743 0.9999934 0.014601372 -0.004409313 -0.0094100535
0.99996334 -0.0005112728 0.008525521 0.0004935339 0.9999975 0.0020727068 -0.008526608 -0.0020684525 0.99996144 0.010344744 0.011262417 -0.011900663
0.9999887 -0.0022194157 0.0042207697 0.002213412 0.9999965 0.0014056489 -0.0042238813 -0.0013962835 0.99999005 0.017164484 -0.0014891624 -0.007915616
0.99998355 0.0021308362 0.005342126 -0.0021287203 0.9999976 -0.0004079789 -0.00534302 0.0003966242 0.99998564 0.012532413 -0.015470982 -0.021208256
0.99543715 -0.07467446 -0.059400886 0.07576692 0.99699146 0.016352877 0.05800116 -0.02077885 0.99810034 -0.02269864 0.027554989 0.6504381
1 0 0 0 1 0 0 0 1 -0.37587976 -0.23752499 0.35734177
0.99996865 -0.0024931398 0.007512301 0.002472836 0.9999932 0.0027210237 -0.0075190663 -0.0027023582 0.999968 0.008346856 -0.000910759 -0.0032954812
0.99998707 -0.0026222237 0.0043647736 0.0026065705 0.9999901 0.0035866613 -0.0043741316 -0.0035752412 0.9999841 0.007943392 -0.006546974 -0.0031445026
0.9999859 -0.0024519924 0.004730249 0.0024432265 0.9999954 0.0018538572 -0.0047347704 -0.0018422678 0.9999871 0.018005567 -0.0027170181 -0.0070445538
1 0 0 0 1 0 0 0 1 0.008967757 0.015331745 -0.008691259
0.99998885 -0.0020987766 0.0042305402 0.0020924825 0.9999966 0.0014967248 -0.004233662 -0.0014878698 0.9999899 0.017256215 -0.0032429695 -0.0079138875
0.9999857 -0.0028341939 0.004530119 0.0028237924 0.9999933 0.002298411 -0.0045366026 -0.0022855755 0.9999871 0.016415402 -0.0043005943 -0.0045918226
0.99997956 -0.0027418206 0.0057654306 0.0027294718 0.99999386 0.0021509118 -0.0057712905 -0.0021351222 0.999981 0.018622592 -0.002969265 -0.007893503
0.99998826 -0.0011636298 0.004686758 0.0011639441 0.9999992 -6.835535E-05 -0.0046866536 7.377565E-05 0.99998903 0.015221834 -0.0016644001 -0.012971818
0.99998415 -0.002449867 0.005054444 0.0024397427 0.9999948 0.0020098528 -0.0050593414 -0.0019974979 0.9999853 0.015973613 -0.005683422 -0.0072310567
1 0 0 0 1 0 0 0 1 0.041757345 -0.0027022362 0.0018087626
1 0 0 0 1 0 0 0 1 0.0031063557 -0.007756233 0.004019141
0.9999822 -0.0019808873 0.0056308024 0.0019719482 0.99999696 0.0015875315 -0.005633923 -0.0015763966 0.99998283 0.014952421 -0.00274086 -0.007707298
0.9999978 0.0005948311 0.002058357 -0.00059606694 0.9999996 0.00055006146 -0.0020580143 -0.000551302 0.9999978 -0.0063245296 -0.017804384 -0.008564711
0.99942446 0.017503709 -0.029053882 -0.017197639 0.9997942 0.010754764 0.029236123 -0.010248691 0.9995198 -0.6365161 -0.277287 0.48418283
0.9999925 -0.0021212436 0.0032926798 0.0021128226 0.99999434 0.0025829524 -0.0032981336 -0.002576001 0.9999913 0.0035835207 -0.0002641678 -0.0054702163
0.99998593 -0.0025623292 0.0046672653 0.002553646 0.9999951 0.0019000769 -0.0046721064 -0.0018881373 0.9999875 0.017456025 -0.002986908 -0.006560087
0.99998695 -0.0025548434 0.004440263 0.002547773 0.9999957 0.0015911125 -0.004444331 -0.0015797652 0.99998873 0.018316537 -0.003165722 -0.007609248
0.9999824 -0.0028218979 0.0052367263 0.0028098295 0.9999934 0.002296873 -0.00524316 -0.0022821212 0.9999836 0.018670993 -0.003490448 -0.007013023
0.9999838 -0.002406179 0.0051497445 0.0023938222 0.99999416 0.0023870692 -0.00515547 -0.0023746975 0.9999838 0.015357442 -0.0030794144 -0.006635666
1 0 0 0 1 0 0 0 1 -0.018625021 0.020165443 -0.015251517
1 0 0 0 1 0 0 0 1 -0.0051857233 -0.010397434 -0.02017808
0.99997884 -0.0029234267 0.005859887 0.0029072762 0.99999243 0.0027677044 -0.005867933 -0.0027505904 0.9999791 0.01917705 -0.00033950806 -0.003149569
0.9999853 -0.002135774 0.005034256 0.0021280095 0.99999696 0.00154824 -0.005037538 -0.0015375242 0.99998605 0.01670968 -0.0074517727 -0.010565758
1 0 0 0 1 0 0 0 1 -0.02261442 -0.041773796 -0.0692994
0.99998826 -0.0027790458 0.003959695 0.0027723657 0.99999464 0.0016961433 -0.0039643794 -0.0016851425 0.9999907 0.017156735 -0.0025892258 -0.0062572956
0.99997616 -0.0022511275 0.006513715 0.0022403267 0.9999961 0.0016585533 -0.006517425 -0.0016439278 0.99997735 -0.004309535 0.00096940994 -0.008538544
0.9999814 -0.0027911598 0.0054100007 0.0027700127 0.9999885 0.0039198687 -0.005420834 -0.0039048176 0.99997747 0.007016182 -0.008527756 -6.443262E-05
0.999982 -0.002285884 0.005520761 0.0022763365 0.9999955 0.001734403 -0.005524665 -0.0017218519 0.9999833 0.016214373 -0.00524354 -0.008055657
0.99998444 -0.0026475133 0.0048958436 0.0026347837 0.999993 0.0026050992 -0.0049027056 -0.0025921632 0.9999845 0.016605884 -0.0036768913 -0.0043075085
1 0 0 0 1 0 0 0 1 0.013483524 -0.01871097 -0.0039503574
0.9999856 -0.002216088 0.004917044 0.0022078925 0.9999964 0.0016724542 -0.00492073 -0.001661554 0.99998647 0.016631573 -0.0016908646 -0.0071166754
0.9999861 -0.0014389111 0.00507389 0.0014312668 0.99999785 0.0015086606 -0.0050760284 -0.0015014037 0.999986 0.0132250935 -0.00026607513 -0.008558929
0.99998474 -0.002139908 0.00505431 0.0021295587 0.9999956 0.0020354642 -0.005058646 -0.0020246757 0.9999851 0.013487816 -0.006513834 -0.005768746
0.99998516 -0.0026022445 0.004728522 0.0025916821 0.99999386 0.0022470541 -0.0047343224 -0.0022347793 0.9999862 0.018165745 -0.0017280579 -0.0054965615
1 0 0 0 1 0 0 0 1 0.025459021 0.0023388863 -0.018602315
0.9999768 -0.003193639 0.0060450137 0.0031687897 0.99998677 0.0041263774 -0.0060580857 -0.0041071232 0.9999732 0.013468586 -0.00712204 -0.00023680925
1 0 0 0 1 0 0 0 1 -0.04995054 -0.03629303 -0.058932632
0.9995163 -0.01395848 -0.027791947 0.015655752 0.99796426 0.061820216 0.026872456 -0.06222543 0.99770015 0.1566844 -0.044078827 0.51742244
0.9999841 -0.0026885145 0.0049673915 0.0026780637 0.99999416 0.0021001156 -0.0049730185 -0.002086781 0.99998534 0.018568862 -0.004055023 -0.0067960024
0.99997723 -0.0032298365 0.005891578 0.0032073306 0.9999875 0.0038186256 -0.005903838 -0.0037996545 0.9999754 0.014548641 -0.005066395 -0.00079864264
0.99998325 -0.003114041 0.0048880796 0.0030993542 0.99999076 0.0029921308 -0.0048973537 -0.0029769316 0.9999836 0.018963665 -0.0027508736 -0.0034422874
0.9999853 -0.0022174777 0.004930416 0.0022095041 0.9999962 0.0016134679 -0.004933981 -0.0016025547 0.99998647 0.017635167 -0.0029597282 -0.008982003
1 0 0 0 1 0 0 0 1 -0.084432125 0.030557632 0.060599327
0.999978 -0.0033389714 0.0056942403 0.0033182832 0.9999877 0.0036294619 -0.0057062805 -0.0036104824 0.99997723 0.015569732 -0.005241394 -0.0018180013
0.9999779 -0.002976128 0.0059638023 0.0029552511 0.99998945 0.0034989528 -0.005974155 -0.0034812428 0.9999761 0.016620323 -0.0040163994 -0.0040011406
0.99998546 -0.0017982903 0.005112946 0.0017903543 0.99999714 0.0015464034 -0.00511571 -0.0015372224 0.9999858 0.013340235 -0.0066776276 -0.007769048
0.9999805 -0.002966954 0.005489004 0.0029511754 0.9999913 0.0028893687 -0.00549753 -0.0028731152 0.9999808 0.016256548 -0.003508091 -0.0046778917
1 0 0 0 1 0 0 0 1 0.010339379 0.0024290085 -0.035683155
0.9999833 -0.0022530786 0.005349599 0.0022468462 0.99999696 0.0012013055 -0.0053522885 -0.0011892803 0.9999851 0.01800093 -0.0032494068 -0.009747565
1 0 0 0 1 0 0 0 1 0.42542005 -0.49174595 0.38684702
0.9999715 -0.0071567185 0.0023471415 0.007152859 0.9999731 0.0015859157 -0.0023583174 -0.0015690178 0.99999607 0.045195818 0.0047626495 -0.011250615
0.99999166 -0.0025381409 0.0031075776 0.002537042 0.9999965 0.0003298223 -0.0031083822 -0.0003219247 0.9999952 0.014145017 -0.02236259 -0.02104503
0.99998355 -0.0027861393 0.005034346 0.002772945 0.99999285 0.0026116353 -0.0050415806 -0.0025976412 0.99998385 0.013868839 -0.010292053 -0.008850336
0.99998885 -0.0023482237 0.004105214 0.0023398034 0.99999535 0.0020463578 -0.004110001 -0.0020367196 0.99998933 0.013272464 -0.0054004192 -0.0051912665
0.999984 -0.0026778711 0.0049885735 0.002669151 0.9999952 0.0017563328 -0.0049932636 -0.0017429921 0.99998593 0.017295064 -0.004096031 -0.0066159368
0.99253976 -0.10009763 -0.069609314 0.09898567 0.9949026 -0.019252628 0.071181536 0.012218684 0.9973885 0.13019991 0.032234192 0.4529997
0.9999697 -0.002408914 0.0074074864 0.002405617 0.9999971 0.0004668543 -0.007408574 -0.00044902042 0.9999725 0.002958119 -0.0028471947 -0.010349125
0.9999758 -0.002909727 0.006307997 0.002900926 0.9999949 0.0013955571 -0.006312005 -0.0013772324 0.9999792 0.016902447 -0.0062611103 -0.01168108
0.9999818 -0.0025928896 0.005458571 0.002583148 0.9999949 0.0018150564 -0.00546325 -0.0018009301 0.99998343 0.020115405 -0.0048265457 -0.011353016
1 0 0 0 1 0 0 0 1 -0.073084354 0.044166565 0.13799787
0.999987 -0.0026545404 0.004310783 0.0026464276 0.99999464 0.0018999428 -0.004315786 -0.001888521 0.9999889 0.02072823 0.0016188622 -0.006882727
0.99998635 -0.0023966157 0.004607901 0.0023888364 0.9999956 0.0016961806 -0.004611954 -0.0016851537 0.99998796 0.01798597 -0.0013775826 -0.008027494
1 0 0 0 1 0 0 0 1 -0.45002055 -0.25204325 0.29607487
1 0 0 0 1 0 0 0 1 -0.015054435 0.016342163 -0.013392925
0.99997383 -0.0030354133 0.006549023 0.0030094588 0.99998766 0.0039760107 -0.006561011 -0.003956197 0.9999706 0.013036537 -0.0068540573 -0.002034247
1 0 0 0 1 0 0 0 1 -0.0069494247 0.011760712 -0.023642957
0.99998426 -0.0025719502 0.00500015 0.0025595082 0.9999938 0.002490737 -0.0050065257 -0.002477902 0.9999843 0.0142195225 -0.005335331 -0.0074664652
0.99998856 -0.0020992141 0.0043875724 0.0020935896 0.9999971 0.0012938194 -0.0043902546 -0.0012846179 0.99998975 0.017065793 -0.0032863617 -0.009884179
0.99998033 -0.0024625012 0.005711369 0.0024520317 0.9999952 0.001837197 -0.005715877 -0.0018231596 0.99998194 0.0010716319 -0.0027451515 -0.0068220794
0.9999789 -0.0026055742 0.005940318 0.0025821012 0.9999889 0.003950715 -0.0059505403 -0.0039353 0.9999746 0.008065581 -0.011669159 -0.004238218
0.99998546 -0.0024939717 0.0047481637 0.0024861335 0.9999954 0.0016612187 -0.004752286 -0.0016493909 0.99998724 0.016881108 -0.003993988 -0.007763028
0.99998534 -0.0026099687 0.0047424845 0.002602249 0.99999523 0.0016362332 -0.0047467463 -0.0016238727 0.99998736 0.017666578 -0.0032434464 -0.00752604
0.9975184 -0.048281014 -0.051240295 0.050654948 0.9976522 0.046086743 0.04889506 -0.048567697 0.9976224 -0.18847775 0.062463284 0.8316705
0.9999864 -0.0021186636 0.0047727274 0.0021114845 0.9999968 0.0015343484 -0.0047759595 -0.0015242435 0.9999874 0.016615361 -0.0053400993 -0.008468747
0.99997723 -0.0032250262 0.0059627295 0.0032013676 0.999987 0.0039590676 -0.005975399 -0.003939888 0.9999744 0.015361309 -0.0065250397 -0.00086808205
0.9999859 -0.0029943234 0.004343109 0.002983783 0.99999267 0.0024407767 -0.0043503875 -0.0024277717 0.9999874 0.02007614 -0.00233078 -0.0036186576
0.9999796 -0.0054340465 0.003411319 0.0054095006 0.9999593 0.007217033 -0.0034504011 -0.0071984325 0.9999681 0.031303763 0.0036058426 0.022628605
0.9999843 -0.0020289982 0.0052326233 0.0020218433 0.9999969 0.001383597 -0.005235412 -0.001372993 0.9999853 0.015368804 -0.0044116974 -0.008708358
0.99998254 -0.0026829627 0.005238369 0.0026698653 0.99999315 0.0025029604 -0.0052450504 -0.002488939 0.99998295 0.016815946 -0.0034837723 -0.004799247
0.99998134 -0.0028032209 0.005431682 0.0027828463 0.999989 0.0037608407 -0.0054421425 -0.0037456565 0.99997824 0.0050451756 -0.00918293 0.00016966462
0.9999847 -0.0027031756 0.004846111 0.002691253 0.9999932 0.002484505 -0.0048527643 -0.0024714218 0.9999851 0.013234794 -0.0033626556 -0.0058583617
1 0 0 0 1 0 0 0 1 -0.070719 0.0014605522 0.0008970499
0.9999436 -0.0006415891 0.010608837 0.0006383449 0.9999997 0.00031106803 -0.010609046 -0.00030428177 0.99994373 -0.012226462 -0.04534991 -0.016520262
0.99999833 -0.0015216619 0.00010046363 0.0015214011 0.99999195 0.0035734642 -0.00010611117 -0.0035731774 0.99999356 0.02080214 -0.0075101852 0.004729688
0.99991655 -0.0044593215 0.012111593 0.0044162273 0.99998397 0.003570158 -0.012127295 -0.0035164207 0.9999202 0.015187323 -0.0088710785 0.0056467233
0.9999855 -0.0027462116 0.004654054 0.0027369775 0.9999944 0.0020127185 -0.004659551 -0.001999937 0.9999872 0.018375352 -0.0033049583 -0.0058138967
1 0 0 0 1 0 0 0 1 0.023267627 0.026415348 -0.026975036
0.9999864 -0.0027488156 0.004382953 0.0027391545 0.99999374 0.0022184905 -0.0043889806 -0.0022064652 0.99998796 0.018326119 -0.0028595924 -0.00659132
0.9999865 -0.0026516104 0.0044564065 0.0026425456 0.99999446 0.002027845 -0.0044617597 -0.0020160433 0.999988 0.015332919 -0.0029478073 -0.0060812235
0.9999855 -0.0030244996 0.0044443496 0.0030082879 0.9999887 0.0036529936 -0.0044553354 -0.0036395825 0.99998355 0.008815557 0.0032491684 0.0010665059
0.99997884 -0.00249865 0.006012585 0.002486771 0.9999952 0.0019692294 -0.0060174726 -0.0019542277 0.99998003 0.008312702 0.004887581 -0.0067641735
1 0 0 0 1 0 0 0 1 0.03177488 -0.007565975 0.0057887435
0.9999829 -0.0026743233 0.005237423 0.002658087 0.99999183 0.0030914282 -0.0052456334 -0.0030774553 0.9999815 0.008887708 -0.0072979927 -0.0037878454
1 0 0 0 1 0 0 0 1 -0.004395157 -0.004473686 -0.017949104
1 0 0 0 1 0 0 0 1 -0.417202 -0.13174725 0.3564844
0.99612796 -0.07594253 -0.04429297 0.07486058 0.9968652 -0.02559707 0.046098053 0.022182088 0.9986904 0.008232832 -0.04854679 0.32077074
1 0 0 0 1 0 0 0 1 -0.49696565 -0.20600462 0.38118207
0.9999942 0.0012412462 -0.0032587722 -0.0012339363 0.99999696 0.0022542812 0.003261529 -0.002250228 0.99999225 0.019864023 -0.03638363 -0.011374712
0.99998015 -0.003350553 0.0052587353 0.0033362834 0.9999905 0.0027082209 -0.005267743 -0.0026906282 0.9999825 0.019414738 -0.0049386024 -0.0025584698
0.99998784 -0.0019733035 0.0044657215 0.0019671076 0.99999696 0.0013829544 -0.0044684038 -0.001374159 0.99998903 0.016822875 -0.0011558533 -0.007418275
1 0 0 0 1 0 0 0 1 0.0054364204 0.006699562 -0.012943417
0.9999739 -0.00090391 0.0071694255 0.00088809244 0.9999971 0.0022184104 -0.0071713775 -0.0022119582 0.9999719 -0.012268662 -0.016468048 -0.01958661
0.9999745 -0.0033192523 0.006288588 0.0032931417 0.99998605 0.0041462723 -0.0063022673 -0.0041254014 0.99997145 0.010590471 -0.0027675629 0.007545799
0.9999889 -0.0019943055 0.00423868 0.001988609 0.99999684 0.0013263151 -0.004241299 -0.0013178736 0.9999901 0.015747381 -0.0017495155 -0.009153068
0.99997985 -0.0017021308 0.0061332434 0.0016902937 0.99999684 0.0019287225 -0.006136503 -0.0019183196 0.9999795 0.011367202 -0.0026042461 -0.008191079
-0.5918333 -0.00065517426 0.80605996 -0.20184892 0.9682589 -0.14741647 -0.7803782 -0.24994831 -0.5731801 -3.8923402 -0.44322538 -0.9819144
0.21295796 -0.41709054 -0.88356346 -0.42410225 0.7752167 -0.4681628 0.8802194 0.47442025 -0.011800413 -0.25866568 -0.18176675 1.880149
0.99997437 -0.0020927447 0.006854467 0.002084347 0.9999971 0.0012303069 -0.006857015 -0.0012160093 0.9999759 0.018562615 -0.0007660389 -0.00926137
0.99998343 -0.0021604886 0.00534755 0.002149557 0.9999955 0.0020840112 -0.0053520277 -0.0020724777 0.99998355 0.014446467 -0.0025384426 -0.006147176
1 0 0 0 1 0 0 0 1 0.00014960766 0.02409792 -0.03019607
1 0 0 0 1 0 0 0 1 -0.04016137 0.03426075 -0.029200822
0.9999783 -0.00330137 0.0057360604 0.0032840185 0.99999017 0.0030450001 -0.0057460815 -0.003026111 0.999979 0.01771701 -0.0010180473 -0.0017647743
1 0 0 0 1 0 0 0 1 0.027079701 -0.018613484 -0.016319469
0.99997514 -0.0037400734 0.0059562437 0.0037353495 0.9999926 0.0007944226 -0.005959172 -0.0007721521 0.9999819 0.023190498 0.008457661 -0.018791258
0.9999982 -0.0004221853 -0.001985453 0.00042074872 0.99999976 -0.00077853724 0.0019857883 0.0007777028 0.99999785 0.008665709 -0.021838665 0.004394591
0.99998546 -0.0020448894 0.0049782246 0.0020369955 0.99999654 0.0015843287 -0.004981458 -0.001574263 0.99998647 0.015113831 -0.0016169548 -0.0070124567
0.99998057 -0.0022419274 0.0057629272 0.0022405768 0.99999744 0.0002272483 -0.0057634413 -0.00021433271 0.99998325 0.009867549 -0.0010638237 -0.0094611645
0.9999888 -0.00249578 0.0040512932 0.0024860052 0.99999404 0.002423434 -0.004057317 -0.0024133357 0.99998885 0.014499426 -0.0060153008 -0.006244123
0.9999813 -0.0025556763 0.0054938644 0.002538999 0.99999213 0.0030421205 -0.0055015683 -0.003028106 0.9999801 0.005740501 0.0016441345 -0.0027992725
0.9999806 -0.0026349318 0.00565248 0.0026183336 0.99999225 0.0029407404 -0.005660191 -0.0029259138 0.9999796 0.015110567 -0.0005764961 -0.004173577
1 0 0 0 1 0 0 0 1 -0.007951379 0.005522728 0.0026972294
1 0 0 0 1 0 0 0 1 0.027317882 -0.011909395 -0.026099026
1 0 0 0 1 0 0 0 1 0.008495092 -0.010935307 0.002063036
0.9999835 -0.002850418 0.00496991 0.002837894 0.99999267 0.0025183335 -0.004977092 -0.0025042072 0.99998444 0.017394481 -0.0011630058 -0.0043079257
0.99998313 -0.003258254 0.0048088804 0.0032395334 0.9999872 0.0038793837 -0.0048214532 -0.0038637398 0.999981 0.015001755 -0.0058703423 0.00047326088
0.9999855 -0.002139464 0.004935911 0.0021313075 0.99999636 0.0016548373 -0.004939433 -0.0016442873 0.9999863 0.016841281 -0.0039038658 -0.008328617
1 0 0 0 1 0 0 0 1 0.007850051 0.0073976517 -0.012875885
0.99998534 -0.002229918 0.004927136 0.002222389 0.9999964 0.001551535 -0.0049305856 -0.001540564 0.99998665 0.017552406 -0.0036883354 -0.008751869
0.99990046 -0.006246768 -0.012646928 0.0063237753 0.99996156 0.0060497858 0.012608603 -0.006129205 0.9999017 0.045624852 7.534027E-05 0.030403435
0.98897994 -0.1168538 -0.09090386 0.12132012 0.9915814 0.045246035 0.08485145 -0.05577594 0.9948313 0.15727687 0.29563618 0.97386575
0.9999846 -0.003190023 0.0045437114 0.0031774233 0.999991 0.002785448 -0.0045525497 -0.0027709678 0.9999858 0.01575479 -0.003191471 -0.0030134916
1 0 0 0 1 0 0 0 1 0.009482205 -0.008196354 -0.0018412471
0.9999758 -0.0029407102 0.006299302 0.00291502 0.9999874 0.0040876856 -0.0063112304 -0.004069223 0.99997175 0.01253029 -0.0070638657 -0.00031977892
0.99997944 -0.0026532547 0.005838409 0.0026308694 0.9999892 0.003838528 -0.005848497 -0.0038231239 0.9999754 0.009289138 -0.011413574 -0.004814625
0.9999595 0.0004027821 0.009006754 -0.00038671866 0.9999984 -0.0017806739 -0.009007409 0.001777038 0.9999578 0.008146524 0.003394127 -0.013341047
0.99444914 -0.084673256 -0.062459264 0.08301976 0.996137 -0.028616697 0.06464107 0.023272483 0.9976373 0.032794 -0.03434515 0.35893905
0.9999772 -0.0021726985 0.0063892547 0.0021541086 0.9999932 0.002920691 -0.0063955565 -0.0029068664 0.9999753 -0.003420651 0.001285553 -0.0029290318
0.99997604 -0.002534343 0.0063988715 0.0025139388 0.9999915 0.0031895144 -0.006406933 -0.0031733308 0.9999743 0.013578758 -0.005281925 -0.0058665276
0.9999536 -0.001127826 0.009571806 0.001084262 0.9999891 0.004534902 -0.009576842 -0.004524309 0.999944 -0.00912118 -0.004380703 0.008275628
0.99998134 -0.0027779927 0.005389273 0.0027586757 0.9999896 0.0035805888 -0.0053991675 -0.0035656542 0.9999788 0.012791604 -0.010311127 -0.0044909716
0.99996835 -0.0018694019 0.0077489763 0.001859162 0.99999756 0.0013202596 -0.0077513605 -0.0013058428 0.9999691 0.014790356 -0.0025904179 -0.009235278
0.99998295 -0.0031276087 0.0049456395 0.003110694 0.99998933 0.003430616 -0.0049563157 -0.003415173 0.9999819 0.014104471 -0.009380341 -0.0029281676
0.9999753 -0.004953416 0.004936576 0.0049227383 0.99996835 0.006219927 -0.004967168 -0.0061955266 0.9999685 0.017209291 -0.007613182 0.022644028
0.9999914 -0.0024941282 0.0032995949 0.0024871968 0.9999946 0.0021051848 -0.003304828 -0.002096963 0.9999924 0.015170876 -0.006011963 -0.005883932
0.99999416 -0.0013239561 0.0032025427 0.001322113 0.9999991 0.0005744137 -0.0032032877 -0.00057013705 0.99999475 0.01699939 0.00020456314 -0.009084582
0.9999708 -0.0035150037 0.0067439377 0.00349389 0.99998903 0.0031373538 -0.0067549497 -0.0031136973 0.99997234 0.013648361 -0.0057325363 -0.002759695
0.9999875 -0.0024959526 0.0042683017 0.0024889004 0.99999577 0.0016167387 -0.004272326 -0.0016060546 0.9999895 0.01758188 4.863739E-05 -0.0073493123
0.9999914 -0.0032848828 0.002591014 0.003281978 0.99999386 0.001139611 -0.0025947988 -0.0011311118 0.9999961 0.016742885 -0.023657799 -0.016553372
1 0 0 0 1 0 0 0 1 -0.004193306 -0.059586525 -0.10460341
0.9999876 -0.002256116 0.004414946 0.002250715 0.99999654 0.0012406744 -0.0044177286 -0.0012307428 0.99998945 0.017385803 -0.0022826195 -0.00837481
0.9999872 -0.0023081256 0.004518524 0.0023033014 0.9999969 0.0010659182 -0.004520938 -0.0010554912 0.9999894 0.016320698 -0.00477314 -0.009311616
0.99997365 -0.0036006214 0.0062799295 0.0035818787 0.99998903 0.0029916018 -0.0062906295 -0.0029690284 0.9999758 0.015163004 -0.0044784546 -0.005189985
0.9999867 -0.0016190324 0.0049006287 0.0016117881 0.9999978 0.0014581904 -0.0049029645 -0.0014502928 0.9999868 0.010520697 -0.014101207 -0.011077762
1 0 0 0 1 0 0 0 1 0.0019323826 -0.0059514046 -0.010056198
1 0 0 0 1 0 0 0 1 -0.0085532665 -0.020289898 -0.0137299895
0.9999837 -0.002638665 0.0050047785 0.0026287255 0.99999446 0.0019594692 -0.0050099194 -0.0019462816 0.99998546 0.018505394 -0.00044870377 -0.0075806975
1 0 0 0 1 0 0 0 1 -0.0730772 0.0058455467 0.027326703
0.9999977 -0.00202173 0.0010659248 0.0020237248 0.99999654 -0.0017822757 -0.0010622144 0.0017843992 0.999998 -0.0053515434 -0.07275009 -0.00022828579
1 0 0 0 1 0 0 0 1 -0.0103517175 -0.057082176 -0.04531324
1 0 0 0 1 0 0 0 1 -0.01444459 0.01600647 0.01354152
0.99998873 -0.0020826487 0.004212809 0.0020768694 0.9999968 0.0013961084 -0.0042156987 -0.0013873652 0.99999017 0.016315892 -0.0019378662 -0.008492827
0.99998355 -0.00341695 0.004674933 0.0034002643 0.9999878 0.0035896488 -0.004687143 -0.0035736822 0.9999828 0.018382652 -0.009311676 -0.0041285455
0.99998164 -0.0022712238 0.0056427903 0.0022607748 0.9999959 0.0018803887 -0.0056470335 -0.001867583 0.99998236 0.01671147 -0.004067421 -0.008236051
0.9999825 -0.003272081 0.0049497075 0.0032594907 0.9999914 0.0025839908 -0.0049581267 -0.0025678128 0.99998444 0.018834323 -0.0043959618 -0.0052638054
0.34899136 0.44689593 -0.82370436 0.530713 -0.81868416 -0.21931693 -0.77236557 -0.36061096 -0.52288723 -8.121875 13.188372 -4.4744334
0.9999843 -0.0027809162 0.0048310086 0.00276973 0.9999933 0.0023204386 -0.004837461 -0.0023070574 0.99998564 0.020332992 0.002325058 -0.009831965
0.99998736 -0.0022679465 0.0044640284 0.0022615208 0.9999964 0.0014390443 -0.004467273 -0.0014289208 0.9999888 0.016749173 -0.0037441254 -0.008209467
0.99998957 -0.0021105907 0.004045289 0.0021062295 0.9999972 0.0010782033 -0.0040475503 -0.0010696668 0.9999913 0.015960958 -0.002418518 -0.009640813
0.99996793 -0.0045945644 0.006539553 0.0045760525 0.9999855 0.002830036 -0.0065524676 -0.0028000176 0.9999745 0.02699858 0.013484001 -0.0026707053
0.9999878 -0.0023674266 0.0043412894 0.0023582347 0.999995 0.0021207742 -0.004346296 -0.002110554 0.9999883 0.017479867 -0.0044021606 -0.0061335564
0.9999689 -0.003001788 0.007296145 0.0029793582 0.9999909 0.0030821934 -0.0073053166 -0.0030603614 0.99996847 0.012994379 0.0009455681 -0.007590294
0.9999695 -0.002246926 0.007514298 0.002232088 0.9999959 0.0019789059 -0.007518716 -0.0019620936 0.9999699 0.015973477 -0.008739471 -0.011499763
0.993441 -0.09094277 -0.06931463 0.09001073 0.9958049 -0.016459666 0.070520684 0.010112353 0.997459 0.06800079 0.012073517 0.46443462
0.99390936 -0.012557422 0.10948126 0.0091931 0.9994714 0.031180434 -0.10981498 -0.02998412 0.9934997 -0.039325 -0.09769106 0.2661873
0.9999598 0.0014045481 0.008869231 -0.0014461651 0.9999881 0.0046748146 -0.00886257 -0.0046874657 0.99994975 -0.045639515 0.002322197 0.011462092
0.9999844 -0.0021165833 0.005182475 0.0021090247 0.99999684 0.0014927564 -0.0051856413 -0.0014818059 0.99998534 0.018067285 -0.006474972 -0.009658933
0.99998856 -0.002184723 0.0042645223 0.0021796897 0.999997 0.0011927299 -0.0042671226 -0.0011834092 0.99999017 0.017623127 -0.0031852722 -0.0087944865
0.99998784 -0.0022653462 0.0043521672 0.002261144 0.99999696 0.0009619072 -0.0043543205 -0.0009520501 0.99999005 0.018377066 -0.00024747849 -0.008308709
0.99998766 -0.0023816316 0.0043299403 0.0023740944 0.99999565 0.0017134845 -0.0043340083 -0.0017031804 0.99998915 0.01747346 -0.0026869774 -0.00727427
0.99997807 -0.002028551 0.0063272305 0.002019528 0.99999714 0.0014322251 -0.0063301167 -0.001419412 0.99997896 0.015809935 -0.0030713081 -0.009547055
0.9999906 -0.0013772775 0.0040833727 0.0013756556 0.9999991 0.00038664043 -0.0040838867 -0.00038103014 0.9999916 0.01690498 0.0013456345 -0.010099947
1 0 0 0 1 0 0 0 1 -0.07910347 -0.012516975 0.00755392
0.9999927 -0.0016980767 0.0033958256 0.0016295835 0.99979746 0.020047963 -0.0034291446 -0.020042315 0.9997933 -0.0066074133 -0.012599945 0.20330974
0.99997866 -0.0029383623 0.005814433 0.0029240912 0.99999255 0.002476696 -0.0058216974 -0.002459634 0.9999801 0.013911366 -0.008057117 -0.006888032
1 0 0 0 1 0 0 0 1 0.024086684 -0.0071787834 -0.010006785
1 0 0 0 1 0 0 0 1 -0.012136221 -0.015192509 -0.0004966855
0.99447966 -0.08460209 -0.06207341 0.08463253 0.99641013 -0.0021434166 0.06203194 -0.0031216666 0.99806935 0.042461634 0.022170067 0.5404885
0.9999828 -0.003365954 0.0048173927 0.0033518244 0.9999901 0.0029247627 -0.0048271883 -0.0029085688 0.99998415 0.017914236 -0.0010538101 -0.0022439957
0.9999795 -0.003500134 0.0053725466 0.0034836011 0.99998915 0.0030905511 -0.0053833127 -0.003071772 0.99998075 0.01628565 -0.005645752 -0.0033699274
0.99996483 -0.0005350411 0.0083783865 0.00051746145 0.99999774 0.0020950064 -0.008379519 -0.0020905659 0.9999628 0.019259721 0.0193367 0.004076481
0.9999748 -0.0027235048 0.0065535754 0.0026983805 0.999989 0.0038296767 -0.0065639317 -0.003811907 0.99997103 0.011731166 -0.0100336075 -0.0062173307
-0.05818113 -0.62613255 0.77754295 -0.99031246 0.13456474 0.0342591 -0.12608057 -0.7680172 -0.62789595 0.2577029 1.6841758 3.7064638
0.99999666 -0.0007581754 0.002448924 0.0007557896 0.9999993 0.0010159845 -0.0024496876 -0.001014132 0.9999964 0.00437811 -0.004898548 -0.0132184625
0.99998474 -0.0025638714 0.0048981756 0.0025529875 0.99999434 0.0022116685 -0.004903801 -0.0021991367 0.9999856 0.0070881546 -0.0021591187 -0.0035623312
0.9999945 -0.00027605053 0.00340157 0.0002667409 0.9999964 0.002717847 -0.0034023002 -0.0027169278 0.99999064 -0.00085127354 -0.0047490597 -0.0034502149
0.9999841 -0.002656351 0.004980348 0.002646879 0.9999944 0.0019197888 -0.0049854293 -0.0019065808 0.99998575 0.017193846 -0.004602909 -0.00723809
0.999986 -0.0022310298 0.0047703795 0.0022235184 0.9999961 0.0016012602 -0.0047739446 -0.0015906282 0.9999873 0.01595205 -0.0027377605 -0.0075744987
-0.07733905 -0.84303844 -0.532264 0.94820976 0.10277487 -0.3005593 0.30808634 -0.52794284 0.7914287 0.1738956 8.525045 4.4743967
0.9999889 -0.0019828356 0.0043378547 0.0019734094 0.99999577 0.0021744352 -0.004342139 -0.0021658465 0.9999883 0.010013491 -0.0027532578 -0.0068396926
0.99998903 -0.0027285665 0.0038243197 0.0027158982 0.9999909 0.003288623 -0.0038332492 -0.0032781921 0.99998736 0.010075778 -0.00942564 -0.0051861107
0.9999835 -0.0032382198 0.0046930835 0.003225217 0.9999909 0.0027725138 -0.0047020167 -0.0027573332 0.999985 0.019505203 -0.001593113 -0.004378736
0.99998647 -0.002838716 0.0043381974 0.0028211288 0.9999878 0.0040799426 -0.0043497235 -0.0040676356 0.99998224 0.019615963 -0.0051112175 0.0064529777
0.9999848 -0.0026757652 0.004775353 0.002664454 0.9999935 0.0023554936 -0.004781604 -0.0023427382 0.9999858 0.018250078 7.867813E-05 -0.006251037
0.99998736 -0.0024855393 0.004374739 0.002478444 0.9999956 0.0016325451 -0.0043787695 -0.0016216934 0.99998903 0.017979413 -0.0025057793 -0.0074203014
1 0 0 0 1 0 0 0 1 0.024185926 0.0022478104 0.009303927
0.9999842 -0.0019816672 0.005243011 0.0019720918 0.9999962 0.0018399255 -0.0052466504 -0.0018295641 0.99998474 0.013593435 -0.0043957233 -0.007533014
0.9999844 -0.0025319722 0.005001109 0.0025228062 0.9999953 0.0018454827 -0.0050057694 -0.0018328242 0.9999857 0.01762104 -0.003478527 -0.0074270964
0.006042296 -0.07300901 -0.9973131 0.065953255 0.9951888 -0.07245393 0.9978043 -0.06533821 0.010828363 3.8194168 -0.08615875 -0.2701292
0.99998105 -0.0017322008 0.0058816373 0.0017124217 0.9999929 0.003351631 -0.0058873 -0.0033414816 0.999977 -0.006019354 -0.0063648224 0.0038217604
0.9999824 -0.003110998 0.005085107 0.0030917504 0.9999882 0.0038143757 -0.005096916 -0.003798588 0.99997985 0.01349109 -0.007713318 -0.0017105341
0.9999867 -0.0012979257 0.0050084246 0.001284502 0.9999957 0.0026791506 -0.005011878 -0.0026726685 0.9999838 0.005808886 -0.005644083 -0.0041853786
0.9999301 -0.01131323 0.0033984184 0.011286229 0.99990547 0.007861912 -0.003486991 -0.00782305 0.99996334 0.074599326 -0.0060014725 0.03762094
0.9999818 -0.0017809181 0.0057445318 0.0017703148 0.99999654 0.0018493272 -0.00574781 -0.0018391572 0.99998176 0.012204468 -0.002358675 -0.0075136423
0.9999867 -0.0020462598 0.0047610635 0.0020419683 0.99999756 0.00094364956 -0.004762979 -0.00093391165 0.99998826 0.016980618 -0.0033245087 -0.008996129
1 0 0 0 1 0 0 0 1 -0.0031936169 0.00121212 0.00835067
0.9979577 -0.053285614 -0.035224266 0.05313441 0.9985738 -0.005214572 0.035451867 0.0033323765 0.9993656 -0.10231233 -0.06568813 0.4462757
0.99998295 -0.0023256275 0.005350098 0.0023057493 0.9999902 0.0037185885 -0.005358726 -0.0037061907 0.9999789 0.0030463338 -0.0056266785 0.00059103966
1 0 0 0 1 0 0 0 1 -0.0025410652 0.029177189 -0.022840858
0.9953436 -0.0760784 -0.059190124 0.07553518 0.9970784 -0.01136554 0.05988188 0.006841615 0.998182 -0.008698702 -0.01991129 0.46410084
0.9999845 -0.0024020863 0.0049390625 0.002392923 0.99999523 0.0018296093 -0.0049434453 -0.0018177629 0.999986 0.017823726 -0.0029501915 -0.0078086853
1 0 0 0 1 0 0 0 1 -0.14839089 -0.05478859 -0.10984796
0.986622 -0.14464523 -0.07519837 0.14073513 0.98852104 -0.05495462 0.08228408 0.04363633 0.99565315 0.4062462 0.12849474 0.27261472
1 0 0 0 1 0 0 0 1 -0.42520142 -0.21628475 0.31165147
0.99998635 -0.0022655833 0.0047714785 0.0022584947 0.9999967 0.0014723893 -0.0047748126 -0.0014615804 0.9999875 0.017404273 -0.004555702 -0.0087093115
0.9999885 -0.0023218691 0.004250996 0.002312366 0.999995 0.0022405982 -0.0042561516 -0.0022307336 0.9999885 0.015067053 -0.0005502701 -0.0053611994
1 0 0 0 1 0 0 0 1 -0.0024127066 -0.0051836967 -0.013775945
0.9999821 -0.0028823742 0.00525593 0.0028615065 0.999988 0.0039717667 -0.005267307 -0.003956657 0.9999783 0.011783309 -0.011158943 -0.0035656393
0.9999821 -0.002775041 0.005308427 0.002763314 0.9999936 0.002215831 -0.005314529 -0.002201126 0.9999835 0.018707544 -0.005352497 -0.0076061487
1 0 0 0 1 0 0 0 1 0.013800979 0.019281387 0.0012305975
0.99999183 -0.0019872189 0.0034939647 0.0019720048 0.99998844 0.0043766573 -0.003502518 -0.0043697134 0.9999843 -0.00813669 -0.013749123 0.0051949844
0.9950751 -0.0742293 -0.065699175 0.07319197 0.9971545 -0.018060893 0.06685271 0.013163567 0.99767613 -0.042256832 -0.03929901 0.43104434
0.9999782 -0.002680827 0.006029036 0.0026551143 0.9999875 0.004257366 -0.006040371 -0.004241267 0.99997276 0.010151595 -0.007849693 -0.0005668402
0.9999717 -0.0021512853 0.007205762 0.0021288279 0.9999927 0.003140282 -0.0072124675 -0.0031248406 0.9999692 0.009081259 -0.025300026 -0.013679951
0.99909073 0.04080528 -0.012358636 -0.04063186 0.9990765 0.013976455 0.012917519 -0.01346159 0.99982584 -0.73893 -0.33472013 0.4548583
0.99997026 -0.004097969 0.0065337494 0.0040794513 0.9999874 0.0028513782 -0.006545335 -0.0028246408 0.9999746 0.018152513 -0.002547264 -0.0014276803
0.9999886 -0.0022010515 0.004252825 0.0021945983 0.99999654 0.0015486069 -0.004256215 -0.001539249 0.99998975 0.016997978 -0.0026803017 -0.007362604
0.9999687 -0.003020376 0.00730915 0.003009989 0.99999446 0.0014480357 -0.0073134936 -0.0014259852 0.99997234 0.01850953 -0.0032453537 -0.010893583
1 0 0 0 1 0 0 0 1 0.024977088 0.008106768 -0.028938591
1 0 0 0 1 0 0 0 1 0.018674612 0.011178017 -0.035409987
1 0 0 0 1 0 0 0 1 0.017323494 0.034204483 0.23149025
0.99998736 -0.0021402035 0.0045499615 0.002132848 0.9999963 0.0016126409 -0.0045534 -0.0016029216 0.9999884 0.015308052 -0.0018210411 -0.0063943267
0.99998355 -0.0027721785 0.004957393 0.0027647186 0.9999949 0.001501631 -0.0049615204 -0.0014879443 0.9999866 0.019928336 -0.00031757355 -0.007973254
0.9999867 -0.0023529932 0.0045695156 0.0023281665 0.99998266 0.0054315683 -0.0045821816 -0.0054208394 0.9999748 -0.0023115277 -0.0095796585 0.014382124
0.9999957 -0.00095083524 0.0027438812 0.0009449357 0.99999726 0.0021677779 -0.0027459376 -0.0021651762 0.9999939 0.007992148 -0.0010032654 -0.0014466047
0.99988574 -0.004072164 0.014572501 0.0039915834 0.9999766 0.005564969 -0.014594972 -0.005506117 0.9998786 -0.0051562935 0.007762909 0.026813626
0.9999857 -0.0030492465 0.0044142082 0.0030366424 0.99999124 0.0028557014 -0.004422888 -0.0028422615 0.99998623 0.016420648 -0.009196281 -0.004324496
0.99998766 -0.0015654387 0.00466568 0.0015613907 0.99999833 0.00087020174 -0.0046670213 -0.00086292624 0.9999888 0.017302528 -0.0005016327 -0.009429634
1 0 0 0 1 0 0 0 1 0.030650258 -0.013178229 0.00076311827
0.99998647 -0.002716842 0.0044171587 0.002708044 0.9999943 0.001986459 -0.0044225454 -0.001974456 0.99998814 0.018406495 0.0058226585 -0.005781591
0.98577225 -0.14095128 -0.09157396 0.14050938 0.990015 -0.0112874955 0.09225057 -0.001740098 0.99573445 0.35336852 0.17248154 0.57935405
1 0 0 0 1 0 0 0 1 -0.01644671 -0.025331497 -0.04563135
1 0 0 0 1 0 0 0 1 -0.022797406 -0.021365166 -0.05020076
0.99998665 -0.0028285354 0.0043194145 0.0028193197 0.9999938 0.0021615066 -0.0043254867 -0.0021493025 0.99998844 0.018424302 8.2969666E-05 -0.0046283007
0.9999864 -0.0029378165 0.004280906 0.0029209857 0.99998796 0.0039252806 -0.004292395 -0.0039127357 0.99998325 0.014378697 -0.0044207573 0.00048452616
1 0 0 0 1 0 0 0 1 -0.07125187 0.07404709 0.11798006
0.9999882 -0.0024494613 0.0042035803 0.0024414281 0.9999951 0.0018777326 -0.0042081624 -0.0018674489 0.9999894 0.017457 -0.0027451515 -0.007890105
0.9999832 -0.0026872798 0.0051914533 0.0026744895 0.9999935 0.0024618432 -0.0051980354 -0.0024479032 0.9999835 0.017361615 -0.00080013275 -0.005357921
1 0 0 0 1 0 0 0 1 0.6783228 -0.6263113 0.39935946
0.99998564 -0.002440144 0.0047530653 0.0024343948 0.99999624 0.0012131259 -0.004756009 -0.0012015328 0.9999879 0.017538622 0.0008234978 -0.0076406
0.9999886 -0.0023117245 0.0041526593 0.0023045465 0.9999957 0.0017385408 -0.004156653 -0.001728978 0.9999899 0.017386064 -0.003510952 -0.006909013
1 0 0 0 1 0 0 0 1 -0.04555881 -0.013442993 -0.06669906
1 0 0 0 1 0 0 0 1 -0.36767077 -0.16635704 0.37520432
0.99998915 -0.0012699075 0.004497353 0.0012638329 0.9999985 0.0013682581 -0.004499115 -0.0013626032 0.9999888 0.006750345 -0.015849829 -0.0092455745
0.99999624 -0.0023456858 0.0015414581 0.0023388923 0.99998796 0.004377287 -0.0015517063 -0.004373677 0.9999893 0.008512735 -0.025057793 -0.009695083
0.9999853 -0.0020438384 0.005039204 0.002037568 0.99999744 0.0012300406 -0.005041722 -0.001219606 0.9999865 0.01564189 -0.002767086 -0.00970906
0.99198556 -0.09046337 -0.08820979 0.08738729 0.9954442 -0.038138576 0.09125809 0.030124426 0.99537146 0.04070878 -0.006623268 0.395723
0.99998593 -0.0017041536 0.0049905553 0.0017014123 0.9999982 0.00056081265 -0.0049915165 -0.00055232644 0.99998724 0.015869856 0.0011668205 -0.011874318
0.9999875 -0.0022596947 0.004414588 0.0022533752 0.9999965 0.001417378 -0.0044177547 -0.0014074054 0.9999892 0.017798603 -0.00399065 -0.009152174
1 0 0 0 1 0 0 0 1 0.014293194 -0.031962395 -0.0065308213
1 0 0 0 1 0 0 0 1 0.0013256073 -0.002096653 0.004499316
0.9999986 -0.0011844169 0.000916291 0.0011834389 0.9999985 0.001106225 -0.00091759674 -0.0011051558 0.99999905 0.013772368 -0.0056931973 -0.001467526
0.99998695 -0.0017298887 0.004820764 0.0017264856 0.99999815 0.0007082075 -0.0048219785 -0.0006998684 0.9999881 0.015249971 -0.0079751015 -0.010704458
0.99998486 -0.0021946381 0.004998287 0.0021860644 0.99999607 0.001712257 -0.0050020367 -0.0017013121 0.999986 0.016418636 -0.0057029724 -0.008377671
0.99998134 0.00058721006 0.0060712993 -0.00057962537 0.9999989 -0.0012542605 -0.0060720444 0.0012507588 0.99998087 0.019126058 -0.018172145 -0.015616059
0.99997324 -0.002313477 0.0069093183 0.0023056646 0.9999966 0.0011303574 -0.0069119036 -0.0011143759 0.9999754 0.019059598 0.0013003349 -0.008673906
0.9999873 -0.0024928825 0.00434918 0.0024869638 0.999996 0.0013718754 -0.0043525835 -0.0013610423 0.9999895 0.017233372 0.0015854836 -0.007923365
1 0 0 0 1 0 0 0 1 0.015500307 -0.023447037 0.030968755
0.9999875 -0.002127172 0.004489936 0.002120092 0.99999636 0.0015995633 -0.0044932663 -0.0015900414 0.99998873 0.015586399 -0.0027980804 -0.009735644
0.999982 -0.0031013722 0.005175598 0.00308936 0.99999267 0.0023711082 -0.0051829293 -0.0023550838 0.99998385 0.019881219 -0.0076909065 -0.00845024
1 0 0 0 1 0 0 0 1 0.024478853 -0.004606247 -0.009666085
0.999981 -0.002620413 0.0055502784 0.0026072608 0.9999936 0.002359338 -0.0055564274 -0.0023448393 0.9999818 0.016889706 -0.0018692017 -0.0053753257
0.9999858 -0.0026607346 0.0046317577 0.002662972 0.99999636 -0.00049764384 -0.0046305954 0.00051001273 0.99998915 0.024861097 0.004390478 -0.018039107
1 0 0 0 1 0 0 0 1 -0.051836014 0.030620694 -0.007726252
0.99998987 -0.002363147 0.0038264482 0.002356245 0.99999565 0.0018032677 -0.00383069 -0.0017942414 0.99999106 0.016843677 -0.0006546974 -0.0060822368
0.9999864 -0.0026525445 0.004482545 0.0026435927 0.99999446 0.002009003 -0.00448785 -0.001997124 0.99998784 0.0120275915 -0.005320072 -0.0069358647
0.9990707 0.028530816 0.032305267 -0.027909439 0.9994197 -0.019526444 -0.03284354 0.018606782 0.99928725 0.13327312 0.055065632 0.15987536
