0.9999938 -4.4644265E-05 -0.0034434274 5.1145915E-05 0.99999803 0.0018676358 0.0034433454 -0.0018678107 0.99999213 0.014265895 -0.0022850037 0.011235118
0.99999696 -0.000629265 -0.0024527758 0.0006317203 0.99999934 0.0009969138 0.0024521388 -0.0009984616 0.99999654 0.015429288 -0.0011644363 0.012383997
0.99986464 0.0084193945 0.014137417 -0.008256614 0.9998995 -0.011529714 -0.014233023 0.011411697 0.9998336 -0.07152927 0.012099266 -0.11234903
1 0 0 0 1 0 0 0 1 0.011631489 -0.014169693 -0.002562359
1 0 0 0 1 0 0 0 1 -0.019762278 0.027948856 0.03675115
0.9999999 3.82875E-05 -0.00036677718 -3.807558E-05 0.9999997 0.0006241398 0.00036679953 -0.0006241293 0.99999976 0.0020840168 -0.005546093 -0.00737226
0.9964943 -0.082042314 -0.016376086 0.08188563 0.99659145 -0.0100235045 0.017142568 0.008647352 0.99981576 0.15702438 0.06911421 0.061804533
0.9999972 -0.00044814136 -0.002115801 0.00045051833 0.999999 0.001205869 0.002115287 -0.0012068171 0.99999696 0.013788611 0.0006737709 0.014894009
0.9999928 0.00042013725 -0.0037256293 -0.00040949328 0.9999955 0.002855271 0.003726799 -0.0028537288 0.99998903 0.011736378 0.0010814667 0.017000318
0.9999877 -0.00094754435 -0.0048417896 0.0009548431 0.9999982 0.0015082397 0.004840344 -0.0015128665 0.9999872 0.022122368 -0.00074243546 0.013300538
0.999996 -0.00046385056 -0.0028211232 0.00046815898 0.99999857 0.0015287958 0.0028204098 -0.0015301183 0.99999493 0.014102768 -0.0016217232 0.012628794
0.99998736 -7.9552236E-05 -0.0050238026 8.654904E-05 0.999999 0.001408767 0.0050236825 -0.0014091879 0.99998635 0.012953483 0.0041828156 0.011978626
0.99999684 -0.00041929446 -0.0026052818 0.0004225613 0.99999946 0.0012647435 0.002604764 -0.0012658164 0.99999577 0.014668651 0.00040960312 0.012714386
1 0 0 0 1 0 0 0 1 -0.39839184 0.037543774 0.13191652
0.99997807 0.0009445435 -0.006530963 -0.0009277152 0.99999624 0.0025854073 0.0065333955 -0.0025792923 0.99997526 0.005170226 0.007086754 0.013569295
1 0 0 0 1 0 0 0 1 -0.0040169954 -0.026294947 0.034509897
1 0 0 0 1 0 0 0 1 -0.37128937 -0.0080423355 0.10864997
0.9999943 0.0005970774 -0.0033002794 -0.00058648176 0.9999948 0.0032240744 0.0033022016 -0.0032221158 0.9999892 0.010404751 0.00019931793 0.019484699
0.99999946 -0.0002269907 -0.0010119798 0.00022838477 0.9999987 0.001501143 0.001011638 -0.0015013814 0.99999833 0.0131551325 0.0007534027 0.013171136
0.99999815 -0.0005950704 -0.0019060299 0.00059709745 0.9999994 0.0009895787 0.001905445 -0.0009907186 0.9999978 0.013902038 0.0012998581 0.013913929
1 0 0 0 1 0 0 0 1 -0.005922556 -0.01145196 0.019734383
0.9999952 6.683578E-05 -0.0031676479 -5.9408194E-05 0.9999973 0.0023391545 0.0031677969 -0.0023389608 0.9999923 0.0138542205 0.0009522438 0.014090121
0.99999106 2.5643036E-05 -0.00421983 -2.0051375E-05 0.99999905 0.0013101399 0.0042198896 -0.0013100524 0.9999903 0.010913515 0.002723217 0.012432992
0.9999962 0.00025728345 -0.0026929677 -0.00025564618 0.9999996 0.000618279 0.0026930869 -0.0006176084 0.9999962 0.010772705 5.2928925E-05 0.0066586733
0.9999962 -0.0008352373 -0.002639277 0.000837059 0.9999994 0.00073733926 0.002638653 -0.0007395521 0.9999962 0.01540792 0.00064229965 0.0111708045
0.9999942 -1.8492341E-05 -0.0033749938 7.0482492E-06 0.99999416 -0.0033991039 0.0033750236 0.0033990592 0.9999884 0.009799361 -0.025936127 -0.009545445
0.9954966 -0.07000077 -0.06392613 0.06835818 0.99728084 -0.027534544 0.06567973 0.02304089 0.99757457 -0.0719502 -0.0057144165 -0.0051004887
1 0 0 0 1 0 0 0 1 -0.3611498 -0.14811659 -0.020988703
0.99999875 0.00045670662 -0.0016498566 -0.00045350625 0.999998 0.0019356357 0.00165084 -0.0019348871 0.99999684 0.007558614 0.0026025772 0.0137729645
0.9999869 0.0005005895 -0.005108944 -0.00048787787 0.99999684 0.0024907757 0.0051101753 -0.0024882536 0.9999839 0.0069197416 0.00028133392 0.011980593
0.9999963 -0.0004965558 -0.0025866851 0.0004997221 0.999999 0.0012065917 0.002586089 -0.0012078993 0.99999595 0.013331283 -0.0010972023 0.012084186
1 0 0 0 1 0 0 0 1 0.012289882 -0.0051608086 0.008541582
0.9999961 -0.0006979093 -0.0027130507 0.0007004079 0.9999994 0.0008823946 0.0027124435 -0.00088429824 0.9999959 0.014398739 0.00068187714 0.012770474
0.9999933 -0.000600443 -0.00367303 0.00060545607 0.999999 0.0013777576 0.0036721956 -0.0013799742 0.99999243 0.015612617 -0.0019369125 0.013121426
0.9999991 -0.00032151619 -0.0012738556 0.00032363832 0.9999984 0.0016880594 0.0012733154 -0.0016884729 0.99999774 0.012855455 -0.00090408325 0.016064584
0.9999944 -0.0010364302 -0.0032328367 0.0010331557 0.9999989 -0.001015801 0.0032338798 0.0010124482 0.9999942 0.01690182 -0.0005180836 0.0061430335
0.9999944 -0.00032456877 -0.003371831 0.00032841408 0.99999964 0.0011538751 0.003371453 -0.0011549722 0.9999937 0.015125349 -0.0023303032 0.0112294555
1 0 0 0 1 0 0 0 1 0.015540004 -0.009353638 -0.0011049509
1 0 0 0 1 0 0 0 1 -0.008684158 -9.608269E-05 -0.007923365
0.99999464 -0.00071087753 -0.0031974814 0.00071194815 0.9999996 0.00033931714 0.0031972406 -0.00034158956 0.99999475 0.015255213 -0.0056478977 0.007991552
0.99998325 0.00048541557 -0.005779743 -0.0004812181 0.9999995 0.00073589757 0.0057801306 -0.0007331185 0.999983 -0.0019824803 -0.005458832 0.019185245
0.9928419 -0.10073578 -0.06416571 0.10178615 0.99471724 0.013309091 0.062486023 -0.019744903 0.9978503 0.15531063 0.16861343 0.30827284
0.99997926 0.0009262264 -0.006371975 -0.0009131655 0.99999756 0.0020529777 0.006373942 -0.002047114 0.9999775 0.008987546 0.005206108 0.019685984
0.9999963 -0.00049329794 -0.0026549716 0.0004963931 0.9999991 0.0011338666 0.002654411 -0.0011351854 0.9999958 0.0149412155 -0.00018453598 0.012096465
0.9999974 -0.0006459234 -0.0021400377 0.00064815464 0.9999991 0.0011164695 0.0021393225 -0.001117859 0.999997 0.015470415 0.002087593 0.014180481
0.9999971 -0.00046618667 -0.0023578964 0.000469696 0.9999987 0.0014980184 0.0023571774 -0.001499122 0.9999962 0.013825908 -0.003583908 0.013181567
0.999994 -9.3715265E-05 -0.0034908652 9.947538E-05 0.9999987 0.0016385727 0.0034907274 -0.0016388968 0.99999255 0.014010392 0.00019598007 0.011830032
1 0 0 0 1 0 0 0 1 0.008927286 0.029948235 -0.00016367435
1 0 0 0 1 0 0 0 1 0.013756037 0.009041309 0.011526704
0.9999965 5.4357923E-05 -0.0026579918 -5.004619E-05 0.9999986 0.0016155168 0.0026580796 -0.001615379 0.9999951 0.01362583 -0.0011410713 0.014031589
0.9999937 -0.00055682164 -0.0034638662 0.00055937207 0.99999946 0.0007177796 0.0034634643 -0.00071970746 0.99999374 0.014932804 -0.005078554 0.009362459
1 0 0 0 1 0 0 0 1 0.0011063218 0.045954704 -0.01786226
0.99999434 -0.00089141866 -0.0032129828 0.0008947124 0.99999905 0.001023069 0.003212072 -0.0010259524 0.9999943 0.011418477 0.0005631447 0.014774978
0.99997324 0.0003519731 -0.007327996 -0.00033733842 0.99999803 0.0019868687 0.007328693 -0.0019843318 0.99997115 0.00510478 0.006377697 0.0106197
0.9999886 0.0004094251 -0.0047424883 -0.00039416965 0.99999475 0.0032229023 0.0047437735 -0.003220997 0.9999836 0.010209322 0.00058078766 0.02052486
0.9999866 -0.0007530672 -0.005119309 0.00075744 0.9999993 0.0008398844 0.0051187277 -0.0008437447 0.9999866 0.015651936 -0.0035114288 0.012905747
0.99999005 -0.00067174854 -0.0044199377 0.0006779537 0.999999 0.0014094841 0.004418984 -0.001412455 0.9999892 0.01679179 -0.0025963783 0.011760771
1 0 0 0 1 0 0 0 1 0.012863874 -0.0286628 -0.006080568
0.99999624 -0.0008518805 -0.0026025446 0.0008540002 0.9999993 0.00081995875 0.0026018461 -0.00082219765 0.99999636 0.016848251 -0.0007677078 0.011884272
0.9999887 -0.0009246608 -0.0046579614 0.0009272378 0.99999946 0.00057925284 0.0046574473 -0.0005835518 0.999989 0.010602295 -0.0031924248 0.008746982
0.9999882 -0.0007508839 -0.004830107 0.00075398874 0.99999964 0.0006449749 0.0048296303 -0.0006486103 0.99998826 0.016694903 -0.009061098 0.0074228942
0.999997 -0.0004735652 -0.0024060383 0.00047719758 0.9999987 0.0015595853 0.0024052784 -0.0015607178 0.99999595 0.016073585 0.001431942 0.014739931
1 0 0 0 1 0 0 0 1 -0.009734035 -0.010937691 0.008865563
0.9999938 0.00041605835 -0.0034466572 -0.0004053249 0.99999535 0.0030866973 0.0034479313 -0.0030852742 0.9999891 0.011363879 0.00022983551 0.01871425
1 0 0 0 1 0 0 0 1 -0.04921481 -0.05716133 0.016742885
0.999951 -0.007185474 -0.0067961514 0.0073796865 0.9995522 0.028997317 0.0065847486 -0.029046014 0.99955636 0.03670025 -0.0166111 0.25071648
0.999997 -0.0005756641 -0.002470972 0.00057921576 0.99999905 0.0014215074 0.002470145 -0.0014229268 0.99999607 0.014704741 -0.0015206337 0.013864815
0.99999404 0.0003705543 -0.003418312 -0.0003612904 0.99999607 0.0027413145 0.0034193122 -0.0027400665 0.99999034 0.012548607 0.003765583 0.017323792
0.99999714 -9.280829E-05 -0.002411934 9.8276854E-05 0.9999972 0.002320569 0.0024117087 -0.0023207963 0.99999434 0.010805935 0.0013580322 0.017679513
0.99999785 -0.0006012091 -0.0019149613 0.0006030244 0.99999917 0.0009223465 0.0019144136 -0.0009235069 0.99999774 0.0147702545 -0.00065517426 0.012232959
1 0 0 0 1 0 0 0 1 -0.026078463 0.03952694 0.020114303
0.9999931 0.00019120425 -0.0036857203 -0.00018124399 0.9999961 0.002716925 0.0036862567 -0.0027162377 0.9999894 0.013123661 -0.00031089783 0.016634703
0.9999958 0.0003098559 -0.0027732924 -0.00030260207 0.99999654 0.0026064366 0.0027740784 -0.0026055947 0.9999927 0.01221206 0.0012292862 0.016185105
0.99999034 -0.0008276944 -0.004361108 0.00082792144 0.99999994 6.204657E-05 0.0043610707 -6.567128E-05 0.9999904 0.01589775 -0.009409428 0.005772531
0.99999535 -0.00040694923 -0.002989078 0.00041162307 0.9999986 0.0015723854 0.0029884288 -0.0015736148 0.9999944 0.01978847 0.0019779205 0.009317517
1 0 0 0 1 0 0 0 1 0.0005168915 -0.008345604 0.032592475
0.9999975 -0.0008285709 -0.002022326 0.0008298182 0.9999992 0.00061856955 0.0020218194 -0.0006202571 0.9999977 0.018078595 0.00075793266 0.011680305
1 0 0 0 1 0 0 0 1 -0.031233072 -0.01610279 -0.031174898
0.9992279 0.021993198 0.032558024 -0.021824256 0.9997466 -0.0055375695 -0.03267157 0.0048228204 0.9994546 -0.065258145 0.01695919 0.026640296
0.9999949 0.00056454167 -0.0031288862 -0.00056568906 0.9999999 -0.0003972426 0.0031286776 0.00039898604 0.9999949 0.005112529 -0.04738462 -0.0069578886
0.9999958 0.00016578246 -0.0029447172 -0.00015935459 0.9999976 0.0022057109 0.0029450823 -0.0022052377 0.99999315 0.0100671705 -0.003841877 0.014974475
0.99998534 -0.0008635864 -0.0053678714 0.00086622394 0.9999996 0.00049366243 0.0053674467 -0.00049830787 0.9999855 0.01799798 -0.004327059 0.0047049522
0.99998975 -0.0009782423 -0.0044113137 0.0009808426 0.9999992 0.0005851374 0.00441074 -0.0005894627 0.9999901 0.016044993 -0.00043821335 0.010889977
0.9967977 -0.06105312 -0.05163867 0.06088003 0.99813294 -0.0049195588 0.051842626 0.001760155 0.99865377 -0.10211223 0.06326532 0.14554834
0.99998665 -8.0258586E-05 -0.005132243 8.503138E-05 0.99999964 0.0009252038 0.0051321536 -0.00092562847 0.9999863 0.011356294 -0.0022678375 0.0070144236
0.99999803 -0.0018446008 0.0007725507 0.0018439498 0.9999979 0.0008283891 -0.0007740706 -0.0008269623 0.9999994 0.018277764 -0.006028652 0.009593368
0.9999984 -0.000498259 -0.0017869174 0.0005007306 0.99999917 0.0013038069 0.0017862469 -0.0013046991 0.99999744 0.015430421 -0.00021266937 0.012018204
1 0 0 0 1 0 0 0 1 -0.024343967 0.006471634 0.064869165
0.99999505 -0.000745805 -0.003073506 0.00074841455 0.9999994 0.00086165965 0.0030728616 -0.0008639544 0.9999948 0.020519197 0.0066361427 0.010307789
0.99999815 -0.00039476296 -0.0019141659 0.00039688218 0.9999996 0.0011277944 0.0019136742 -0.0011285096 0.99999744 0.0141788125 0.0026946068 0.012609363
1 0 0 0 1 0 0 0 1 -0.48475337 -0.062642574 0.066500425
1 0 0 0 1 0 0 0 1 0.016616166 0.028743744 -0.018700242
0.9999947 0.0005962773 -0.0031266995 -0.000587072 0.9999952 0.002967978 0.0031284243 -0.0029661376 0.9999907 0.010440068 0.00083351135 0.01775384
1 0 0 0 1 0 0 0 1 -0.10099268 0.05038166 0.004979253
0.99998814 -0.00014576106 -0.004866995 0.00015237465 0.9999991 0.0013656013 0.0048667975 -0.0013663279 0.9999871 0.012421161 -0.0040478706 0.009083033
0.99999493 -0.0007690841 -0.003017731 0.0007709195 0.99999917 0.00060332566 0.0030172765 -0.00060566515 0.99999523 0.015930459 0.00046491623 0.010266244
0.99998266 4.33572E-05 -0.005889885 -3.4038327E-05 0.99999887 0.0015807259 0.005889967 -0.0015804921 0.9999814 0.008400738 0.0014820099 0.011276543
0.99999297 0.0004202826 -0.0037709922 -0.00040983828 0.99999607 0.0027535 0.0037721395 -0.002751924 0.99998915 0.010869384 -0.0034627914 0.011681944
0.9999959 -0.0007876069 -0.0027223118 0.0007903966 0.9999992 0.0009841844 0.00272155 -0.0009863488 0.9999959 0.015500993 0.000477314 0.013011515
0.9999947 -0.00079093757 -0.0031107217 0.00079372874 0.9999991 0.00089690834 0.003110014 -0.0008993894 0.99999493 0.015337944 0.0010390282 0.012481332
0.9947901 -0.080973595 -0.061938763 0.07949388 0.9964962 -0.025995776 0.0638268 0.020936668 0.9977412 0.011582494 0.009379387 0.00038933754
0.99999547 -0.0006957974 -0.0028725492 0.0006979784 0.9999993 0.00078655966 0.0028719977 -0.00078856014 0.99999535 0.016249254 -0.00147295 0.011716425
0.99999446 0.00039057375 -0.0033675171 -0.00038085942 0.9999958 0.0028804317 0.003368646 -0.0028791279 0.9999902 0.011627048 0.00011253357 0.017630816
0.999997 -0.0003253405 -0.0024285787 0.00032997044 0.9999982 0.0018542111 0.0024279724 -0.0018550009 0.9999953 0.014278755 0.0014505386 0.016725421
0.9998937 -0.0013048644 -0.014520921 0.0013625305 0.99999124 0.00394978 0.014515653 -0.00396917 0.99988675 0.02253747 -0.0115737915 0.034426272
0.99999523 -0.00090872357 -0.0030239974 0.0009101777 0.9999996 0.00050575286 0.0030235313 -0.00050849654 0.9999953 0.018233001 -0.004288912 0.009632707
0.9999906 -0.0006350497 -0.004261285 0.00064062804 0.999999 0.0012821369 0.004260473 -0.001284847 0.9999902 0.016263604 -0.0025529861 0.010474801
0.999986 0.0003750506 -0.0052742213 -0.0003587791 0.99999505 0.0030659204 0.0052753612 -0.0030639814 0.99998146 0.009170145 0.00045967102 0.020020962
0.9999917 8.628308E-05 -0.0040365234 -7.920689E-05 0.99999833 0.0017497763 0.00403665 -0.0017494485 0.9999903 0.011695832 -0.00019359589 0.013992667
1 0 0 0 1 0 0 0 1 0.053477526 -0.007839203 0.008788466
0.9999864 -0.00039695489 -0.005202174 0.000405188 0.9999987 0.0016035312 0.0052015632 -0.0016056169 0.9999852 0.0068433285 0.006487608 0.014706492
0.9999765 -0.0016358793 -0.006645471 0.0016376078 0.99999857 0.00024891272 0.0066450536 -0.00025975145 0.99997777 0.020426154 -0.017525196 0.012493312
0.99999267 0.0001231432 -0.0038360395 -0.000116705894 0.9999985 0.0016983254 0.0038362462 -0.0016978434 0.9999913 0.0051600933 0.027173042 0.015412312
0.99999726 -0.00056562823 -0.0023258952 0.00056839426 0.99999887 0.0012269132 0.002325192 -0.0012282319 0.99999654 0.015018655 -0.000664711 0.013301492
1 0 0 0 1 0 0 0 1 -0.0027668476 0.0065078735 -0.0077450275
0.9999948 -0.0003207943 -0.003241919 0.00032623252 0.9999986 0.0016293153 0.0032413825 -0.001630377 0.99999356 0.013266534 0.0028762817 0.012561202
0.999994 -0.0001817006 -0.003452471 0.00018630284 0.9999989 0.0013475679 0.0034522223 -0.0013481975 0.9999931 0.012556009 0.0005598068 0.012981951
0.9999826 0.00087915175 -0.0058372766 -0.00086281565 0.9999957 0.002775576 0.005839687 -0.0027705096 0.9999791 0.007135153 0.0069885254 0.017979443
0.9999734 9.777176E-05 -0.0072718 -8.230738E-05 0.99999774 0.002131369 0.007271992 -0.0021307133 0.99997115 0.010248095 0.0057530403 0.012054682
1 0 0 0 1 0 0 0 1 -0.008679748 -0.015044689 0.0018642545
0.9999921 0.00016907492 -0.0039692447 -0.00016057884 0.9999978 0.0021382929 0.003969617 -0.002137633 0.9999897 0.011331096 0.0001335144 0.014551699
1 0 0 0 1 0 0 0 1 0.001215905 0.03923893 0.007125616
1 0 0 0 1 0 0 0 1 -0.39180374 -0.105005264 -0.052565098
0.9978521 -0.06307444 -0.017702024 0.06250633 0.9975632 -0.030994678 0.019613886 0.029821424 0.99936277 -0.0017322302 -0.00777483 -0.07879138
1 0 0 0 1 0 0 0 1 -0.4321062 0.03318596 0.10234976
0.9999996 0.00016919756 -0.0011090785 -0.00016687391 0.99999785 0.0021446534 0.0011094213 -0.0021444373 0.99999696 0.009341419 0.006442547 0.019779265
0.99999666 -0.00027113513 -0.0025171414 0.0002764219 0.99999756 0.002131192 0.002516549 -0.0021318737 0.9999943 0.014288932 0.0015006065 0.018155575
0.99999565 -0.0007344894 -0.0028758347 0.000736143 0.9999997 0.0005691722 0.0028754026 -0.0005712621 0.99999565 0.015678378 0.0005888939 0.010904014
1 0 0 0 1 0 0 0 1 0.026305437 -0.01738882 -0.038848523
0.9999994 -0.00025137048 -0.0010562092 0.0002533747 0.99999815 0.0019315258 0.0010557324 -0.001931794 0.9999976 0.016343296 0.0005760193 0.0031442791
0.99998105 0.00082533807 -0.006087154 -0.0008095596 0.99999624 0.0026021674 0.006089419 -0.002597157 0.9999779 0.011121236 0.007487297 0.025741875
0.99999356 -0.0009081918 -0.0035267621 0.00091033964 0.99999934 0.0006174147 0.003526181 -0.0006206408 0.9999937 0.016540859 -0.00029230118 0.010290742
0.99998635 -0.00065908046 -0.005212534 0.0006636848 0.99999946 0.00086882897 0.005211957 -0.0008722581 0.9999861 0.0161528 -0.010622978 0.008528531
-0.96818566 -0.062407747 0.24232565 -0.1237322 0.9611264 -0.24683306 -0.21750122 -0.2689637 -0.9382706 -4.64628 -0.18610525 0.49394166
0.21984501 -0.3553183 0.9085246 -0.4075291 0.81270176 0.41645652 -0.8863342 -0.46180606 0.03386596 -1.7526689 -0.914242 -0.38901073
0.99999696 -0.00046141772 -0.0025438555 0.00046158303 1 7.652491E-05 0.0025438182 -7.76723E-05 0.9999968 0.02152104 0.0017530918 0.009505272
0.99998826 -0.0008917104 -0.004738465 0.0008965493 0.999999 0.0010338537 0.0047375187 -0.0010380968 0.9999882 0.018050015 -0.005839348 0.010460943
1 0 0 0 1 0 0 0 1 -0.0070253015 -0.0036945343 0.01269865
1 0 0 0 1 0 0 0 1 0.023846388 0.012394905 0.013999909
0.9999951 -0.00012472924 -0.0031558871 0.00013121217 0.99999785 0.0020297952 0.003155604 -0.00203019 0.9999931 0.015461957 0.0022687912 0.016711712
1 0 0 0 1 0 0 0 1 0.017122388 -0.014611632 0.0015679598
0.9999973 -0.0009850753 -0.0020213574 0.0009858008 0.99999946 0.00031598564 0.0020210482 -0.00031797448 0.999998 0.02039206 -0.0074845552 0.0077359676
0.99999934 -0.0006049508 -0.0007811338 0.0006040556 0.9999993 -0.0010558888 0.00078177825 0.0010554232 0.9999992 0.011790324 -0.012208462 -0.004876375
0.9999923 -0.0012502368 -0.0036861897 0.0012519492 0.99999887 0.00044286996 0.003685616 -0.00044755638 0.99999315 0.018401653 -0.0037653446 0.00846529
0.99998355 -0.00064167846 -0.0056810603 0.0006463751 0.9999995 0.0008275192 0.0056805313 -0.00083118305 0.99998355 0.012898505 0.0007929802 0.009337425
0.9999879 -0.00030033887 -0.0049072523 0.0003085729 0.9999986 0.0016668523 0.0049067438 -0.0016683452 0.9999865 0.01447387 -0.001985073 0.01220119
0.9999746 0.0012297956 -0.007030338 -0.0012093531 0.99999475 0.002919171 0.0070339143 -0.0029106177 0.99997115 0.005288638 0.0035057068 0.023085833
0.9999933 0.00041653076 -0.0035897493 -0.0004086634 0.9999973 0.0022152327 0.0035906509 -0.0022137798 0.9999911 0.01072219 0.0015244484 0.015998602
1 0 0 0 1 0 0 0 1 0.0083966255 0.01139307 0.02330637
1 0 0 0 1 0 0 0 1 0.05284369 -0.06126666 0.021060705
1 0 0 0 1 0 0 0 1 -0.0045421124 0.0111989975 -0.06588617
0.9999949 -0.00023966469 -0.003128171 0.00024541607 0.9999981 0.0018324815 0.0031277165 -0.0018332712 0.99999344 0.014619503 0.00031995773 0.013654649
0.9999931 0.00035485288 -0.003756225 -0.0003435989 0.999996 0.0029738992 0.0037572682 -0.0029725768 0.9999886 0.011604907 0.00166893 0.019468904
0.9999965 -0.0006170007 -0.0025995001 0.0006192983 0.99999934 0.0009015575 0.0025989376 -0.0009031594 0.9999961 0.013338905 -0.002064228 0.012957394
1 0 0 0 1 0 0 0 1 0.012113571 0.01556778 0.021398768
0.9999973 -0.00067269104 -0.0022668168 0.0006748033 0.9999994 0.0008728765 0.0022662506 -0.0008744113 0.9999971 0.016357437 0.0005426407 0.011702776
0.9999528 0.0060274024 -0.007639274 -0.0059896335 0.9999699 0.0049541295 0.007668972 -0.004908018 0.9999585 -0.057632565 -9.536743E-06 0.037402213
0.99739754 -0.043783963 -0.057283163 0.04127613 0.9981674 -0.044254273 0.059115916 0.041774772 0.99737674 -0.25571132 -0.10785723 -0.15561533
0.9999929 9.172573E-05 -0.0037239231 -8.430029E-05 0.9999979 0.0020128097 0.0037240966 -0.0020124912 0.99999106 0.010961587 0.0012960434 0.016848922
1 0 0 0 1 0 0 0 1 0.00816454 0.012289524 0.010730088
0.99999297 0.00064419094 -0.003642328 -0.00063318014 0.99999505 0.0030218568 0.0036442354 -0.0030195415 0.99998885 0.010223024 0.0005950928 0.018391848
0.9999946 0.00037641218 -0.003232032 -0.0003678822 0.9999963 0.0026632585 0.0032330155 -0.002662044 0.9999913 0.012045935 -0.0016765594 0.011506557
0.99999565 -0.0016262792 -0.0025213659 0.0016315766 0.99999636 0.0021307766 0.002517864 -0.0021348447 0.9999946 0.018918633 -0.042018175 0.0042586103
0.99802816 -0.05601743 -0.028306156 0.055653542 0.99835896 -0.013483018 0.029014893 0.011880845 0.99950826 -0.07147336 0.028158188 0.05586672
0.99997324 0.00091100787 -0.007241113 -0.00089323166 0.9999965 0.0024603587 0.0072433352 -0.0024538264 0.99997073 0.0031253695 0.006860733 0.016341269
0.9999977 0.00039624516 -0.0021962672 -0.00039207377 0.99999833 0.0018795095 0.0021970123 -0.0018785894 0.9999959 0.012868568 -0.0048828125 0.010881424
0.99996734 0.002104775 -0.007813036 -0.0021163449 0.99999666 -0.0014769472 0.0078098774 0.0014934354 0.9999684 0.004039049 0.008993626 -0.019517392
0.99999326 0.00038844286 -0.00367044 -0.00037855096 0.9999963 0.0027222708 0.0036714869 -0.002720872 0.99998945 0.012744531 -0.0010557175 0.013831228
0.99998224 -0.0018065819 -0.005679652 0.0018077255 0.9999983 0.00018626079 0.0056792945 -0.00019654632 0.9999839 0.031742215 -0.013535261 0.008668035
0.99999326 0.0001706674 -0.0037250537 -0.00016090511 0.99999666 0.0026334045 0.0037254859 -0.002632786 0.9999896 0.011507407 -0.00040531158 0.017015219
0.9999773 -0.0018365886 -0.006490901 0.0018785559 0.9999773 0.006469846 0.006478891 -0.0064819083 0.9999581 0.03051582 0.002152443 0.052346036
0.9999932 -0.00048295432 -0.0036220998 0.00048791652 0.99999887 0.0013754144 0.0036214404 -0.0013771784 0.99999255 0.0118751675 -0.0026636124 0.0125101805
0.9999937 -0.001359574 -0.0032640249 0.0013585715 0.9999989 -0.00032489747 0.003264442 0.00032034516 0.9999946 0.016473703 -0.00026369095 0.007176876
0.9999926 0.00025406014 -0.0038847774 -0.00024537882 0.99999744 0.0022390112 0.0038853586 -0.002238039 0.99999 0.014852107 -0.00097608566 0.017389297
0.9999963 -0.00061950344 -0.0027550776 0.0006222916 0.99999946 0.00097218156 0.0027544629 -0.00097388774 0.9999957 0.015673667 0.0027327538 0.012400925
0.9999977 0.0017903782 -0.0012527108 -0.0017932365 0.9999959 -0.0022764076 0.0012486279 0.0022786334 0.99999666 0.02678746 -0.0075702667 0.011375606
1 0 0 0 1 0 0 0 1 -0.026195526 0.012028694 -0.103895664
0.9999957 -0.000803911 -0.002769757 0.0008057925 0.9999993 0.0006568469 0.0027692392 -0.0006590709 0.99999595 0.015991613 -0.0008788109 0.011362672
0.9999998 -0.00036245398 0.0005552918 0.00036115502 0.9999968 0.0024808552 -0.00055617094 -0.0024806634 0.9999967 0.011099517 -0.00019836426 0.026361048
0.99999374 -0.000398088 -0.0035476373 0.0004059345 0.99999744 0.0021930144 0.0035467548 -0.0021944388 0.9999914 0.013262451 0.00017499924 0.012506306
0.9999967 -0.0006931125 -0.0025508013 0.0006944515 0.9999997 0.0005469769 0.0025504325 -0.0005487427 0.99999666 0.008907318 -0.06153071 0.0049908757
1 0 0 0 1 0 0 0 1 0.023498774 -0.019680977 -0.0014624596
1 0 0 0 1 0 0 0 1 0.012452841 -0.0025463104 -0.0017382503
0.99999726 -0.00019382965 -0.0022798702 0.00019688858 0.9999989 0.0013359152 0.0022796094 -0.0013363808 0.99999654 0.014458794 0.004216194 0.01195848
1 0 0 0 1 0 0 0 1 -0.09176731 0.023699284 0.066452384
0.99990195 -0.0025897622 -0.013756901 0.0026066042 0.9999957 0.0012111589 0.013753682 -0.0012468472 0.99990463 0.021249771 -0.033975363 0.00472492
1 0 0 0 1 0 0 0 1 -0.006249845 -0.06339741 -0.034842134
1 0 0 0 1 0 0 0 1 0.011930227 0.009427547 0.090659976
0.99999624 -0.0009829934 -0.0026744027 0.0009848055 0.99999946 0.00069553405 0.0026737042 -0.0006981306 0.9999962 0.016385153 -0.00052404404 0.011923015
0.99999446 6.0889026E-05 -0.003328469 -5.138851E-05 0.9999963 0.0028584246 0.003328632 -0.0028582448 0.9999903 0.012812391 -0.0015969276 0.016204119
0.99999654 -0.00053490675 -0.0026100352 0.0005376523 0.99999934 0.0010223836 0.0026094802 -0.0010237955 0.99999607 0.01676141 -0.0029273033 0.011905611
0.99999714 -0.00042378006 -0.0024086535 0.00042830064 0.9999983 0.0019034892 0.002407834 -0.0019045137 0.9999953 0.014108941 0.0010151863 0.015812874
0.93899673 -0.29059404 -0.18395811 0.3198105 0.9345155 0.15621208 0.12651746 -0.20551457 0.9704419 1.0296402 1.5556364 1.7141731
0.99998975 -5.5626035E-05 -0.0045002103 6.250292E-05 0.9999986 0.0015278235 0.004500143 -0.0015281066 0.99998856 0.019415408 0.007437706 0.0062226653
0.9999962 -0.0006127386 -0.0026779822 0.00061523425 0.99999946 0.0009002313 0.0026774295 -0.00090188533 0.99999607 0.014575146 -0.0014023781 0.01266396
0.9999963 -0.0011792168 -0.0024424978 0.0011798943 0.99999917 0.00031769276 0.002442114 -0.00032058358 0.999997 0.01528229 -0.0028767586 0.0104519725
0.999982 0.00018727704 -0.0060070185 -0.00017576604 0.99999845 0.0019095391 0.0060073654 -0.0019083992 0.9999801 0.004484594 0.0033221245 0.012205124
0.99999154 -0.0009688926 -0.004014291 0.000972064 0.9999991 0.00079514645 0.004013501 -0.0007991046 0.99999166 0.017624259 -0.005288601 0.010136932
0.9999976 0.00033064652 -0.0022527725 -0.00032571936 0.9999976 0.0021689385 0.0022534803 -0.0021682195 0.9999953 0.008732915 2.336502E-05 0.013892531
0.99999696 -0.00047779945 -0.0024043992 0.00047994766 0.99999934 0.0008793678 0.0024039596 -0.0008805115 0.99999666 0.019300796 -0.009703636 0.004883647
0.99639785 -0.06384504 -0.055818915 0.062788725 0.9978168 -0.02047813 0.057004422 0.016899556 0.99823093 -0.09019709 0.0121359825 0.036489487
0.59256804 -0.073879 -0.8021253 -0.7837168 -0.28299338 -0.55290383 -0.18614832 0.9562721 -0.22559302 -2.9869769 5.582159 -10.559008
0.9999529 0.0026242528 -0.009365201 -0.0025793668 0.9999852 0.0048063546 0.009377673 -0.004781969 0.9999447 -0.019225955 0.00675869 0.033148885
0.9999965 -0.0006483208 -0.0025693178 0.00065088016 0.99999917 0.0010166559 0.0025686398 -0.001018323 0.99999624 0.014888413 -0.001049757 0.013681948
0.99999666 -0.0008028061 -0.0025007054 0.00080456375 0.99999934 0.00069367886 0.002500154 -0.0006956905 0.9999967 0.01540336 0.0011305809 0.012697935
0.9999981 -0.00093957316 -0.0017740205 0.0009405464 0.9999994 0.00058005005 0.0017734692 -0.00058172643 0.9999983 0.017044127 0.0042119026 0.014963508
0.9999957 -0.0006988039 -0.0028737076 0.0007019758 0.999999 0.0011290088 0.002872914 -0.0011310242 0.99999523 0.015479118 0.0012397766 0.013004065
0.9999986 -0.00062663516 -0.0015254687 0.0006270964 0.99999976 0.00039117225 0.0015252206 -0.00039212592 0.9999988 0.018274516 -0.0053167343 0.011092603
0.99999666 -0.0013459986 -0.0023062527 0.0013450901 0.999999 -0.00038621575 0.002306737 0.00038307905 0.9999973 0.018250883 0.0010728836 0.00819993
1 0 0 0 1 0 0 0 1 -0.0316149 0.03121376 -0.00807029
0.9996046 0.0028839037 -0.027977914 -0.0027673692 0.99998754 0.0041962266 0.027989775 -0.0041170865 0.9995998 -0.016792178 0.01336956 0.057724357
0.99999 -0.00015739375 -0.0044741035 0.00016456912 0.99999875 0.0015901513 0.00447385 -0.0015908703 0.99998873 0.016339779 -0.008208275 0.011809498
1 0 0 0 1 0 0 0 1 0.0047062337 0.013389111 0.01052314
1 0 0 0 1 0 0 0 1 0.046715975 -0.02755928 -0.06550002
0.99678826 -0.059642464 -0.053441852 0.05857995 0.9980568 -0.021233663 0.05460432 0.018034995 0.998345 -0.11416519 0.004846573 0.026072502
0.9999939 -1.28216925E-05 -0.003482617 2.023104E-05 0.9999978 0.0021608323 0.0034825797 -0.0021608844 0.9999916 0.013011269 0.0038905144 0.017137766
0.9999952 -0.00023662043 -0.003155157 0.00024360453 0.9999977 0.002209803 0.0031546429 -0.0022105519 0.9999926 0.013324499 0.0009074211 0.017285585
0.9999975 -0.0014751889 -0.001593262 0.0014770702 0.9999983 0.001109466 0.0015916228 -0.0011117607 0.99999785 0.02116704 0.006354809 0.0069116354
0.99999523 0.00046703126 -0.003069967 -0.0004583369 0.9999958 0.0028409492 0.0030712932 -0.0028395597 0.99999136 0.012691505 -0.0005979538 0.012701571
0.99526274 -0.026976496 0.09340358 0.017181426 0.99441564 0.10412698 -0.095690995 -0.102028936 0.99016833 -0.028066337 -0.08139157 0.23876989
0.9999909 0.00047171896 -0.0042857677 -0.00046798377 0.99999946 0.0008588806 0.0042861477 -0.0008568689 0.9999904 0.008871555 -0.00052523613 0.009016514
0.9999943 -0.00025808066 -0.0032757372 0.0002617078 0.9999991 0.0011088457 0.0032754391 -0.0011097062 0.999994 0.008524597 0.0012016296 0.012919426
0.99999875 0.00070524414 -0.0012809485 -0.00070533727 0.9999997 -7.709954E-05 0.0012808889 7.799361E-05 0.99999905 0.0060874224 0.0013332367 0.00081682205
0.9999944 -0.000570495 -0.0033566281 0.0005747384 0.9999993 0.001233533 0.0033559091 -0.0012354515 0.9999936 0.014778138 -0.0008716583 0.01273793
0.999989 -0.00056057994 -0.0047079995 0.00056176656 1 0.00024096668 0.004707871 -0.00024358556 0.99998903 0.016535848 -0.00032830238 0.005081475
0.62036574 0.71371144 0.32521114 -0.70612746 0.688718 -0.16447374 -0.34136546 -0.1276066 0.9312282 -5.4586573 0.38465548 0.12828326
0.99999064 0.00013299496 -0.004380971 -0.00012661098 0.99999917 0.0014653392 0.0043811947 -0.0014647469 0.9999893 0.012296289 -0.00059366226 0.01135087
0.9999874 0.0001224798 -0.0049664415 -0.0001104807 0.99999696 0.0024176668 0.004966723 -0.0024170782 0.99998474 0.0128313005 -0.002737999 0.010208935
0.9999964 -0.00024708896 -0.0026336946 0.00025257398 0.99999785 0.0020785332 0.0026331842 -0.0020791925 0.99999434 0.012637064 0.0015234947 0.016497493
0.99999774 0.0005989447 -0.0020424798 -0.0005982071 0.99999976 0.00040351786 0.0020426959 -0.00040229736 0.9999978 0.0037948191 -0.0031137466 0.007527113
0.99999666 -2.7505681E-05 -0.0026783869 3.1345524E-05 0.9999993 0.0013939366 0.0026783198 -0.0013939887 0.99999547 0.011563148 0.0038275719 0.010680497
0.99999684 -0.00062363036 -0.0025018938 0.0006262085 0.9999992 0.0010801144 0.0025012158 -0.001081679 0.9999963 0.015581995 0.0022015572 0.013944745
1 0 0 0 1 0 0 0 1 0.0014396012 -0.013351202 -0.0046408176
0.9999866 -0.00044124882 -0.0051321387 0.00044185275 0.99999964 0.00016396958 0.005132053 -0.00016625412 0.99998695 0.013832331 -0.007610798 0.0023465157
0.9999978 -0.00046727015 -0.0020545349 0.00046994956 0.99999905 0.0012688823 0.0020539612 -0.0012698397 0.999997 0.013661772 0.00094652176 0.014193475
0.996747 0.03361523 0.073248774 -0.038545806 0.9970101 0.06697216 -0.07077846 -0.06957774 0.9950625 -0.37796855 0.041270256 0.8000301
0.99998325 0.0004720611 -0.0057226717 -0.0004557264 0.9999958 0.002848498 0.0057239532 -0.0028458536 0.99997926 0.004895687 0.005897522 0.02066958
0.9999928 0.00031586847 -0.003808871 -0.0003050294 0.9999959 0.00285648 0.0038097352 -0.002855286 0.99998856 0.012310475 0.00046682358 0.01668185
0.9999998 5.171867E-06 -0.0006229859 -4.9704686E-06 1.0000002 0.00017339736 0.00062299334 -0.00017338246 0.99999976 0.011784118 -0.0041589737 -0.0012404323
0.9999095 -0.0072238836 -0.011352032 0.0073024333 0.9999496 0.0068918467 0.0113016665 -0.0069740415 0.99991167 0.07870687 0.0047626495 0.058233224
0.9999852 -0.0007491391 -0.005380895 0.00075305253 0.9999995 0.0007224344 0.005380355 -0.00072646514 0.99998516 0.016427875 -0.008368492 0.008038789
0.999997 -0.0009623116 -0.0022002715 0.0009629141 0.99999934 0.00029892102 0.0021999842 -0.00030105934 0.9999976 0.016229212 -1.1920929E-05 0.011833787
1 0 0 0 1 0 0 0 1 -0.0057497025 0.008184433 -0.004055202
0.9907054 -0.13513774 0.015510056 0.13496357 0.9907806 0.01177761 -0.016958743 -0.009575009 0.99981034 0.6881169 0.22774506 0.16731977
0.99998426 0.0007888579 -0.005517289 -0.0007712417 0.9999943 0.0031956509 0.005519703 -0.0031913416 0.9999798 0.00663352 0.0012731552 0.020930707
1 0 0 0 1 0 0 0 1 0.014688909 -0.022882938 -0.0102905035
0.997031 -0.055874795 -0.05298224 0.055047363 0.9983399 -0.016951248 0.053841352 0.013984248 0.99845165 -0.13981664 0.015588284 0.055535316
0.99999714 -0.0006567717 -0.0022410564 0.0006594872 0.99999917 0.0011631846 0.0022403002 -0.0011646636 0.99999684 0.0155224055 0.0002603531 0.013063192
1 0 0 0 1 0 0 0 1 -0.033989668 -0.0037288666 -0.017889619
0.9917327 -0.074903674 -0.10419077 0.076328136 0.9970353 0.009746239 0.10315177 -0.017618373 0.9945097 -0.16343427 0.094255924 0.33076882
1 0 0 0 1 0 0 0 1 -0.46451342 -0.08085537 0.048476458
0.9999971 -0.00069617573 -0.002411276 0.000698398 0.9999994 0.0009452291 0.0024106167 -0.0009469036 0.99999666 0.015678883 -0.0006418228 0.012656927
0.9999929 -0.00022847136 -0.0037436262 0.00023439899 0.99999875 0.001607513 0.00374325 -0.0016083829 0.99999166 0.012567943 0.0010404587 0.013394654
1 0 0 0 1 0 0 0 1 0.01154381 0.01110363 0.017696857
0.9999935 0.00041609036 -0.0035963356 -0.0004054529 0.99999535 0.002988927 0.0035975724 -0.00298745 0.9999892 0.011758044 -0.0020837784 0.01492101
0.99999815 -0.00035700877 -0.0019364804 0.00036021066 0.9999986 0.0016009938 0.0019358918 -0.0016016886 0.99999684 0.0143223405 -0.0001449585 0.01345849
1 0 0 0 1 0 0 0 1 0.01127255 -0.004655838 -0.007460952
0.9999941 0.00089154765 -0.003261596 -0.000883203 0.9999961 0.0025744215 0.0032638311 -0.0025715455 0.99999124 -0.011401013 -0.0031690598 0.011986464
0.9944151 -0.08415887 -0.06368175 0.083693296 0.9964418 -0.009950355 0.06429255 0.0045648217 0.9979207 0.03766775 0.057601452 0.13694048
0.99999195 0.0006659771 -0.0039578457 -0.00065376295 0.999995 0.0030680236 0.0039598662 -0.0030654112 0.99998754 0.0101394355 0.00066947937 0.01649195
0.9999976 0.0006315033 0.002097398 -0.0006355173 0.99999785 0.0019478239 -0.0020961612 -0.0019491501 0.9999959 0.008879021 -0.013230324 0.0035263896
0.98991555 -0.10867602 -0.09086716 0.108969934 0.9940434 -0.0017341971 0.090514526 -0.008184999 0.9958615 0.12366605 0.14174366 0.25235462
0.99998295 0.00038135704 -0.005807787 -0.0003685716 0.9999978 0.0022135284 0.005808577 -0.0022113416 0.9999805 0.013637371 -0.0008044243 0.020181239
0.9999957 -0.00067360303 -0.0028511807 0.0006763623 0.99999917 0.000944186 0.0028505437 -0.00094614923 0.9999956 0.01490844 0.00061655045 0.012594163
0.99999744 -0.0012886039 -0.0018603355 0.0012898067 0.9999989 0.00067741354 0.00185946 -0.00067981286 0.99999803 0.03401785 -0.005317211 0.013480008
1 0 0 0 1 0 0 0 1 0.020769715 -0.0059353113 0.022007287
1 0 0 0 1 0 0 0 1 0.011489868 -0.0006352067 0.007817626
1 0 0 0 1 0 0 0 1 0.02251339 -0.02244854 -7.212162E-05
0.9999916 -0.0008400957 -0.004020935 0.00084269175 0.9999996 0.00061861053 0.0040204097 -0.00062198564 0.9999918 0.016560733 -0.0025377274 0.009456098
0.99999654 -0.0009878539 -0.002444148 0.0009906432 0.9999988 0.0011312515 0.0024430305 -0.0011337027 0.9999965 0.02014944 0.004354477 0.016349733
0.9999895 0.0006077809 -0.0044651777 -0.0005856261 0.9999873 0.0049676728 0.004468128 -0.0049650287 0.99997747 0.0077677965 0.00070667267 0.03729719
0.99998885 0.00050781626 -0.0046774168 -0.0005050603 0.99999964 0.0005603661 0.004677696 -0.00055799633 0.9999888 0.0073524117 0.0028455257 0.010797977
0.9999955 0.00046272483 -0.0029699802 -0.0004445128 0.9999812 0.0061148554 0.0029728264 -0.0061134472 0.9999769 -0.011821568 -0.013003826 0.04829371
0.9999914 -3.9411192E-05 -0.0041625723 4.8157555E-05 0.99999785 0.00210456 0.004162468 -0.0021047252 0.9999891 0.013473645 -0.0018696785 0.014175773
0.99999475 -0.0010519917 -0.0030388683 0.001051785 0.99999946 -2.1148473E-05 0.0030388907 1.79559E-05 0.9999954 0.016503207 0.00010943413 0.008652508
1 0 0 0 1 0 0 0 1 0.022102237 0.005251378 -0.018532813
0.9999952 -0.0006112559 -0.003067799 0.0006158799 0.9999987 0.0014915615 0.0030668974 -0.0014934763 0.99999434 0.015064321 0.004213333 0.013961732
0.99585164 -0.090041876 0.0131111145 0.08968294 0.99563664 0.025773019 -0.015374601 -0.024490207 0.99958175 0.32324797 0.17817593 0.3164134
1 0 0 0 1 0 0 0 1 0.0020041466 -0.0125255585 0.023565054
1 0 0 0 1 0 0 0 1 0.033859566 -0.023718834 -0.016322255
0.9999961 -0.00042342488 -0.002940584 0.00042742374 0.99999905 0.0013549477 0.0029399619 -0.0013562031 0.9999949 0.014486924 0.003341198 0.013871551
0.9999888 0.0006547291 -0.004651241 -0.0006405652 0.99999523 0.0030383468 0.004653208 -0.0030353107 0.9999843 0.010177493 0.0011324883 0.019910574
1 0 0 0 1 0 0 0 1 -0.22004819 0.060289383 -0.09434217
0.99999505 -0.00041008275 -0.0032326207 0.0004141447 0.99999905 0.001269294 0.0032320619 -0.0012706257 0.9999939 0.013398496 0.0012135506 0.011837125
0.9999959 -0.00014952236 -0.002845442 0.000154417 0.9999984 0.0017276108 0.0028451793 -0.0017280355 0.9999944 0.013172466 0.002597332 0.013420522
1 0 0 0 1 0 0 0 1 -0.08883202 -0.034447193 0.007990837
0.9999964 -0.00089310063 -0.00245268 0.0008946014 0.9999992 0.0006507188 0.002452096 -0.00065293163 0.9999967 0.016022524 0.0007147789 0.013774574
0.99999565 -0.00065357704 -0.0028325133 0.0006568865 0.99999905 0.0011800639 0.0028317384 -0.0011819117 0.99999523 0.014893904 0.00017404556 0.013656557
1 0 0 0 1 0 0 0 1 0.044858217 -0.025814056 -0.06634334
1 0 0 0 1 0 0 0 1 -0.3342883 -0.008489132 0.12443209
0.99998343 -0.0005089515 -0.005720295 0.00050890003 0.9999997 -3.8176775E-05 0.0057203397 3.527105E-05 0.99998367 0.012713134 -0.012860298 0.0056681037
0.99999934 0.00025621103 -0.0012456477 -0.00025418552 0.99999857 0.0016989969 0.001246091 -0.0016986821 0.9999978 0.010958433 -0.024645805 0.0033519566
0.99999464 -0.00057015277 -0.0032492504 0.0005714302 0.99999964 0.0003796555 0.0032490306 -0.00038149394 0.9999946 0.012847006 -0.0031032562 0.00882709
0.994481 -0.07760748 -0.07060258 0.07636762 0.9968773 -0.02009578 0.07194148 0.014593244 0.9973022 -0.037910223 0.024636269 0.053859472
0.9999965 -0.0010037092 -0.0024061427 0.0010033548 0.9999994 -0.00017526001 0.0024063438 0.00017282367 0.9999972 0.017752275 0.0005917549 0.008656919
0.99999666 -0.00065240904 -0.0025131032 0.00065474166 0.9999997 0.0008827057 0.0025125071 -0.00088434294 0.99999654 0.014567137 0.0007123947 0.011822462
1 0 0 0 1 0 0 0 1 -0.008260608 0.004544258 -0.017000467
1 0 0 0 1 0 0 0 1 0.005636215 0.007246256 -0.015192032
0.99998087 -0.0008768806 -0.0061469115 0.00087738864 0.9999998 8.026138E-05 0.0061468296 -8.56407E-05 0.99998116 0.017673373 0.0004184246 0.011272967
0.9999963 -0.0007648752 -0.0026013032 0.0007647828 0.9999997 -5.8971345E-06 0.0026012957 3.8817525E-06 0.99999654 0.013028868 -0.006706238 0.011217356
0.99999666 -0.0005346426 -0.002558941 0.0005369863 0.9999994 0.00097631663 0.0025584176 -0.0009776838 0.9999962 0.015210919 -0.0018453598 0.012224972
0.9999887 -0.0006445572 0.0047616065 0.00064424425 0.9999999 0.00011460483 -0.0047616065 -0.000111445785 0.99998885 0.009197712 -0.007442206 0.01683414
0.9999971 -0.00019643176 -0.00244008 0.00019611279 0.9999999 -0.0001314655 0.0024400875 0.00013099611 0.9999969 0.022364572 0.004368305 0.009531379
0.9999965 -0.0007502405 -0.0025258842 0.00075236964 0.99999934 0.0008485615 0.0025252455 -0.0008504763 0.9999965 0.016047552 0.0016775131 0.011585116
1 0 0 0 1 0 0 0 1 -0.035006642 -0.012410164 0.012176216
0.9999948 -0.00040327734 -0.0031896979 0.00040630787 0.9999994 0.00097084977 0.0031893104 -0.00097214244 0.9999945 0.013915595 -0.0005788803 0.010373175
0.9999987 -0.0003188025 -0.001620084 0.00032206855 0.9999979 0.0020767371 0.001619406 -0.0020772507 0.9999965 0.013434082 0.00032138824 0.016519487
1 0 0 0 1 0 0 0 1 0.00083085895 0.005924225 0.018549025
0.99999803 -0.00019312021 -0.0020931156 0.00019675537 0.99999857 0.0017551631 0.0020927729 -0.0017555654 0.9999963 0.012806237 0.0010523796 0.015999794
0.9999878 -0.0026426143 -0.0041728616 0.0026313611 0.99999285 -0.0027071107 0.0041799545 0.002696094 0.9999876 0.029553413 -0.0089969635 -0.0030095577
1 0 0 0 1 0 0 0 1 0.04042971 -0.030056119 -0.013722599
0.9999948 -0.00036848433 -0.0031869365 0.00037292604 0.9999992 0.0013664812 0.003186434 -0.0013676509 0.9999941 0.012308516 0.0016698837 0.014392734
