0.9999977 -0.0020734794 -0.00016240403 0.0020739476 0.9999934 0.002928737 0.00015633926 -0.0029290593 0.9999956 0.020611554 -0.0050387383 -7.086992E-05
0.99999714 -0.0023279188 0.000110473484 0.0023276166 0.9999957 0.0016654804 -0.000114347786 -0.0016652197 0.99999857 0.023073226 -0.0012493134 0.00072443485
0.99990964 -0.012861699 -0.003939748 0.01290381 0.9998575 0.010889322 0.0037992597 -0.010939226 0.9999329 0.09900713 0.0054626465 0.067092836
1 0 0 0 1 0 0 0 1 -0.082451105 0.013010025 0.048717156
1 0 0 0 1 0 0 0 1 -0.004534483 -0.003618002 0.010914683
0.99999493 -0.0007052779 0.0031569079 0.0007019948 0.9999993 0.0010013478 -0.003157612 -0.0009991266 0.9999945 -0.0010300875 -0.008407593 -0.012242913
0.9911895 -0.10336231 -0.082820065 0.10153097 0.99449146 -0.026036859 0.08505508 0.017398864 0.99622416 0.076283455 0.01192379 0.32597494
0.999997 -0.0024548643 -3.721565E-05 0.0024548033 0.9999954 0.001781201 3.2838434E-05 -0.0017812848 0.9999984 0.022317499 -0.00080156326 0.0028613806
0.9999962 -0.0025979222 0.0010966063 0.002593138 0.99998695 0.0043914923 -0.0011080019 -0.0043886323 0.9999898 0.019636616 -0.001493454 0.009502351
0.99999636 -0.0026902999 -0.0005436316 0.002691682 0.9999928 0.002660755 0.0005364716 -0.0026622154 0.9999963 0.0246201 0.0011548996 0.0048582554
0.9999968 -0.002561132 -0.000107649714 0.002561395 0.99999404 0.0023465902 0.00010164827 -0.0023468472 0.99999726 0.023475155 -0.00043344498 0.0036344528
0.9999962 -0.0026573543 -0.0009891782 0.0026594317 0.9999946 0.002064634 0.0009836927 -0.002067238 0.9999974 0.019400008 0.003121376 0.0028708577
0.99999666 -0.002611949 6.145984E-05 0.0026117961 0.99999434 0.001998715 -6.6682696E-05 -0.0019985437 0.99999785 0.022671953 0.0015587807 0.0024743676
1 0 0 0 1 0 0 0 1 -0.47496855 -0.08994675 0.3410833
0.99999756 -0.0019159216 0.0009119902 0.0019125663 0.9999912 0.0036820471 -0.000919031 -0.0036803056 0.9999928 0.00825429 0.008369446 0.0052121878
1 0 0 0 1 0 0 0 1 0.027575731 -0.021483898 -0.007454157
1 0 0 0 1 0 0 0 1 -0.410671 -0.18569756 0.28275728
0.9999952 -0.0023991503 0.0019638538 0.0023897446 0.99998575 0.0047733216 -0.0019752681 -0.0047686044 0.99998665 0.017894879 -0.0033931732 0.0117916465
0.99999446 -0.0026155834 0.0020618709 0.0026107372 0.99999374 0.002347473 -0.0020679939 -0.0023420826 0.9999952 0.021885276 0.0030469894 0.0012404919
0.99999684 -0.0024513542 0.00021397322 0.0024510003 0.99999595 0.0013612881 -0.00021730363 -0.0013607629 0.999999 0.023040503 -4.8160553E-05 0.0006324053
1 0 0 0 1 0 0 0 1 -0.044947147 -0.045623302 0.08131564
0.999995 -0.0026718113 0.0013950914 0.0026667542 0.99998945 0.0036242604 -0.0014047772 -0.0036205314 0.9999924 0.022589292 -0.00071525574 0.0043007135
0.999995 -0.0022523548 -0.0021701753 0.0022570011 0.99999505 0.0021545691 0.0021653771 -0.002159427 0.99999535 0.019710336 -0.00053310394 -0.00015544891
0.9999957 -0.00058385264 0.002866581 0.0005791094 0.99999857 0.0016488954 -0.0028675199 -0.0016472116 0.9999946 0.014978707 0.009381771 -0.0049197674
0.99999696 -0.0023764586 -0.0003779214 0.0023770202 0.99999636 0.0013391934 0.00037474 -0.0013400912 0.9999991 0.022869974 0.0016860962 0.00052148104
0.999993 -0.001373142 -0.0034851432 0.0013718605 0.999999 -0.00038816035 0.0034856796 0.0003835261 0.99999404 0.025171041 -0.0095591545 -0.0061651766
0.9924538 -0.09940225 -0.07179922 0.10004556 0.9949682 0.0054124445 0.070899844 -0.01255469 0.9974045 0.080005646 0.07556534 0.5167675
1 0 0 0 1 0 0 0 1 -0.37629795 -0.2217927 0.2710204
0.9999889 -0.0020059368 0.00422439 0.0019912857 0.99999195 0.0034644995 -0.004231304 -0.0034560561 0.99998504 0.011947721 0.0002374649 0.0073951483
0.99999756 -0.0022101118 -0.00048675388 0.002212186 0.99998987 0.0039232103 0.00047808513 -0.003924273 0.99999213 0.011954904 -0.0034546852 0.0048669577
0.9999973 -0.002435158 7.701479E-05 0.002435033 0.9999954 0.0019710287 -8.182041E-05 -0.0019708052 0.99999803 0.023000957 2.9087067E-05 0.0019942522
1 0 0 0 1 0 0 0 1 0.0051527023 0.01294899 -0.0066309683
0.9999974 -0.002226506 -0.0003268458 0.0022270852 0.9999964 0.0014947243 0.0003235191 -0.0014954358 0.9999988 0.022572115 0.0003323555 0.0011466146
0.9999961 -0.0027877572 -0.00036646798 0.0027886252 0.9999933 0.0023696534 0.00035986304 -0.0023706332 0.99999696 0.02263464 -0.0012626648 0.0039893985
0.9999958 -0.0026301004 0.0013537295 0.0026268386 0.9999936 0.0023791268 -0.0013599843 -0.0023755524 0.99999624 0.02315244 -0.00031900406 0.002524674
0.99999845 -0.0017893426 -0.0003347695 0.0017890357 0.9999984 -0.0006811917 0.00033600628 0.00068064034 0.9999997 0.022417068 0.0009088516 -0.0064446926
0.9999971 -0.0023686364 0.00015223678 0.0023682476 0.9999948 0.0021006223 -0.00015721295 -0.0021002628 0.99999774 0.02225297 -0.0026869774 0.0013228059
1 0 0 0 1 0 0 0 1 0.03056693 -8.72612E-05 0.010796189
1 0 0 0 1 0 0 0 1 0.007834673 -0.0030195713 -0.00061059
0.9999973 -0.002080501 0.00076143444 0.0020793965 0.9999965 0.0014363592 -0.00076442584 -0.0014347732 0.9999987 0.02122134 -0.00032782555 9.459257E-05
0.9999847 0.0015469408 -0.005327612 -0.0015422143 0.9999984 0.00086761266 0.005328864 -0.0008593686 0.9999856 -0.010227323 -0.017719269 0.004518211
0.9991869 -0.0031630099 -0.04019749 0.0031132698 0.9999944 -0.0012995601 0.040201396 0.0011734068 0.99919105 -0.55081296 -0.21677494 0.3285346
0.9999969 -0.0015334748 -0.0019931495 0.001539534 0.9999945 0.0029922724 0.001988411 -0.002995327 0.99999344 0.009550095 0.0039787292 0.0076110363
0.99999726 -0.002490602 -2.797693E-05 0.0024906201 0.9999951 0.0019356869 2.3171306E-05 -0.0019357391 0.99999803 0.022636011 0.00010061264 0.0023493767
0.99999636 -0.0025983513 1.4707446E-05 0.0025982792 0.9999951 0.0016460046 -1.8961728E-05 -0.0016459636 0.99999857 0.023713231 0.0004582405 0.0018007755
0.9999962 -0.00276699 0.0006414652 0.002765448 0.9999934 0.0023995722 -0.00064810365 -0.0023977924 0.999997 0.024154466 -0.0012888908 0.0020501018
0.9999974 -0.002237443 0.00043471158 0.002236262 0.9999939 0.002684474 -0.00044071674 -0.0026834905 0.99999624 0.020747453 -8.201599E-05 0.002312541
1 0 0 0 1 0 0 0 1 -0.018620372 0.03126335 -0.0152846575
1 0 0 0 1 0 0 0 1 -0.0057401657 0.0023918152 -0.0017015934
0.99999565 -0.0026437393 0.001236113 0.0026400005 0.9999921 0.002993822 -0.0012440213 -0.0029905587 0.9999949 0.024002701 0.0023469925 0.007294357
0.9999976 -0.0021732473 9.219535E-05 0.0021731176 0.99999666 0.0014885198 -9.5427036E-05 -0.0014883243 0.99999887 0.022855556 -0.0051255226 -0.0024023652
1 0 0 0 1 0 0 0 1 -0.034279764 0.021277428 -0.10464835
0.9999961 -0.0026712073 -0.00041981414 0.0026719575 0.9999944 0.0020057335 0.00041444227 -0.0020068511 0.9999979 0.021232337 0.00032377243 0.003571272
0.9999977 -0.0019007241 0.0012705959 0.001898136 0.9999962 0.0020548403 -0.0012744889 -0.0020524077 0.99999714 0.0018299818 0.005894661 -0.0030916333
0.9999975 -0.0023059023 0.0003304109 0.0023043347 0.9999875 0.004502889 -0.00034078956 -0.0045021195 0.99998987 0.012703553 -0.0045957565 0.0108262
0.99999666 -0.0025097667 0.00024400651 0.0025093516 0.9999957 0.0015894646 -0.00024798512 -0.0015888361 0.99999857 0.023184191 -0.002641201 -0.0005236566
0.99999654 -0.002680556 -0.00040980428 0.0026816798 0.9999932 0.0026039816 0.00040286034 -0.002605054 0.99999654 0.023436666 -0.00070905685 0.0034281611
1 0 0 0 1 0 0 0 1 0.022147655 -0.022993922 -0.017530322
0.999997 -0.0023524372 0.00025837682 0.00235201 0.9999959 0.0016184412 -0.00026219152 -0.001617834 0.9999986 0.022699878 0.0013313293 0.0014928579
0.9999987 -0.0016489271 -0.00025813282 0.0016494887 0.9999972 0.0017721057 0.00025520474 -0.001772508 0.99999833 0.018107817 0.0022616386 0.00017756224
0.99999696 -0.00241749 -0.000306651 0.0024180394 0.9999954 0.001912185 0.0003020391 -0.0019129189 0.99999803 0.022182167 -0.005045414 0.0006430745
0.999997 -0.0025396096 0.00016727298 0.0025392557 0.99999404 0.002397433 -0.00017336011 -0.0023969896 0.9999972 0.023624703 0.0014400482 0.0037730336
1 0 0 0 1 0 0 0 1 0.013144761 -0.0032935143 -0.008202989
0.9999954 -0.0026693437 0.0014231727 0.0026627677 0.9999855 0.0046445695 -0.001435563 -0.00464076 0.99998826 0.017951146 -0.0037908554 0.010268688
1 0 0 0 1 0 0 0 1 0.022025108 -0.0090065 -0.08858734
0.9999937 0.0026385095 -0.0023877472 -0.0026208423 0.99996924 0.0073881596 0.0024072975 -0.0073818564 0.9999701 -0.043426275 0.00917244 0.047520265
0.99999654 -0.0026485533 0.00029456988 0.0026479093 0.9999939 0.0022141282 -0.00030043162 -0.0022133458 0.99999756 0.02400017 -0.0010309219 0.002571702
0.9999955 -0.0027068125 0.0013583414 0.002701015 0.99998754 0.0042239316 -0.0013697601 -0.0042202417 0.99999017 0.019016195 -0.0007286072 0.009184718
0.9999961 -0.002779126 0.0003105253 0.0027781127 0.9999906 0.0033324081 -0.0003197831 -0.0033315346 0.99999446 0.022178844 0.00050878525 0.0069420934
0.9999973 -0.0022684857 0.00045215897 0.0022677858 0.9999962 0.0016246904 -0.000455847 -0.0016236566 0.99999857 0.022684634 9.346008E-05 0.00025981665
1 0 0 0 1 0 0 0 1 -0.15695286 0.04260826 0.04484403
0.9999957 -0.0028360263 0.00088600814 0.002832414 0.9999876 0.0040752804 -0.0008975491 -0.004072751 0.9999913 0.020688951 -0.0020751953 0.008355081
0.99999535 -0.0025413984 0.0016420297 0.002534959 0.999989 0.003963195 -0.0016520768 -0.0039590113 0.99999076 0.020825215 -0.0010080338 0.005934179
0.9999978 -0.0020671259 -4.478544E-05 0.0020670579 0.9999971 0.0012973472 4.2118132E-05 -0.0012974441 0.99999917 0.020847946 -0.005397558 -0.00094103813
0.9999962 -0.0027741105 0.00057160854 0.0027723606 0.9999918 0.0029672068 -0.00057982653 -0.0029655993 0.99999535 0.022643387 0.00010728836 0.002785921
1 0 0 0 1 0 0 0 1 0.05610442 0.015052795 -0.046954513
0.9999971 -0.002344042 0.00078611076 0.0023431121 0.9999967 0.0011310652 -0.0007887706 -0.0011292063 0.99999905 0.024453014 0.00027251244 -0.0010330677
1 0 0 0 1 0 0 0 1 0.28334332 -0.41715813 0.15012431
0.99996275 -0.0071512945 -0.0048445463 0.007149264 0.9999744 -0.00039744377 0.0048474073 0.00036285818 0.99998826 0.0529629 0.0069036484 0.0002053976
0.99999654 -0.0024210773 -0.0010810196 0.0024223886 0.99999636 0.0012283027 0.0010780394 -0.0012308881 0.99999875 0.020568669 -0.023270488 -0.0077185035
0.99999726 -0.0023849271 0.0002267696 0.0023842608 0.9999928 0.0029964503 -0.00023390725 -0.002995897 0.9999955 0.017474025 -0.008005142 0.0011131763
0.9999955 -0.002561887 -0.001457721 0.0025644917 0.99999493 0.0017949175 0.0014531016 -0.0017986558 0.9999974 0.0224545 -0.002660036 -0.0010935366
0.9999958 -0.0028081147 -7.40923E-05 0.0028082435 0.99999475 0.0016060574 6.9603324E-05 -0.0016062609 0.99999875 0.023338247 -0.0004067421 0.0015588105
0.9889133 -0.11700827 -0.09143318 0.116297305 0.99312836 -0.013084561 0.09233585 0.002305895 0.9957254 0.15751863 0.09009123 0.44755018
0.9999952 -0.0022265506 0.0022658408 0.0022250954 0.9999975 0.00065009855 -0.0022672564 -0.0006450657 0.99999714 0.010484815 0.00018453598 -0.005182117
0.9999942 -0.0032474415 -0.0007459223 0.0032483214 0.9999938 0.0010849666 0.0007423982 -0.0010873824 0.99999905 0.026118934 -0.004812956 -0.0067228675
0.999996 -0.002585587 0.0010114759 0.0025838008 0.9999945 0.0019741403 -0.0010165572 -0.0019715289 0.9999975 0.025731266 -0.0016050339 -0.0020254254
1 0 0 0 1 0 0 0 1 0.028020859 -0.097997665 0.12939042
0.9999964 -0.0026198444 -0.00041480735 0.002620604 0.99999475 0.0018354654 0.000409998 -0.0018365905 0.9999984 0.026970118 0.0059018135 0.001065731
0.99999726 -0.0023963745 0.00020442158 0.0023959274 0.99999577 0.0017542653 -0.00020865351 -0.0017537288 0.99999845 0.02333942 0.002304554 0.0010409951
1 0 0 0 1 0 0 0 1 -0.5016608 -0.24902534 0.20797181
1 0 0 0 1 0 0 0 1 -0.018408507 0.007171631 -0.012469292
0.9999946 -0.002489782 0.0021400228 0.00248017 0.9999868 0.004488431 -0.0021511838 -0.004483102 0.99998766 0.016993804 -0.0036067963 0.008340597
1 0 0 0 1 0 0 0 1 0.020139456 -0.016015053 0.0007554889
0.9999969 -0.0024370288 -0.00027183443 0.0024376358 0.99999356 0.0026009204 0.0002654884 -0.002601576 0.9999965 0.020083696 -0.002436161 0.00010961294
0.99999714 -0.0023028161 -0.00038342923 0.002303305 0.9999966 0.0011978149 0.00038067997 -0.0011986997 0.9999992 0.023088723 0.00015258789 -0.0019859672
0.99999785 -0.002166167 0.00040224195 0.0021653583 0.9999956 0.0021126918 -0.0004068017 -0.0021118151 0.99999774 0.0074396133 0.00021839142 0.000109910965
0.99999666 -0.0021572039 0.001483053 0.002150721 0.9999884 0.0043334477 -0.0014923662 -0.004330259 0.99998957 0.0129021555 -0.0084524155 0.0035009682
0.9999966 -0.002563436 3.4210272E-05 0.0025633778 0.9999951 0.0016616285 -3.846269E-05 -0.0016615391 0.9999985 0.02267012 -0.00050640106 0.0010413527
0.9999965 -0.002668268 -7.452443E-05 0.0026684348 0.9999952 0.0016323403 7.016212E-05 -0.0016325116 0.99999875 0.023544014 0.00039100647 0.00096291304
0.9956347 -0.07191843 -0.05948603 0.07465017 0.99619204 0.045045607 0.05601996 -0.049289614 0.9972122 -0.075948 0.14065647 0.7578614
0.99999744 -0.002205149 -2.0085834E-05 0.0022050806 0.9999964 0.001491446 1.6795471E-05 -0.0014914852 0.99999875 0.022654742 -0.0023140907 0.00031089783
0.9999957 -0.0027040953 0.0013568252 0.0026979863 0.99998665 0.004435972 -0.0013687946 -0.00443229 0.99998933 0.019492842 -0.0033855438 0.009322166
0.9999962 -0.0027321863 -0.00012405124 0.0027325158 0.9999928 0.0026954822 0.00011668727 -0.0026957989 0.9999963 0.023973137 0.0007147789 0.006568432
0.9999622 -0.0074925157 -0.0044106506 0.007528131 0.99993885 0.008128634 0.00434947 -0.008161521 0.99995726 0.026291847 -0.023586273 0.039168954
0.9999975 -0.0022158073 0.00022989092 0.0022155468 0.9999968 0.0013142843 -0.0002328027 -0.0013137702 0.99999905 0.022539198 -0.002105713 -0.00081551075
0.99999654 -0.002616112 0.00015415624 0.0026156695 0.9999931 0.0025364913 -0.00016079098 -0.002536089 0.9999968 0.022720173 -0.00057554245 0.0033572912
0.9999976 -0.0022584526 0.00031639636 0.0022571506 0.9999883 0.004278956 -0.0003260374 -0.004278226 0.99999094 0.010870516 -0.0053138733 0.010354251
0.9999971 -0.002330885 -0.000102736056 0.0023311328 0.99999315 0.0028274264 9.613484E-05 -0.0028276658 0.99999595 0.017960742 -0.00035953522 0.0042576194
1 0 0 0 1 0 0 0 1 -0.026219368 0.0059962273 -0.009168148
0.9999945 0.00039143645 0.0032680184 -0.00039623646 0.9999988 0.0015107391 -0.0032674372 -0.0015120558 0.99999344 -0.04939401 -0.10060263 -0.0008045435
0.9999613 -0.0041014776 -0.0077512115 0.0041239634 0.99998707 0.0028923433 0.0077392906 -0.0029241443 0.99996567 0.036587894 -0.002017498 0.013006002
0.99998075 -0.0032969117 0.005168557 0.003282696 0.99999064 0.0027494193 -0.0051775854 -0.002732378 0.99998283 0.015998065 0.0037727356 0.009162495
0.9999964 -0.002693308 0.00013788184 0.0026930098 0.9999943 0.0020801798 -0.00014348375 -0.0020797998 0.999998 0.023776852 -0.00041627884 0.0034713745
1 0 0 0 1 0 0 0 1 -0.0009797812 0.08001518 0.017073274
0.9999966 -0.0026646785 -0.00035261363 0.0026656126 0.9999938 0.0024420414 0.00034606457 -0.0024429634 0.99999696 0.023243006 0.00077056885 0.0020391345
0.9999968 -0.0024211514 -0.0003149379 0.002421905 0.9999946 0.0022325255 0.0003095325 -0.0022332817 0.9999974 0.020063922 0.00015115738 0.0032542944
0.9999969 -0.002285427 -0.0006182082 0.0022878335 0.9999889 0.0040393956 0.00060898066 -0.0040408187 0.99999154 0.011919171 0.00712204 0.010636151
0.9999973 -0.002221378 0.0002143085 0.0022208404 0.9999946 0.0024562217 -0.00021976605 -0.0024557412 0.9999968 0.012727171 0.009132862 0.0013898611
1 0 0 0 1 0 0 0 1 0.019887805 0.02446413 0.015331984
0.9999975 -0.0022813042 0.00033389032 0.002280157 0.99999166 0.0033995153 -0.00034163147 -0.0033987493 0.9999942 0.01363948 -0.0033273697 0.0051571727
1 0 0 0 1 0 0 0 1 -0.052577794 -0.0427866 0.0043992996
1 0 0 0 1 0 0 0 1 -0.4362483 -0.12280798 0.2240572
0.99114156 -0.10534541 -0.080871895 0.10433846 0.99440336 -0.016590243 0.082166955 0.008005079 0.99658626 0.10249734 0.043468475 0.38934183
1 0 0 0 1 0 0 0 1 -0.5392449 -0.1628046 0.29078698
0.9999669 0.00010287622 -0.008130737 -6.633159E-05 0.99999 0.004487455 0.008131124 -0.0044867843 0.9999569 0.024001598 -0.015970707 0.0046512485
0.99999523 -0.0030152283 0.0006497279 0.003013182 0.99999064 0.003063826 -0.00065895915 -0.0030618552 0.99999505 0.02398628 -0.0015716553 0.007938385
0.99999774 -0.0021282854 -6.850064E-05 0.0021284237 0.9999968 0.0013202354 6.567687E-05 -0.0013204031 0.99999917 0.022469029 0.0022530556 0.0013290048
1 0 0 0 1 0 0 0 1 -0.0088739395 -0.0067334175 0.010746673
0.99999624 -0.0016589062 0.002241537 0.0016518049 0.9999939 0.0031246543 -0.0022467524 -0.0031209514 0.9999926 0.007015109 -0.005883217 -0.006246268
0.9999962 -0.0027673729 9.435415E-05 0.0027669743 0.9999867 0.0044003837 -0.0001065433 -0.004400082 0.99999034 0.018206913 0.0023202896 0.020062596
0.99999714 -0.0022545601 -0.00064010546 0.0022553576 0.99999654 0.0012817793 0.000637237 -0.001283221 0.9999991 0.021985658 0.0010581017 -0.0012144446
0.9999978 -0.0018578907 0.00062356144 0.0018567325 0.9999963 0.0018216893 -0.00062695146 -0.0018205494 0.9999981 0.01944822 -0.0010991096 -0.0009355247
-0.2267815 -0.18906851 -0.9554179 0.06473871 0.9758806 -0.20848455 0.9717916 -0.109132975 -0.20907162 -2.2592735 0.15227962 2.754737
0.99994177 0.010728844 -0.0011263574 -0.010722641 0.9999277 0.0054612504 0.0011848689 -0.005448857 0.99998444 0.02965653 -0.044005394 0.0031123757
0.99999547 -0.0021037613 0.00202265 0.0021020793 0.9999974 0.000881508 -0.0020244755 -0.00087727606 0.9999976 0.02657099 0.0031547546 -0.0017361641
0.99999726 -0.002329698 -9.7461045E-05 0.0023298792 0.99999535 0.0019976292 9.279698E-05 -0.001997862 0.999998 0.022224844 -0.0001411438 0.0012390614
1 0 0 0 1 0 0 0 1 -0.05353093 0.00071144104 -0.006362796
1 0 0 0 1 0 0 0 1 -0.016064763 0.02722454 -0.019414097
0.99999535 -0.0028673436 0.0010690764 0.002863749 0.99999046 0.0033064578 -0.0010785535 -0.0033034347 0.999994 0.02243009 0.0022888184 0.007766962
1 0 0 0 1 0 0 0 1 0.02987802 -0.035966676 -0.0018439591
0.99998933 -0.0045530433 -0.00080085546 0.004554238 0.9999886 0.0014958126 0.00079403445 -0.001499448 0.9999986 0.03842473 0.0061000586 -0.0037128925
0.9999604 -0.00069347955 -0.008847006 0.00068150344 0.99999875 -0.001361452 0.008847922 0.0013553873 0.99996 0.018053453 -0.022490025 0.013002098
0.999997 -0.0023911565 -4.7259033E-05 0.0023911698 0.9999963 0.0013027713 4.412979E-05 -0.0013028905 0.9999991 0.022755235 0.00089097023 1.21593475E-05
0.99999744 -0.0021372363 -0.0002573803 0.002137376 0.9999978 0.00054803677 0.00025623292 -0.0005485732 0.99999964 0.016722023 0.001821518 -0.001448214
0.99999666 -0.0023599842 -0.0009594988 0.002362542 0.9999937 0.002681774 0.00095316395 -0.002684032 0.9999959 0.020862892 -0.0029053688 0.0016582012
0.99999803 -0.0019065817 -0.00031985343 0.0019076932 0.99999136 0.0036734194 0.00031289458 -0.0036740191 0.9999932 0.010662384 0.0041923523 0.0105237365
0.999997 -0.0022405349 0.0011419132 0.0022366396 0.9999918 0.003362991 -0.0011494309 -0.0033604316 0.99999374 0.019546784 0.0018868446 0.005987346
1 0 0 0 1 0 0 0 1 -0.014351606 0.0049262047 0.025365114
1 0 0 0 1 0 0 0 1 0.043791413 -0.024452314 -0.009293556
1 0 0 0 1 0 0 0 1 0.008898735 -0.0011258125 0.0077868104
0.9999966 -0.0025830958 0.0004066676 0.002581954 0.9999926 0.0028362647 -0.00041401386 -0.002835203 0.9999959 0.022442449 0.001396656 0.0048578978
0.99999624 -0.002723255 0.00016342103 0.0027225818 0.9999866 0.0043659694 -0.00017530844 -0.0043655103 0.99999046 0.019213706 -0.002269268 0.011097133
0.99999744 -0.0022061062 0.00031381194 0.0022054997 0.9999963 0.0016992558 -0.00031755771 -0.0016985442 0.9999984 0.02209476 -0.0009083748 0.000972569
1 0 0 0 1 0 0 0 1 0.0076067448 0.0065817833 -0.022580788
0.9999971 -0.002343135 0.00043925643 0.002342397 0.9999961 0.0015345961 -0.0004428476 -0.0015335418 0.99999875 0.023636907 -0.00021648407 -2.4139881E-05
0.9997387 -0.015331132 -0.016956031 0.015555645 0.99979204 0.013192758 0.016750246 -0.013453156 0.9997692 0.14071465 0.009595871 0.10358995
0.98659337 -0.14187458 -0.080655955 0.14420319 0.98926234 0.02378875 0.07641482 -0.035100706 0.99645805 0.35172677 0.29079533 0.7016659
0.9999961 -0.0027508712 -0.0005318709 0.0027524445 0.9999918 0.003036609 0.0005235076 -0.003038058 0.9999952 0.019403566 -0.0002193451 0.0067414045
1 0 0 0 1 0 0 0 1 0.019005686 -0.005280018 0.0022601485
0.9999956 -0.0023975926 0.001722753 0.0023895935 0.9999865 0.004591968 -0.0017337501 -0.004587843 0.99998814 0.016592406 -0.0038061142 0.009963691
0.99999624 -0.0022143377 0.0015631169 0.0022076815 0.9999885 0.004222486 -0.0015724599 -0.004219003 0.99998987 0.014473118 -0.007884979 0.0028300285
0.99999535 0.00013716146 0.003070712 -0.00012736395 0.999995 -0.0031413287 -0.003071174 0.0031410158 0.9999904 0.01703012 -0.0008966923 -0.009018637
0.99389154 -0.09126027 -0.06205561 0.090074115 0.9956996 -0.02165626 0.063765146 0.01593422 0.9978376 0.045767546 -0.011114597 0.2998395
0.9999981 -0.0015215136 0.0011092972 0.0015180726 0.9999939 0.0031020343 -0.0011140099 -0.0031003505 0.9999945 0.0021650791 0.006491661 0.0041104555
0.9999958 -0.002389859 0.0015862584 0.0023845313 0.99999154 0.003330348 -0.0015941709 -0.0033265473 0.9999931 0.018818304 -0.0034928322 0.002158165
0.99999106 -0.000525658 0.004146099 0.0005116584 0.9999939 0.0034135208 -0.0041478276 -0.0034114085 0.9999856 -0.0051629543 -0.002093792 0.0055635273
0.999997 -0.0022658836 0.0010588802 0.0022615641 0.9999892 0.0040715486 -0.0010680892 -0.004069146 0.9999911 0.018288031 -0.0064792633 0.0042090714
0.9999957 -0.002325201 0.0017099231 0.0023236023 0.99999666 0.00096344575 -0.001712203 -0.0009594895 0.999998 0.027103662 -0.002084732 -0.0014957637
0.99999666 -0.0027116954 5.28479E-05 0.0027114898 0.999989 0.0038914643 -6.340165E-05 -0.0038913144 0.9999924 0.018540949 -0.0053157806 0.0070234537
0.99999213 -0.0039261393 -0.0007906258 0.0039320514 0.9999638 0.007539667 0.0007609576 -0.0075427406 0.99997133 0.022973001 -0.0042762756 0.041896813
0.9999962 -0.0025084883 -0.0014399113 0.0025117164 0.9999946 0.0022497596 0.0014342526 -0.002253363 0.9999964 0.019919463 -0.00355196 0.0030563474
0.99999714 -0.0019275299 -0.0013360828 0.0019277898 0.9999979 0.0002715811 0.0013355762 -0.00027408823 0.99999905 0.023325343 0.0029411316 -0.0020519495
0.999994 -0.0030093999 0.0016507357 0.0030036515 0.9999895 0.0034742393 -0.0016611814 -0.0034692418 0.9999924 0.020571783 -0.0025691986 0.0077726543
0.9999965 -0.0025147637 -0.0003749635 0.0025152252 0.9999955 0.0015728101 0.00037100352 -0.0015737563 0.9999986 0.023173347 0.0036597252 0.0011915565
0.9999855 -0.0040220516 -0.0036140382 0.0040344037 0.99998623 0.0034111533 0.0036002398 -0.00342568 0.9999876 0.02946651 -0.023483276 0.0005837381
1 0 0 0 1 0 0 0 1 -0.058023453 0.0030212402 -0.027794003
0.99999726 -0.0022986387 -0.00024012849 0.0022988957 0.99999654 0.0011650473 0.00023746118 -0.0011656061 0.9999992 0.02317857 0.0006456375 0.00026094913
0.99999714 -0.002285426 -0.00042654574 0.0022858037 0.9999969 0.0007998403 0.0004247576 -0.0008008145 0.99999964 0.021449938 -0.002061367 -0.0018902421
0.99999464 -0.0031333705 0.0010432657 0.003129961 0.99998987 0.0032081986 -0.0010533072 -0.0032049166 0.99999434 0.020730227 -0.0016703606 0.003281027
0.999996 -0.0021257277 -0.0017190613 0.0021266057 0.99999756 0.0005152896 0.00171794 -0.00051890314 0.9999984 0.024247289 -0.018750161 -0.0067431927
1 0 0 0 1 0 0 0 1 0.01830101 -0.003829956 -0.0011372268
1 0 0 0 1 0 0 0 1 0.004923582 0.011897564 -0.018210113
0.9999964 -0.0025539412 0.0006168932 0.002552819 0.99999475 0.0020421855 -0.0006220862 -0.0020406172 0.9999978 0.023882948 0.0036411285 0.00144732
1 0 0 0 1 0 0 0 1 0.047185898 -0.0039229393 -0.027324796
0.9998787 0.001015149 0.015544161 -0.0010264516 0.99999905 0.0007144734 -0.015543431 -0.00073029846 0.99987906 -0.029920101 -0.075430155 0.022316635
1 0 0 0 1 0 0 0 1 0.015633702 -0.0020532608 -0.038969576
1 0 0 0 1 0 0 0 1 0.035894394 -0.020244598 -0.013394296
0.99999726 -0.002327846 -0.00044836104 0.0023284915 0.9999964 0.0013463087 0.00044522155 -0.0013473406 0.99999887 0.022113308 0.0009908676 0.0003684759
0.9999955 -0.0029506527 0.0002750419 0.0029495298 0.99998724 0.0041387156 -0.00028725062 -0.004137896 0.9999913 0.022626609 -0.0059609413 0.0060839653
0.99999696 -0.002261366 0.0008873157 0.0022596791 0.99999577 0.0019214507 -0.0008916557 -0.0019194372 0.99999785 0.022651654 -0.0012965202 0.0007571578
0.9999953 -0.0030863713 0.0003806278 0.0030853197 0.9999912 0.0027966378 -0.00038925186 -0.002795455 0.9999961 0.023781493 -0.0007557869 0.0044890046
0.28709647 0.3438434 -0.89406246 0.7123497 -0.700643 -0.040711313 -0.6404169 -0.625197 -0.44608867 -7.907196 13.678625 -2.0852563
0.99999464 -0.0025735665 0.0019472837 0.0025677914 0.9999921 0.0029601082 -0.0019549131 -0.002955161 0.99999374 0.028030425 0.0067443848 -0.0033721328
0.9999971 -0.0022907152 -0.00025526807 0.0022911113 0.99999624 0.0014479216 0.00025194697 -0.0014485121 0.99999905 0.022106037 -0.00093364716 0.0008545518
0.99999666 -0.0024829733 -0.0005846489 0.0024834934 0.9999963 0.0009903312 0.00058218464 -0.0009917784 0.9999993 0.021386992 -0.00036287308 -0.000693202
0.9999747 -0.004507286 0.0054939217 0.0044821305 0.99997944 0.004606165 -0.005514561 -0.004581414 0.99997425 0.033005595 0.021562576 0.011907637
0.9999964 -0.002580619 -0.00061229616 0.002581746 0.99999475 0.0019499473 0.0006072745 -0.0019515026 0.9999979 0.024317324 -0.0018167496 0.0019344687
0.9999929 -0.002533575 0.0028095916 0.0025236579 0.99999034 0.003553573 -0.002818592 -0.0035464615 0.99998987 0.016950935 0.00203228 0.0040106773
0.9999922 -0.0022773829 0.0032435954 0.0022717272 0.99999577 0.0017316584 -0.0032474995 -0.0017242674 0.99999326 0.024742914 -0.008306026 -0.0071350336
0.9922368 -0.09790528 -0.07668835 0.09688744 0.9951521 -0.016891256 0.077970296 0.009330377 0.99691206 0.060266018 0.020124912 0.3725834
0.91837806 -0.07194105 -0.38910982 -0.084207 -0.9963422 -0.014535634 -0.38664085 0.04611486 -0.9210766 -1.1792891 12.342323 -6.1374593
0.99999696 0.0025245193 -0.0004259646 -0.0025220625 0.9999801 0.0057774186 0.00044049323 -0.005776301 0.9999833 -0.04740548 0.0089530945 0.021320939
0.99999744 -0.0022222954 0.0005874261 0.002221263 0.99999624 0.0015831322 -0.0005909428 -0.0015818216 0.9999985 0.023785993 -0.0029482841 -1.8715858E-05
0.9999973 -0.0023149573 -0.00023016334 0.0023151864 0.9999966 0.0011333786 0.00022753328 -0.0011339113 0.9999993 0.023060054 0.00051784515 0.00043416023
0.9999967 -0.0024526287 -0.000101961195 0.0024526687 0.99999684 0.00074674934 0.00010012835 -0.00074694306 0.99999946 0.024381012 0.0039162636 0.0005352497
0.9999971 -0.002447829 -0.0003052503 0.0024483344 0.9999957 0.0017834827 0.0003008712 -0.0017841831 0.9999982 0.022947207 0.0008773804 0.0016917586
0.99999654 -0.0021369667 0.0015616072 0.0021350884 0.9999969 0.0012717899 -0.0015643197 -0.0012684539 0.99999803 0.022376012 -0.0009765625 -0.00082194805
0.9999981 -0.0018976605 -0.0003867522 0.0018976722 0.9999983 -1.3232231E-05 0.0003868118 1.2502074E-05 0.9999999 0.023428306 0.0042881966 -0.002827108
1 0 0 0 1 0 0 0 1 -0.077651024 -0.010536194 -0.0009661168
0.99998 -0.0042963326 0.0046400726 0.004275255 0.99998057 0.004526973 -0.0046593547 -0.0045070797 0.999979 0.047370315 0.011552811 0.004378766
0.9999963 -0.002654463 0.0003792569 0.002653461 0.99999267 0.0027224198 -0.00038650632 -0.002721399 0.9999963 0.021187097 -0.0064201355 0.0017414987
1 0 0 0 1 0 0 0 1 0.014038146 -0.00399971 0.0007458925
1 0 0 0 1 0 0 0 1 0.010802746 0.008830547 0.017780423
0.99153477 -0.10639885 -0.07441722 0.10623485 0.9943218 -0.0061701536 0.07465109 -0.0017879903 0.99720806 0.12689424 0.07025814 0.44902754
0.99999565 -0.0029142257 -4.0810555E-06 0.0029141796 0.9999907 0.0031703226 -5.159527E-06 -0.0031703338 0.99999505 0.021821182 0.0028152466 0.007690549
0.9999948 -0.0030967514 0.0006407201 0.0030944613 0.9999893 0.0034368113 -0.0006513819 -0.0034348145 0.9999938 0.02072173 -0.0016269684 0.006855428
0.999998 -0.0018975735 0.0007645488 0.0018964708 0.999997 0.0014993623 -0.0007673204 -0.0014978871 0.9999985 0.022332698 0.018123627 0.006649375
0.99999416 -0.0022254633 0.0025788546 0.0022144536 0.9999885 0.004252428 -0.002588287 -0.004246734 0.99998766 0.016512252 -0.0065727234 0.0013594031
0.92671233 0.069748744 0.3692417 -0.19158766 0.9330136 0.30459744 -0.32326224 -0.35301638 0.8779982 -0.60190594 -0.3133042 0.8981027
0.9999968 -0.00076407345 -0.0023853406 0.00076694484 0.99999887 0.0011520926 0.0023844764 -0.0011539273 0.9999965 0.010672897 -0.0013718605 -0.004826963
0.99999714 -0.0024499302 7.181615E-05 0.0024497388 0.9999945 0.0022048987 -7.723272E-05 -0.002204719 0.9999976 0.010250062 0.0011439323 0.0048552155
0.99999905 -0.000425327 0.0013801977 0.00042359193 0.9999992 0.0011982433 -0.0013806969 -0.0011976548 0.9999984 0.0047478676 -0.0019495487 -0.0062494874
0.99999666 -0.0026253057 9.8425895E-05 0.0026251103 0.9999944 0.002068087 -0.00010385364 -0.002067824 0.99999785 0.022750787 -0.0014743805 0.0017120242
0.9999968 -0.0023887213 -0.0006448217 0.0023896191 0.99999624 0.0013888665 0.0006415136 -0.0013903826 0.9999986 0.02350089 0.00044202805 -0.0014047623
0.7053685 -0.62698513 -0.33067346 0.66224 0.7492491 -0.007997915 0.25277135 -0.21334374 0.94371134 2.1525893 3.6043437 2.3890607
0.99999815 -0.0017852737 -0.00048835576 0.0017863803 0.9999954 0.0024436936 0.00048401952 -0.0024445578 0.9999967 0.015634656 -4.9114227E-05 0.0016574264
0.9999966 -0.0023625456 -0.0012065917 0.0023670432 0.9999904 0.0037008934 0.001197841 -0.0037037395 0.9999925 0.016185135 -0.0063319206 0.0030589402
0.9999953 -0.002955028 -0.00016997755 0.0029556006 0.9999911 0.0029825307 0.00016117468 -0.0029830337 0.9999955 0.023451075 0.0016160011 0.005249858
0.9999966 -0.0021141283 -0.001360245 0.0021185577 0.999992 0.0033682347 0.0013531744 -0.0033710822 0.99999326 0.020372689 -0.0030522346 0.009345293
0.9999971 -0.0024622981 0.00028416514 0.0024616008 0.99999374 0.0024651326 -0.00029022992 -0.002464436 0.99999696 0.022436045 0.003900528 0.0019453764
0.9999969 -0.002489142 -0.00013124943 0.0024894278 0.9999954 0.0016613565 0.00012711808 -0.0016616844 0.9999986 0.023241311 0.0012798309 0.002000928
1 0 0 0 1 0 0 0 1 -0.0015533268 -0.0037076473 0.012138963
0.99999756 -0.0021835011 -5.538389E-05 0.0021835065 0.9999963 0.0016417219 5.1788986E-05 -0.0016418425 0.99999875 0.021119058 -0.0023322105 -0.0017856061
0.99999636 -0.0025051497 0.0005062446 0.0025041685 0.9999948 0.0019610934 -0.0005111322 -0.0019598305 0.999998 0.022648215 -0.000187397 0.0021022558
0.960682 0.1742207 -0.21618776 -0.18892857 0.9807584 -0.049179137 0.20345993 0.08808958 0.97511226 -1.3033555 0.5519161 -1.2301567
0.99999857 -0.0016351496 0.00053080916 0.0016333349 0.99999225 0.0035586944 -0.00053671 -0.0035578252 0.99999356 0.0033317804 1.7166138E-05 0.009100407
0.99999636 -0.0026699046 0.00040995702 0.0026681926 0.999987 0.004279662 -0.0004213713 -0.004278558 0.9999907 0.01839197 -0.004000187 0.008231521
0.9999971 -0.001089969 0.0022160932 0.0010853008 0.9999973 0.0021324009 -0.0022184066 -0.0021299813 0.9999953 0.010343984 -0.0027589798 -0.002576828
0.99993175 -0.011095084 -0.0036955327 0.011130691 0.9998906 0.0097473115 0.003586933 -0.009787872 0.99994576 0.091789134 -0.0029439926 0.064074226
0.99999815 -0.0019735533 0.0001827851 0.0019733375 0.9999968 0.0016323142 -0.0001859963 -0.0016319416 0.9999987 0.020239174 -0.00027632713 -0.0009251237
0.9999973 -0.0022166152 0.00023204368 0.0022164201 0.99999726 0.00073240325 -0.00023366697 -0.000731878 0.99999964 0.023109555 4.6253204E-05 -0.00034302473
1 0 0 0 1 0 0 0 1 -0.019205093 0.0063843727 -0.008390725
0.9945786 -0.07122791 -0.07576147 0.071448475 0.9974443 0.00020158291 0.075553484 -0.0056135356 0.9971259 -0.1284306 0.013361931 0.46647334
0.99999833 -0.0017195055 0.00028592348 0.0017182236 0.999989 0.004359605 -0.00029343367 -0.004359115 0.99999034 0.007834882 -0.002456665 0.011574626
1 0 0 0 1 0 0 0 1 -0.07464194 0.033826828 -0.09371579
0.9920789 -0.09837034 -0.078118846 0.09767735 0.99513763 -0.012650542 0.07898329 0.0049199834 0.99686384 0.06136155 0.034094334 0.40848303
0.99999696 -0.002425487 0.00039270148 0.0024247242 0.9999952 0.0018916018 -0.00039729103 -0.0018906407 0.99999803 0.023305058 0.00038433075 0.0012221336
1 0 0 0 1 0 0 0 1 -0.06193745 -0.007933617 -0.056099594
0.9831405 -0.14107496 -0.11632866 0.14923841 0.9866824 0.06469749 0.10565227 -0.080967374 0.9911013 0.2390492 0.41815472 1.0872996
1 0 0 0 1 0 0 0 1 -0.46063972 -0.2185216 0.2157836
0.99999744 -0.0022932335 0.00018735602 0.002293024 0.9999963 0.0015018545 -0.0001907982 -0.001501428 0.99999887 0.023005635 -0.0013422966 0.00046801567
0.9999972 -0.002285388 -0.0005676374 0.002286796 0.9999944 0.0024472903 0.0005620271 -0.002448583 0.99999684 0.019303452 0.0023903847 0.0037139058
1 0 0 0 1 0 0 0 1 0.0001270175 0.01007843 0.0018841028
0.999997 -0.0024144372 0.0009090714 0.0024103806 0.9999877 0.0044558495 -0.000919804 -0.0044536516 0.99998975 0.016598046 -0.007816315 0.005448103
0.9999959 -0.0026589679 0.000740096 0.002657313 0.9999932 0.002419509 -0.000746496 -0.0024175495 0.9999968 0.023900554 -0.0020136833 0.0018834472
1 0 0 0 1 0 0 0 1 0.0020266771 -0.015753627 -0.04410696
0.9999976 -0.002059061 0.0009300709 0.0020544082 0.99998575 0.004963167 -0.0009403527 -0.00496123 0.99998724 -0.008578375 -0.013034821 0.0128925
0.99226 -0.09565988 -0.07917857 0.094903514 0.99539816 -0.013269424 0.080083534 0.005652517 0.9967722 0.03792286 0.021960258 0.4028721
0.9999964 -0.0021717106 0.0015645567 0.0021643755 0.9999865 0.0046792533 -0.0015746988 -0.0046758465 0.99998784 0.014715388 -0.004012108 0.008260608
0.99999094 -0.0011482188 0.0040646493 0.0011303797 0.99998957 0.0043936 -0.004069671 -0.0043889433 0.99998206 0.0131163 -0.043478966 -0.0068560243
0.99912554 0.0065797567 -0.041298583 -0.0059790015 0.99987495 0.014648646 0.04138972 -0.014389247 0.99903953 -0.60596585 -0.18818426 0.44915438
0.99999404 -0.0034106695 -2.1830201E-05 0.0034106923 0.99998957 0.0030467678 1.14664435E-05 -0.0030468265 0.99999535 0.023955166 0.00028705597 0.010427862
0.99999726 -0.0023039249 -0.00034074858 0.00230455 0.9999961 0.0015813857 0.00033711642 -0.001582168 0.99999887 0.022468165 0.0006785393 0.0016552806
0.9999931 -0.0030630631 0.002037745 0.0030601397 0.9999941 0.0014455155 -0.0020421706 -0.0014392682 0.9999968 0.027741764 -0.00049066544 -0.0012569427
1 0 0 0 1 0 0 0 1 0.017573655 0.003029108 -0.020015955
1 0 0 0 1 0 0 0 1 0.020166636 0.0052708387 -0.0011957884
1 0 0 0 1 0 0 0 1 0.12082434 -0.0648818 0.19713724
0.9999975 -0.0022928398 -0.00044563413 0.0022935143 0.9999963 0.0015407838 0.00044209883 -0.0015418082 0.99999887 0.022127092 0.0007543564 0.001208961
0.9999959 -0.0028021438 0.00039578974 0.002801546 0.9999947 0.0015307143 -0.00040005147 -0.0015296191 0.99999875 0.02618143 0.0038590431 0.0013890266
0.9999982 -0.0018342184 0.00014247 0.0018334 0.9999777 0.0064189136 -0.00015422702 -0.006418634 0.9999795 0.0053113103 -0.0056209564 0.029943556
0.99999815 -0.0007215076 -0.001714237 0.00072418025 0.9999982 0.0016215832 0.0017130673 -0.0016228225 0.9999972 0.011110425 0.0037226677 0.0032862425
0.99993163 -0.008930651 0.0075430274 0.008886222 0.999943 0.0059105046 -0.0075954497 -0.0058430433 0.99995416 0.0024847984 0.038094997 0.036557913
0.9999959 -0.002759804 -0.000561662 0.0027616688 0.9999908 0.0032563768 0.0005526915 -0.0032579117 0.99999464 0.021869719 -0.0053629875 0.0051193833
0.99999815 -0.0019038403 5.491078E-05 0.0019037258 0.99999774 0.0006420426 -5.6155026E-05 -0.0006419532 0.99999976 0.023515753 0.0027165413 -0.001273334
1 0 0 0 1 0 0 0 1 0.03827262 -0.0024173558 -0.008090377
0.9999962 -0.0027296022 -0.00046786666 0.0027306387 0.9999943 0.0020566732 0.00046227872 -0.0020579696 0.99999785 0.023364931 0.009189129 0.0030859709
0.98840714 -0.10651032 -0.10819627 0.10490362 0.99427205 -0.020450786 0.10975474 0.008863568 0.99391913 0.036883235 0.047588825 0.4297955
1 0 0 0 1 0 0 0 1 -0.005451083 -0.14663982 -0.042998374
1 0 0 0 1 0 0 0 1 0.0061570406 0.010339737 0.008408874
0.9999965 -0.0027098318 -0.00025557727 0.0027105042 0.9999938 0.0022783391 0.00024938956 -0.0022790171 0.9999974 0.02297616 0.0038633347 0.004733026
0.999997 -0.0024247915 -0.00049132854 0.0024268734 0.9999873 0.0043977797 0.00048067048 -0.004398966 0.99999017 0.018841535 -0.0009832382 0.011305928
1 0 0 0 1 0 0 0 1 -0.1278646 0.09438133 0.10159695
0.9999969 -0.0024571004 -0.00049097836 0.002457972 0.99999493 0.0020064246 0.00048602372 -0.0020076204 0.9999978 0.02244306 0.00061655045 0.0008482933
0.99999666 -0.0025123619 0.0006270539 0.0025106592 0.99999315 0.002741687 -0.0006339364 -0.0027401075 0.99999607 0.022132153 0.002571106 0.0040714145
1 0 0 0 1 0 0 0 1 0.39662838 -0.58072567 0.049860477
0.999997 -0.0024539777 0.00017409027 0.0024537868 0.9999964 0.00110735 -0.00017680414 -0.0011069179 0.9999993 0.023228198 0.0034966469 0.0015338063
0.999997 -0.002384991 -0.00042870268 0.0023857183 0.9999957 0.0018058345 0.00042439252 -0.0018068291 0.9999983 0.022881076 -0.000351429 0.0023157597
1 0 0 0 1 0 0 0 1 -0.040136218 -0.006784439 -0.060870647
1 0 0 0 1 0 0 0 1 -0.37748587 -0.13536787 0.31783032
0.99999714 -0.0016265891 -0.0017308444 0.0016281346 0.9999983 0.0009374432 0.0017293133 -0.000940267 0.999998 0.015204608 -0.013799429 -0.0042815804
0.9999981 -0.0013413313 0.0011450313 0.0013352529 0.99998474 0.005354427 -0.0011522137 -0.005352892 0.99998486 0.012726724 -0.017437935 -0.0110946745
0.9999979 -0.0021017203 0.00029737875 0.0021013832 0.99999714 0.0012010969 -0.00029989332 -0.0012005381 0.99999934 0.021108165 -0.0004067421 -0.0015866756
0.99322975 -0.0904192 -0.07293214 0.0894652 0.9958574 -0.01624778 0.07409905 0.009612843 0.99720454 0.028914928 0.010913372 0.37892222
0.99999774 -0.0021243151 0.00019162893 0.0021242169 0.9999977 0.00030221045 -0.00019229203 -0.00030182302 1.0000001 0.022683784 0.0038449764 -0.004065573
0.999997 -0.0023782614 -0.0002560541 0.0023785427 0.9999962 0.0014268653 0.000252679 -0.001427467 0.99999905 0.023305953 -0.0005841255 -0.000361979
1 0 0 0 1 0 0 0 1 -0.0033359528 -0.024773598 -0.04426378
1 0 0 0 1 0 0 0 1 0.0045723915 -0.0033960342 -0.01513958
0.9999922 -0.0015629781 -0.0036074352 0.0015656663 0.9999985 0.00075345114 0.003606243 -0.0007590875 0.9999932 0.021021873 -0.001111269 0.0042336583
0.999998 -0.0019509103 0.00010177493 0.001950803 0.9999981 0.0004990883 -0.00010276586 -0.0004989151 0.9999998 0.020670898 -0.006421089 -0.0016587973
0.9999973 -0.00221055 0.00029235333 0.002210081 0.99999607 0.001732545 -0.00029618852 -0.0017318986 0.9999984 0.02222541 -0.0027623177 0.0004988909
0.9999988 0.0008946657 0.001213491 -0.0008928031 0.9999983 -0.0015642643 -0.0012148023 0.0015632212 0.99999803 0.028829575 -0.02801919 0.002089262
0.9999954 -0.0020571304 0.0021332316 0.0020557498 0.9999977 0.00065845996 -0.0021345615 -0.00065408647 0.99999744 0.026864797 0.005910158 -0.001468122
0.9999967 -0.0025312293 -0.0003651129 0.0025317208 0.99999577 0.0013584048 0.0003616726 -0.0013593584 0.99999905 0.022897422 0.0042800903 0.0006175041
1 0 0 0 1 0 0 0 1 0.009727001 0.04167366 -0.0027783215
0.9999977 -0.0021478902 -0.00034380704 0.0021483824 0.99999624 0.0017109104 0.0003401041 -0.0017116424 0.9999984 0.021132141 -6.9618225E-05 -0.0011309981
0.99999535 -0.0029147374 0.00085656345 0.0029122727 0.9999921 0.0027281498 -0.00086450577 -0.0027256384 0.9999958 0.024666607 -0.00400877 0.0021200776
1 0 0 0 1 0 0 0 1 0.023593396 0.013805389 -0.008900464
0.99999654 -0.0024294464 0.0010063243 0.002426668 0.9999935 0.0026985817 -0.0010128743 -0.0026961304 0.9999959 0.021502748 0.0006313324 0.0048351884
0.9999932 -0.0033426164 0.0015183687 0.0033432348 0.99999446 -0.00042654108 -0.0015168488 0.00043158606 0.9999988 0.03747636 0.013815045 -0.010110021
1 0 0 0 1 0 0 0 1 0.0045901537 -0.0325315 -0.018838465
0.999997 -0.0023023316 -0.0009033093 0.0023040967 0.9999954 0.0019843206 0.0008987356 -0.0019863956 0.99999756 0.021325134 0.0019907951 0.003333509
