1 0 0 0 1 0 0 0 1 0.033626795 -0.010286331 0.0005709529
-0.5750075 0.08654848 0.8135575 0.0074452907 -0.9937943 0.11098486 0.81811434 0.06987435 0.5707947 0.9304953 2.0622826 -0.60232884
1 0 0 0 1 0 0 0 1 0.005329132 -0.008375168 -0.007924914
1 0 0 0 1 0 0 0 1 -0.01337862 -0.011646271 -0.018595248
1 0 0 0 1 0 0 0 1 0.0065670013 -0.009585381 0.0037698746
1 0 0 0 1 0 0 0 1 0.012840271 -0.02242279 0.009831071
0.99750024 -0.05912093 0.03870061 0.058766775 0.99821925 0.01023142 -0.039236575 -0.00793156 0.9991984 0.42327592 0.064086914 0.056317806
1 0 0 0 1 0 0 0 1 -0.005125642 0.020661354 0.012168169
1 0 0 0 1 0 0 0 1 0.0023272038 -0.0009794235 -0.004365325
1 0 0 0 1 0 0 0 1 0.022114873 -0.04243946 0.022077382
0.9996571 0.0017589331 0.026121816 -0.0014531165 0.9999304 -0.011721209 -0.026140653 0.011679158 0.9995899 -0.034257114 0.008818626 -0.054870486
1 0 0 0 1 0 0 0 1 -0.026000977 0.023622513 0.012883544
1 0 0 0 1 0 0 0 1 0.0048925877 -0.00885582 -0.0019768476
1 0 0 0 1 0 0 0 1 -0.09126228 0.032172203 0.016534805
1 0 0 0 1 0 0 0 1 0.007291794 -0.005613327 -0.013232231
0.99913687 0.03689531 0.019092731 -0.03608948 0.99850893 -0.040955216 -0.020575292 0.04023078 0.99897844 -0.082380414 0.09450865 -0.035380065
0.9882833 -0.0631714 -0.138944 0.061555594 0.9979769 -0.015899971 0.13966736 0.007160887 0.9901725 -0.13949966 -0.035148144 -0.046725273
1 0 0 0 1 0 0 0 1 0.012158155 -0.0041561127 -0.0057400465
1 0 0 0 1 0 0 0 1 0.0087533 -0.013001502 -0.0024032593
1 0 0 0 1 0 0 0 1 0.0004928112 0.019718885 0.006403476
1 0 0 0 1 0 0 0 1 0.013585091 -0.03093052 0.04786539
1 0 0 0 1 0 0 0 1 0.007867336 0.008005142 0.01219964
1 0 0 0 1 0 0 0 1 0.0075286627 0.0077142715 0.009321094
1 0 0 0 1 0 0 0 1 0.005590439 -0.012482643 0.0031290054
1 0 0 0 1 0 0 0 1 0.0012784004 -0.008756638 0.0024518296
1 0 0 0 1 0 0 0 1 4.1007996E-05 -0.02585125 0.008779049
0.9927909 -0.018136024 -0.118478656 0.012562126 0.99878633 -0.04762417 0.11919856 0.04579255 0.99181366 -0.40665495 -0.18762589 -0.35813284
0.96441984 -0.24364871 -0.10261403 0.25565195 0.95836574 0.1271887 0.067352414 -0.14889686 0.98655635 1.3770763 1.0702581 1.0892336
1 0 0 0 1 0 0 0 1 0.0044873655 0.0067253113 0.0062381327
0.5764867 0.22289786 0.78611684 0.76781714 0.18131378 -0.6144771 -0.27949935 0.9578318 -0.066619664 -3.963437 10.203244 -8.435969
1 0 0 0 1 0 0 0 1 0.0016807318 -0.005478859 0.010657072
1 0 0 0 1 0 0 0 1 -0.0054166317 -0.033465385 -0.02084937
1 0 0 0 1 0 0 0 1 -0.00789988 -0.0027637482 0.008852124
1 0 0 0 1 0 0 0 1 0.0128088 -0.0006322861 0.008096114
1 0 0 0 1 0 0 0 1 -0.003754139 -0.019454956 0.009801626
1 0 0 0 1 0 0 0 1 -0.013502091 -0.0063934326 -0.00037145615
1 0 0 0 1 0 0 0 1 -0.013059616 -0.002028942 6.699562E-05
-0.46860027 -0.4621326 0.75289255 -0.85995793 0.4337019 -0.26902717 -0.20220482 -0.773522 -0.60064733 -0.9951532 1.8142676 5.601987
1 0 0 0 1 0 0 0 1 -0.02210188 0.013653755 -0.043291092
-0.7295037 -0.61951256 -0.28987646 0.6024689 -0.78265244 0.15647972 -0.3238138 -0.060488973 0.94418526 0.5240346 8.238181 -0.14973351
0.9980659 0.04109764 0.04664296 -0.041881412 0.9989952 0.015953332 -0.04594031 -0.01787576 0.99878424 -0.14231074 0.057849407 0.11157441
1 0 0 0 1 0 0 0 1 -0.16495931 -0.018346786 -0.015466213
0.99876225 -0.02978225 -0.03983867 0.028877378 0.99931586 -0.023098364 0.04049933 0.021919385 0.99893904 0.2933331 0.07751179 -0.1451813
1 0 0 0 1 0 0 0 1 0.014826655 -0.017497063 -0.015155315
1 0 0 0 1 0 0 0 1 0.003110528 0.023507118 -0.00048094988
1 0 0 0 1 0 0 0 1 -0.015717864 -0.028612137 0.0055200458
0.8733887 -0.2221298 -0.4334175 0.486988 0.38751346 0.7827363 -0.005913932 -0.89470214 0.44662443 2.6729035 6.591477 10.281752
0.9946204 -0.08975336 -0.05171959 0.0898062 0.9959585 -0.0013085976 0.05162804 -0.0033431798 0.9986609 0.77167463 0.1231761 0.06637752
1 0 0 0 1 0 0 0 1 0.00047802925 0.007259369 0.0017899275
1 0 0 0 1 0 0 0 1 0.025259137 -0.009038925 0.009366751
1 0 0 0 1 0 0 0 1 0.0062674284 -0.013435841 -0.0049692392
0.99427664 -0.04968524 -0.09457846 0.06583968 0.98215055 0.17619646 0.08413589 -0.18141505 0.9798007 0.6997355 0.102638245 2.477392
-0.080768496 -0.045906186 -0.9956752 -0.9823183 -0.16560748 0.08732045 -0.1688998 0.98512274 -0.031718597 3.123436 11.047147 -6.779132
0.9688721 0.09314634 0.2293704 -0.0015831096 0.92882866 -0.3705061 -0.24755703 0.3586099 0.90006363 -1.1146147 0.8898268 -4.143256
0.9913001 -0.1292206 -0.02502191 0.12805377 0.99080527 -0.043671325 0.030434996 0.040087387 0.9987325 1.3064239 0.21862316 -0.3741251
1 0 0 0 1 0 0 0 1 -0.005763054 -0.010017395 0.013219476
0.37604547 0.16069925 -0.91256 -0.44435358 0.8954909 -0.025414795 0.8131047 0.41505647 0.40815258 1.2280247 0.7975149 -1.4169204
1 0 0 0 1 0 0 0 1 -0.006351948 -0.02436161 -0.006813884
1 0 0 0 1 0 0 0 1 -0.0045109987 -0.0068149567 0.017113686
1 0 0 0 1 0 0 0 1 0.013226032 0.006846428 0.011054277
1 0 0 0 1 0 0 0 1 -0.007473469 -0.040349483 0.00913769
0.99987364 -0.01557228 -0.0031507611 0.015467982 0.9994054 -0.030811802 0.0036287159 0.030759124 0.9995201 0.113346994 0.0631032 -0.17766511
1 0 0 0 1 0 0 0 1 -0.008765072 -0.0065455437 0.005608647
1 0 0 0 1 0 0 0 1 0.0057219863 0.008945465 0.00083887577
0.99338895 -0.11451373 -0.0080712885 0.11440176 0.9816757 0.15239859 -0.009528331 -0.1523144 0.9882861 1.4939665 0.17933273 2.0286214
1 0 0 0 1 0 0 0 1 0.007753372 -0.0048217773 0.008894861
1 0 0 0 1 0 0 0 1 -0.0012452602 -0.017661095 0.012919068
1 0 0 0 1 0 0 0 1 0.012941122 0.00030708313 -0.0083146095
1 0 0 0 1 0 0 0 1 0.025323391 0.0019311905 -0.013262749
0.6369518 0.48864126 0.5962564 -0.3159047 0.87097335 -0.3763101 -0.7032043 0.051331133 0.7091323 -0.27525425 1.087898 1.6440393
0.99903226 0.026276894 0.03527087 -0.02577154 0.99955946 -0.014706343 -0.03564185 0.013783291 0.99926955 -0.25142264 -0.057732582 -0.20891857
1 0 0 0 1 0 0 0 1 -0.0058600605 -0.023162842 -0.025070906
1 0 0 0 1 0 0 0 1 0.0023903847 0.017679214 0.002984047
1 0 0 0 1 0 0 0 1 -0.009552956 -0.04276955 0.013453484
0.996111 0.04769604 0.07407898 -0.050494142 0.9980619 0.036370467 -0.072200865 -0.03996951 0.9965888 -0.16182768 0.064097166 0.21734732
0.9980372 0.062277727 -0.006571859 -0.06260359 0.99485356 -0.07966928 0.0015764236 0.07992418 0.9967997 -0.11852014 0.16129494 -0.15348727
1 0 0 0 1 0 0 0 1 -0.006405115 -0.0072956085 0.012406513
1 0 0 0 1 0 0 0 1 -0.072779655 0.04135132 0.012307644
0.9991166 0.034584865 0.023874134 -0.033494987 0.9984418 -0.044630833 -0.025380522 0.04379177 0.99871814 -0.1919204 0.018463612 -0.23291582
1 0 0 0 1 0 0 0 1 -0.0030744076 -0.01973544 -0.0041766167
0.08932094 -0.99010473 -0.108232915 -0.9842605 -0.10438235 0.14260246 -0.15248898 0.09379199 -0.9838445 2.9719224 3.0668845 1.7267894
1 0 0 0 1 0 0 0 1 -0.0069265366 -0.028998673 0.0006074086
0.96832895 -0.2019071 0.14687636 0.17720066 0.9701732 0.16542071 -0.1758951 -0.13415506 0.9752248 1.1887693 0.27910185 0.7276269
1 0 0 0 1 0 0 0 1 -0.09203422 0.026731491 0.010700226
1 0 0 0 1 0 0 0 1 0.017582655 0.0003376007 -0.0031968653
1 0 0 0 1 0 0 0 1 0.0015306473 0.00022554398 0.010605693
1 0 0 0 1 0 0 0 1 -0.007857323 0.014179945 0.0116634965
0.99356157 -0.10999498 0.027132407 0.10990369 0.99393034 0.0048285574 -0.027498797 -0.0018155277 0.9996201 0.8794373 -0.23375702 0.06593889
1 0 0 0 1 0 0 0 1 0.0056414604 -0.0069208145 0.01890874
1 0 0 0 1 0 0 0 1 -0.0035858154 0.0030481815 0.0049432516
1 0 0 0 1 0 0 0 1 -0.13497055 -0.025016785 -0.010732889
1 0 0 0 1 0 0 0 1 -0.010046005 -0.027345657 0.012196779
1 0 0 0 1 0 0 0 1 0.022643924 0.014308929 -0.00461936
1 0 0 0 1 0 0 0 1 0.23009539 -0.060829163 0.008709788
1 0 0 0 1 0 0 0 1 -0.008757234 -0.04245138 0.032191455
1 0 0 0 1 0 0 0 1 0.019301176 0.015430212 0.036375523
1 0 0 0 1 0 0 0 1 0.0017482042 0.013492584 -0.0014955401
1 0 0 0 1 0 0 0 1 -0.00027883053 0.026838303 0.024762213
0.030308455 0.8259774 0.5628878 -0.9163753 -0.2019335 0.34565753 0.39917123 -0.5262928 0.750785 -1.9822586 4.9245796 1.4445277
1 0 0 0 1 0 0 0 1 -0.03831947 0.0011854172 0.0033020973
0.99444366 -0.073188186 -0.075666785 0.07036829 0.996747 -0.039288387 0.078296125 0.033745676 0.9963588 0.20027411 -0.09021664 -0.26758528
1 0 0 0 1 0 0 0 1 0.020114899 0.0015336275 0.004839778
1 0 0 0 1 0 0 0 1 0.017988592 0.009990692 0.00046658516
1 0 0 0 1 0 0 0 1 -0.0010670424 0.021094322 0.008071303
1 0 0 0 1 0 0 0 1 0.0053958893 -0.011144638 -0.0076459646
1 0 0 0 1 0 0 0 1 0.013783932 -0.03105545 0.029423952
1 0 0 0 1 0 0 0 1 -0.00026202202 -0.0203228 0.008805394
0.8077258 -0.5061165 0.3023659 0.46321273 0.22753732 -0.85653985 0.36470953 0.83190906 0.41822731 4.476767 7.5433397 -7.3221645
1 0 0 0 1 0 0 0 1 -0.0061602592 0.008798599 -0.0066804066
1 0 0 0 1 0 0 0 1 -0.059410572 0.009922981 -0.008998394
1 0 0 0 1 0 0 0 1 -0.024733305 -0.030088812 0.009954691
1 0 0 0 1 0 0 0 1 0.0023126602 -0.02124405 0.01334393
1 0 0 0 1 0 0 0 1 0.008294463 -0.0055503845 -0.0005719662
1 0 0 0 1 0 0 0 1 -0.0057241917 -0.0035076141 0.0057462454
0.9998989 0.0021565259 0.014055759 -0.0021054745 0.9999912 -0.0036574304 -0.014063537 0.003627479 0.9998946 -0.018867254 -0.003481865 -0.014567733
1 0 0 0 1 0 0 0 1 -0.019606054 0.02839756 0.013558462
1 0 0 0 1 0 0 0 1 -0.000187397 0.005166054 -0.012150407
0.52709216 -0.71312535 0.46219715 -0.7052232 -0.6705308 -0.23032323 0.4741666 -0.20455065 -0.8563441 5.2959394 14.787346 5.129407
1 0 0 0 1 0 0 0 1 0.007090807 -0.007375717 -0.021961212
-0.7194894 0.6933859 0.039382707 0.66683704 0.67387015 0.31816232 0.19407043 0.25517625 -0.9472179 -4.878605 1.8251536 0.91588515
1 0 0 0 1 0 0 0 1 0.0044302344 -0.013395309 0.017571524
0.96983933 -0.22634551 0.09043856 -0.23631579 -0.96406716 0.12136571 0.059718274 -0.13907729 -0.9884793 1.554084 14.6255455 4.56276
0.9984355 -0.046092823 0.03165236 0.044337824 0.9975522 0.05407045 -0.034067154 -0.052582555 0.99803543 0.30349803 0.17036486 0.25340176
0.99737644 -0.054646105 -0.047473043 0.055119783 0.99844146 0.008722991 0.046922386 -0.011316836 0.9988344 0.15675108 0.037240505 0.07995701
0.9982115 -0.058153003 -0.013855159 0.058189005 0.99830306 0.0022027344 0.013703644 -0.003004998 0.9999016 0.28937 0.03116703 0.024026394
0.9975027 -0.038455427 0.059239164 0.04000786 0.99888027 -0.025249258 -0.058201935 0.027556106 0.99792445 0.31366253 0.107940674 -0.3526132
1 0 0 0 1 0 0 0 1 -0.0064196587 0.037039757 -0.0020900369
1 0 0 0 1 0 0 0 1 -0.019380093 0.002696991 0.008062124
1 0 0 0 1 0 0 0 1 -0.07760906 0.0351696 0.117593154
1 0 0 0 1 0 0 0 1 0.021417856 -0.018354416 0.01918298
1 0 0 0 1 0 0 0 1 0.025026381 0.008228302 0.0077542663
1 0 0 0 1 0 0 0 1 0.01417315 0.0033473969 0.02137065
1 0 0 0 1 0 0 0 1 -0.012878895 -0.039474487 -0.00047168136
1 0 0 0 1 0 0 0 1 -0.0076260567 -0.030301094 0.0017417669
1 0 0 0 1 0 0 0 1 -0.0019373894 -0.0172894 0.012452483
0.49759662 0.8673328 -0.011473762 0.859201 -0.49102956 0.14374854 0.11904389 -0.08138705 -0.98954767 -5.159096 8.72511 2.656652
0.9982951 0.056973018 0.012674322 -0.05835689 0.97054595 0.23374172 0.0010159584 -0.23408295 0.97221607 -0.043103576 -0.10685849 0.17801836
0.99995226 0.00048637763 0.009756956 -0.0004941337 0.9999997 0.0007933676 -0.009756569 -0.0007981658 0.9999522 -0.0043334365 -0.009973526 0.010073066
1 0 0 0 1 0 0 0 1 0.022728205 -0.0015106201 0.009865761
1 0 0 0 1 0 0 0 1 0.03502564 -0.0015792847 0.026592493
0.9545212 -0.05039478 -0.2938527 0.049655885 0.99871653 -0.009979755 0.29397836 -0.0050655752 0.9557988 0.13932681 -0.08852733 -0.4145226
1 0 0 0 1 0 0 0 1 -0.0067896843 -0.007831335 0.00039196014
1 0 0 0 1 0 0 0 1 0.008885264 0.0025548935 0.025073469
1 0 0 0 1 0 0 0 1 -0.009762049 -0.041321993 0.020424187
1 0 0 0 1 0 0 0 1 -0.00393486 0.007982254 0.011321783
1 0 0 0 1 0 0 0 1 -0.00027668476 0.0020961761 0.007526517
1 0 0 0 1 0 0 0 1 0.026785374 0.011148453 0.012639582
1 0 0 0 1 0 0 0 1 0.004582703 0.014410019 -0.0006315708
0.4396449 -0.11931466 -0.8902115 -0.4039207 -0.91152126 -0.077311724 -0.80222243 0.3935644 -0.44893926 1.6476073 9.414961 -0.171812
0.010296077 0.99952996 -0.028873801 -0.41088897 0.030553982 0.91117316 0.9116271 0.0024824142 0.4110104 1.1709449 0.508816 -1.126089
1 0 0 0 1 0 0 0 1 0.060669422 -0.31586504 -0.06046951
1 0 0 0 1 0 0 0 1 0.0091949105 0.007463455 0.0034134388
0.4499789 -0.34954548 0.8217889 0.87141466 -0.029416911 -0.48966438 0.19533437 0.9364575 0.291362 1.3409649 11.3600645 -7.374087
1 0 0 0 1 0 0 0 1 -0.022609234 -0.016924381 0.022079185
0.99477947 -0.01595302 0.10079375 0.016811118 0.9998292 -0.007670477 -0.100654155 0.009324953 0.9948778 0.09046173 -0.044077635 0.09902823
1 0 0 0 1 0 0 0 1 -0.0051265955 -0.0038456917 0.0020249654
1 0 0 0 1 0 0 0 1 0.011561394 -0.017747879 0.0020706654
1 0 0 0 1 0 0 0 1 -0.050639033 -0.039016724 -0.07059908
1 0 0 0 1 0 0 0 1 -0.006028831 -0.0036964417 0.00033330917
1 0 0 0 1 0 0 0 1 -0.012884557 -0.007911682 0.0050594807
1 0 0 0 1 0 0 0 1 0.030863225 0.01071167 -0.00946331
1 0 0 0 1 0 0 0 1 0.019089341 -0.005548477 0.005841166
0.97500527 -0.04478945 0.21762054 0.0069713965 0.985155 0.17152542 -0.22207248 -0.16572097 0.96084356 0.17326975 0.053785563 0.23213732
0.99200046 -0.025717884 0.12358542 0.051107615 0.9770227 -0.20691669 -0.11542429 0.2115776 0.9705215 0.37411404 -0.2995577 -1.6031836
1 0 0 0 1 0 0 0 1 0.0008776188 0.014661789 -0.009894252
1 0 0 0 1 0 0 0 1 0.023153901 0.001121521 0.0077250004
1 0 0 0 1 0 0 0 1 0.06395054 0.019733429 -0.09540042
0.99997896 -0.002757579 -0.0058740973 0.0024923682 0.99899876 -0.04466775 0.0059913397 0.044652134 0.9989847 0.049831092 0.037127495 -0.6021422
1 0 0 0 1 0 0 0 1 0.021610856 -0.040958405 0.0054575205
1 0 0 0 1 0 0 0 1 -0.0035998821 0.0061893463 -0.0011905432
1 0 0 0 1 0 0 0 1 0.006958425 0.010438919 -0.001461688
1 0 0 0 1 0 0 0 1 0.0038260221 0.025759697 -0.0065184236
1 0 0 0 1 0 0 0 1 -0.008410692 -0.011387825 0.010468066
0.9978509 0.025733382 -0.0602594 -0.0301041 0.9968928 -0.07278645 0.058199152 0.074444026 0.9955253 -0.1784277 -0.0368433 -0.4755608
1 0 0 0 1 0 0 0 1 0.0005760789 0.0018062592 0.005453348
1 0 0 0 1 0 0 0 1 -0.0007606745 -0.007785797 0.008166194
1 0 0 0 1 0 0 0 1 0.038071632 -0.010673523 0.011474133
1 0 0 0 1 0 0 0 1 0.016996503 0.0034942627 0.0035957098
1 0 0 0 1 0 0 0 1 -0.0016248226 -0.000114142895 0.01052475
1 0 0 0 1 0 0 0 1 -0.0044655204 0.0061531067 -0.009983271
1 0 0 0 1 0 0 0 1 -0.010937452 -0.035074174 -0.012462497
0.99977815 0.020111665 0.006263554 -0.020226657 0.99961704 0.0188886 -0.00588125 -0.0190112 0.999802 -0.088080525 -0.056694984 0.07725391
1 0 0 0 1 0 0 0 1 -0.025685787 -0.0042734146 0.020260513
-0.59398806 0.0003195908 -0.804474 -0.061926607 0.9970146 0.04611994 0.80208695 0.07721303 -0.5921949 -1.5261457 -0.084721565 2.2153585
1 0 0 0 1 0 0 0 1 0.0038170815 0.010818481 0.017847538
1 0 0 0 1 0 0 0 1 -0.011294842 -0.02694273 0.020328522
1 0 0 0 1 0 0 0 1 -0.035761237 -0.05185318 -0.02817142
1 0 0 0 1 0 0 0 1 -0.14033842 0.058276176 0.051469445
1 0 0 0 1 0 0 0 1 0.012095094 -0.002714157 0.008617163
0.99807507 0.02256772 0.057767466 -0.019570112 0.99845845 -0.05193931 -0.05885057 0.05070886 0.99697804 -0.27350226 0.009876251 -0.6336638
0.998827 -0.018954389 0.0445531 0.020233203 0.99939084 -0.02842895 -0.043987155 0.029297113 0.99860245 0.013213664 0.006256342 -0.033456802
1 0 0 0 1 0 0 0 1 -0.019557357 0.023869038 0.0067306757
0.97219133 0.03750339 -0.23116559 -0.0032648966 0.9891684 0.14674813 0.23416522 -0.14191249 0.96178365 -1.1485201 0.531652 1.157306
0.7873467 -0.6059232 -0.11376275 0.5739257 0.7877656 -0.22368401 0.22515371 0.11082558 0.96799964 5.7799644 1.8057413 -1.1272143
1 0 0 0 1 0 0 0 1 0.0046361685 -5.197525E-05 0.0002721548
1 0 0 0 1 0 0 0 1 0.008885503 -0.010643959 0.0024815798
0.77664584 -0.5439219 0.31775796 0.35641643 0.7953453 0.49029896 -0.5194117 -0.2675346 0.81156427 4.4961514 0.6140785 3.2086725
1 0 0 0 1 0 0 0 1 -0.0019671917 -0.01818943 0.0011251867
1 0 0 0 1 0 0 0 1 0.011080503 -0.010908127 -0.006240368
1 0 0 0 1 0 0 0 1 0.032978058 -0.029526234 0.025162697
0.9965698 -0.06257856 0.054155856 0.06867108 0.990502 -0.119124204 -0.046186775 0.12243438 0.9914015 0.47923988 -0.21711779 -0.87186766
1 0 0 0 1 0 0 0 1 -0.089977026 -0.034614563 -0.035284996
1 0 0 0 1 0 0 0 1 0.005818844 -0.0015621185 0.00080370903
1 0 0 0 1 0 0 0 1 -0.0066591725 -0.001449585 0.015090197
1 0 0 0 1 0 0 0 1 -0.007139206 0.016226768 0.004882574
-0.08313604 0.90952206 0.40725684 0.4727793 -0.3237551 0.81955016 0.87725055 0.26067674 -0.4030874 -1.6015 3.8110254 -2.0771391
1 0 0 0 1 0 0 0 1 0.002818346 -0.002673149 0.0034037828
1 0 0 0 1 0 0 0 1 -0.004244089 -0.0043973923 0.001199007
1 0 0 0 1 0 0 0 1 0.0032685362 -0.005335808 0.005714655
1 0 0 0 1 0 0 0 1 -0.01570654 0.015478134 -0.0017543435
0.9989882 -0.03369482 -0.029781796 0.033718213 0.9994313 0.00028504897 0.029755272 -0.0012887549 0.9995563 0.31569016 0.05091095 0.045891494
1 0 0 0 1 0 0 0 1 0.004950702 -0.0061063766 0.01324904
1 0 0 0 1 0 0 0 1 -0.010964215 0.008695602 -0.0104807615
1 0 0 0 1 0 0 0 1 -0.07100201 0.029227257 0.07783592
1 0 0 0 1 0 0 0 1 -0.056335002 0.006026268 -0.0021386147
1 0 0 0 1 0 0 0 1 0.015865475 0.02378273 0.0121876
1 0 0 0 1 0 0 0 1 0.0059372783 -0.01706791 0.023397809
0.9990668 0.014928954 0.040533364 -0.015607091 0.99974287 0.016468216 -0.040277153 -0.01708546 0.9990425 -0.14374048 -0.019382954 0.14043438
1 0 0 0 1 0 0 0 1 0.017391443 -0.006757736 0.0043572187
1 0 0 0 1 0 0 0 1 -0.0012820959 -0.008034706 -0.0025646687
1 0 0 0 1 0 0 0 1 0.0102033615 0.0047855377 0.010451555
1 0 0 0 1 0 0 0 1 0.010439396 -0.008339882 -0.00226143
1 0 0 0 1 0 0 0 1 -0.01727724 -3.9100647E-05 0.05164337
1 0 0 0 1 0 0 0 1 0.008862384 0.0012922287 0.007280141
1 0 0 0 1 0 0 0 1 -0.011506319 0.0053714067 -0.007126659
0.671985 0.6116365 -0.417537 -0.7310537 0.6379398 -0.24206214 0.11830943 0.4679039 0.8758247 -6.241229 1.0866537 -3.725357
1 0 0 0 1 0 0 0 1 -0.0014023781 -0.004214287 -0.009123832
0.9927213 0.057240054 -0.105960794 -0.0243334 0.9570176 0.28900772 0.117949255 -0.28432587 0.95144457 -0.70869017 0.54681015 3.442642
1 0 0 0 1 0 0 0 1 0.001995325 -0.011567116 0.0027624369
1 0 0 0 1 0 0 0 1 -0.0045527816 -0.0013599396 0.0036830902
1 0 0 0 1 0 0 0 1 0.0011525154 0.005140543 0.0046085715
1 0 0 0 1 0 0 0 1 0.0015814006 0.0077638626 0.007673979
0.9663951 -0.23950481 0.09336872 0.18438615 0.8989222 0.39741737 -0.17911461 -0.3668462 0.9128755 0.7009467 -0.09546065 1.3657199
1 0 0 0 1 0 0 0 1 -0.0155375 -0.049185038 0.0018908978
0.9993974 0.020161182 0.028249495 -0.019779742 0.9997101 -0.013720904 -0.028517913 0.013154035 0.9995064 -0.039070845 0.040029883 0.041418254
1 0 0 0 1 0 0 0 1 -0.0029554367 -0.0194664 2.2649765E-05
-0.42594764 0.14485788 0.89307606 0.023867887 -0.98495686 0.17114472 0.904433 0.09421442 0.41608262 -4.249123 15.31867 1.2628593
1 0 0 0 1 0 0 0 1 0.025874615 -0.0029182434 -0.0026082993
1 0 0 0 1 0 0 0 1 0.006407261 -0.0007162094 -0.0067327917
1 0 0 0 1 0 0 0 1 0.0055612326 -0.0022773743 0.010665007
1 0 0 0 1 0 0 0 1 -0.015335798 -0.04981947 0.00062155724
1 0 0 0 1 0 0 0 1 -0.008728623 -0.010089874 -0.004732847
1 0 0 0 1 0 0 0 1 0.036978245 0.0029115677 -0.01662612
1 0 0 0 1 0 0 0 1 -0.06889641 -0.02401352 -0.02319765
1 0 0 0 1 0 0 0 1 0.0092871785 0.011955261 -0.008455217
0.9973722 -0.071578026 0.011178212 0.07237554 0.99125916 -0.1103037 -0.0031852126 0.110822886 0.99383515 0.5356569 0.29630756 -0.8253392
1 0 0 0 1 0 0 0 1 -0.10527197 -0.010871887 0.0038323402
1 0 0 0 1 0 0 0 1 0.0002632141 -0.0065922737 0.009041667
0.9991113 -0.02360943 -0.034915656 0.024691433 0.9992179 0.030887395 0.034158975 -0.0317221 0.9989128 0.24568093 0.026777267 0.3396259
0.9995034 -0.024887115 0.019330025 0.024926491 0.9996877 -0.0017972887 -0.019279279 0.0022783875 0.9998115 0.12859863 -0.016259193 -0.02876401
1 0 0 0 1 0 0 0 1 -0.17284691 -0.048353195 -0.019776344
1 0 0 0 1 0 0 0 1 0.007481098 0.0067834854 0.005871296
1 0 0 0 1 0 0 0 1 0.021947265 -0.0014467239 -0.0016031861
0.9995712 0.029144943 0.0027629812 -0.029058918 0.99920547 -0.027274663 -0.0035557197 0.027182736 0.999624 -0.12542778 0.06227398 -0.113568544
1 0 0 0 1 0 0 0 1 0.004424095 -0.0044727325 -3.8146973E-05
0.9992118 -0.035610706 -0.017551197 0.035781294 0.99931455 0.009501271 0.017200911 -0.010121741 0.99980086 0.06421238 -0.031050682 -0.0024716854
0.9541406 -0.27974373 0.10657995 0.2827108 0.95911 -0.0135190785 -0.098440036 0.04303041 0.9942123 -0.28685105 -0.4726964 0.18179452
0.22692183 -0.37292486 0.89968526 -0.49061862 0.75423235 0.43637937 -0.84130824 -0.54042643 -0.011812232 5.296059 3.3779001 6.3698716
0.99844974 -0.0149967745 -0.053606562 0.011805549 0.99816686 -0.05935961 0.054398466 0.05863466 0.9967964 -0.18347746 -0.19816399 -0.50674176
1 0 0 0 1 0 0 0 1 0.02327168 -0.00091457367 -0.0010094643
0.6947621 0.56708777 0.44239914 -0.56914645 0.8095459 -0.14390227 -0.43974757 -0.1518121 0.88519776 -7.5767694 2.4163475 1.9349914
1 0 0 0 1 0 0 0 1 -0.14158273 -0.030534744 -0.06730199
1 0 0 0 1 0 0 0 1 0.0093894005 -0.0040225983 0.005409777
1 0 0 0 1 0 0 0 1 -0.0033882856 1.7166138E-05 0.012012243
0.99818635 -0.019180443 0.05705917 0.019329954 0.999811 -0.0020689815 -0.057008773 0.0031681359 0.99836874 0.0040272474 -0.03034985 0.038349748
1 0 0 0 1 0 0 0 1 0.0066609383 -0.0050373077 -0.0020256639
0.99858946 0.029144857 0.044386 -0.031175219 0.9984661 0.04575722 -0.042984515 -0.047076277 0.9979662 -0.05355096 0.0036913157 0.1270932
0.92292184 0.37479106 -0.088016674 -0.38179895 0.8616744 -0.3342852 -0.0494453 0.34212363 0.9383531 -2.5698073 2.227675 -2.3546054
1 0 0 0 1 0 0 0 1 -0.003947735 -0.029381752 0.011446476
1 0 0 0 1 0 0 0 1 0.003610611 -0.000623703 0.011190653
1 0 0 0 1 0 0 0 1 -0.0012080669 -0.00907135 -0.01713556
1 0 0 0 1 0 0 0 1 0.0040673018 -0.06848621 0.018987417
1 0 0 0 1 0 0 0 1 -0.0026249886 -0.0034637451 0.016987324
1 0 0 0 1 0 0 0 1 0.015389085 0.016597748 -0.0005829334
1 0 0 0 1 0 0 0 1 -0.01392442 -0.003271103 0.0114610195
1 0 0 0 1 0 0 0 1 0.0011954308 0.0009915233 0.008042216
-0.2497307 -0.96831363 0.001887396 0.6751428 -0.1755178 -0.7165024 0.6941302 -0.17765826 0.6975821 8.118241 7.370944 0.4456874
1 0 0 0 1 0 0 0 1 -0.08256239 0.02661705 0.021178007
0.99630237 -0.024399765 0.08237788 0.020954214 0.9988794 0.042434927 -0.083320856 -0.04055191 0.9956974 0.17693412 -0.06291485 0.52151734
0.9995206 0.02809918 -0.01301311 -0.028008372 0.9995826 0.0071056485 0.013207227 -0.006737858 0.99989015 -0.37477803 0.0041561127 0.08781427
1 0 0 0 1 0 0 0 1 0.01529336 0.003727913 -0.020421743
1 0 0 0 1 0 0 0 1 0.012610912 0.008058548 -0.0025017262
1 0 0 0 1 0 0 0 1 -0.012221336 0.014975548 -0.012213528
1 0 0 0 1 0 0 0 1 0.0058059692 0.021903038 0.001098156
0.9998872 0.007957429 0.012741208 -0.008101873 0.999903 0.0113263875 -0.012649864 -0.01142836 0.9998546 -0.059664488 -0.01372242 0.07598984
1 0 0 0 1 0 0 0 1 -0.10925239 0.053661346 0.029893875
1 0 0 0 1 0 0 0 1 0.0008344352 -0.0037617683 0.033070564
1 0 0 0 1 0 0 0 1 -0.015283465 -0.002366066 -0.0048133135
1 0 0 0 1 0 0 0 1 0.0040757656 -0.005628586 0.0028892756
0.99886143 -0.030950814 -0.036298804 0.0321825 0.99890846 0.03385511 0.03521148 -0.034984738 0.9987672 0.006804496 0.121902466 0.2548666
1 0 0 0 1 0 0 0 1 -0.016374111 -0.02313447 -0.025157928
0.99757 -0.06965333 -0.0015978217 0.06956764 0.9970715 -0.031764157 0.0038057417 0.031575635 0.9994941 0.89005065 0.013504028 -0.30271655
1 0 0 0 1 0 0 0 1 -0.023604631 -0.016002655 0.011712313
0.99474263 0.020954192 -0.10024191 -0.021641739 0.9997491 -0.0057760775 0.10009581 0.007915229 0.9949465 -0.56511974 -0.03028822 -0.04161668
-0.0943082 -0.42308575 -0.90116835 -0.8840346 -0.38067505 0.27123678 -0.45780885 0.82224387 -0.3381216 2.4488437 5.771128 -2.6414456
0.7165822 -0.138367 0.68364066 -0.6421393 0.25181648 0.7240479 -0.27233645 -0.95783246 0.091596395 -0.4698347 0.18618375 1.8312244
1 0 0 0 1 0 0 0 1 0.016958952 -0.021512985 0.005865276
1 0 0 0 1 0 0 0 1 -0.0044178963 0.064918995 -0.1404922
0.9604392 0.27253973 0.057256714 -0.2764659 0.9578307 0.07827531 -0.033509135 -0.09100829 0.99528617 -0.957718 0.5023196 0.38138562
1 0 0 0 1 0 0 0 1 -0.016622543 0.039943695 0.002825603
0.99869573 -0.050085396 0.009915441 0.04993972 0.99864817 0.014424592 -0.010624647 -0.013910577 0.9998468 0.062238693 -0.060800433 0.036287934
1 0 0 0 1 0 0 0 1 0.0436337 -0.091946304 0.055112004
0.99548745 0.05034843 -0.08043248 -0.044982344 0.99672556 0.06719114 0.08355202 -0.06326997 0.9944927 -0.19137022 -0.081121445 0.39611387
1 0 0 0 1 0 0 0 1 0.020718932 0.00060367584 -0.009370446
1 0 0 0 1 0 0 0 1 0.004091978 -0.013347626 -0.009636462
1 0 0 0 1 0 0 0 1 0.020443201 -0.031633437 -0.0037653446
1 0 0 0 1 0 0 0 1 -0.020920157 0.03220892 0.0061917305
1 0 0 0 1 0 0 0 1 -0.0102908015 -0.0062732697 0.0072381496
1 0 0 0 1 0 0 0 1 0.007763624 0.03068924 0.01777184
0.9820226 0.16520366 0.0913192 -0.14352185 0.96770185 -0.20725329 -0.122608736 0.19042107 0.9740157 -0.2252245 -0.0034448504 -0.25584006
1 0 0 0 1 0 0 0 1 -0.0016433 -0.057537556 0.0059348345
-0.53716177 0.645239 0.5432532 0.80714977 0.58020157 0.10897515 -0.24488148 0.4970239 -0.8324665 -4.3596706 2.409082 -1.1764511
1 0 0 0 1 0 0 0 1 0.021251917 -0.005657196 0.01290451
1 0 0 0 1 0 0 0 1 0.07434511 0.003293991 -0.12950963
1 0 0 0 1 0 0 0 1 0.027387977 -0.010149002 0.0026935935
1 0 0 0 1 0 0 0 1 0.0014638901 -0.023940086 -0.0021209717
1 0 0 0 1 0 0 0 1 0.018996924 0.0074539185 -0.008802652
1 0 0 0 1 0 0 0 1 -0.004420042 -0.0025391579 0.016529769
0.89454824 -0.28236553 0.346487 0.27118078 0.9590751 0.08146225 -0.3553092 0.02108869 0.93451107 1.1207068 0.59971905 -0.59884346
0.9313663 0.17739917 -0.3179409 -0.14069161 0.98079157 0.13510732 0.33580172 -0.08110277 0.93843466 -1.1770078 0.022530556 0.7353157
1 0 0 0 1 0 0 0 1 -0.000107467175 0.010413408 0.0048513412
1 0 0 0 1 0 0 0 1 0.031303048 0.000623703 0.014433861
1 0 0 0 1 0 0 0 1 -0.017358541 -0.022444487 -0.003992319
1 0 0 0 1 0 0 0 1 -0.0071048737 -0.0036001205 0.014009178
1 0 0 0 1 0 0 0 1 0.009084702 -0.049064636 0.01659525
1 0 0 0 1 0 0 0 1 -0.049674034 0.08220768 0.029096782
1 0 0 0 1 0 0 0 1 0.0028611273 0.028387547 0.015474796
1 0 0 0 1 0 0 0 1 0.020691156 0.007229328 0.048385262
0.8274499 0.30444905 -0.47184506 0.10324995 -0.9084306 -0.4050837 -0.55196595 0.28646845 -0.78311515 -3.7411003 23.18816 -3.6107104
1 0 0 0 1 0 0 0 1 0.004492879 0.0097305775 0.013890755
0.98264307 0.008669674 0.18530455 -0.016017012 0.99914217 0.038191706 -0.18481468 -0.040496826 0.9819387 -0.015237838 -0.015838623 0.13044634
1 0 0 0 1 0 0 0 1 -0.005139351 -0.043464184 -0.00044599175
0.99298257 -0.11631478 0.021364953 0.11686388 0.99279314 -0.026549459 -0.018122915 0.028859958 0.99941915 1.5067157 0.038445473 -0.36270988
1 0 0 0 1 0 0 0 1 0.00755167 0.008142471 0.0052399635
1 0 0 0 1 0 0 0 1 -0.0022935867 -0.008696675 0.0064453483
0.9786414 -0.20550616 0.0053189993 0.20499645 0.9736208 -0.10019469 0.015411854 0.09914511 0.9949537 2.1468318 0.16867256 -1.021426
1 0 0 0 1 0 0 0 1 -0.0014778972 -0.010669708 0.011467695
0.99812883 0.030327193 -0.053091258 -0.028985396 0.999245 0.025860824 0.053835332 -0.024273504 0.99825454 -0.03478837 -0.07926917 0.117346525
1 0 0 0 1 0 0 0 1 -0.004348755 -0.021371126 -0.0037670135
1 0 0 0 1 0 0 0 1 0.00114429 0.0068798065 0.0016765594
1 0 0 0 1 0 0 0 1 -0.0023270845 -0.0020742416 0.011946201
1 0 0 0 1 0 0 0 1 -0.11396694 0.0015802383 -0.008731842
0.992366 -0.10576029 0.063438445 0.09946053 0.9904604 0.09537047 -0.07291964 -0.08833277 0.99341834 0.74551606 0.37148142 0.42968702
0.99879265 -0.044086087 0.021673959 0.043543473 0.9987412 0.024902396 -0.02274451 -0.02392856 0.9994549 0.21977247 -0.03137541 0.14948523
0.9987518 0.022837978 0.04441659 -0.031382166 0.9788042 0.20237923 -0.038853243 -0.20352042 0.9782994 -0.011469126 -0.074944854 0.10465786
1 0 0 0 1 0 0 0 1 -0.052576482 -0.01753521 -0.018726349
0.8321748 0.31944546 -0.45325458 -0.19139937 0.9326291 0.30589056 0.5204338 -0.16780165 0.83725226 -2.1613421 0.2854042 1.4369837
1 0 0 0 1 0 0 0 1 -0.0013028383 -0.002954483 0.0064706802
1 0 0 0 1 0 0 0 1 -0.02643153 0.014209747 0.0016655922
1 0 0 0 1 0 0 0 1 0.009867787 -0.013971329 0.013387542
1 0 0 0 1 0 0 0 1 0.004254818 0.02681446 0.0046803057
1 0 0 0 1 0 0 0 1 0.0040403605 0.004817009 0.0056364536
0.9974632 0.07086697 0.0067169834 -0.0710932 0.98696387 0.14438869 0.0036029369 -0.14449993 0.98949844 -0.30967653 -0.12936115 0.6128987
1 0 0 0 1 0 0 0 1 -0.008940458 0.017242908 0.0046430826
1 0 0 0 1 0 0 0 1 0.0017493442 -0.00080394745 -0.009986162
1 0 0 0 1 0 0 0 1 -0.00942301 -0.0050611496 0.013322115
1 0 0 0 1 0 0 0 1 -0.01387471 0.015496254 0.014942527
0.51519084 -0.7596264 -0.39692083 -0.5410829 -0.64742154 0.53672576 -0.6646862 -0.0617491 -0.7445665 3.100469 4.645459 2.8582125
1 0 0 0 1 0 0 0 1 -0.0046932697 -0.007722378 -0.0028545856
1 0 0 0 1 0 0 0 1 -0.004013896 -0.04293251 0.0025559217
1 0 0 0 1 0 0 0 1 0.0069613457 -0.011002541 0.0038063526
1 0 0 0 1 0 0 0 1 -0.0043378174 0.02321434 0.005499184
1 0 0 0 1 0 0 0 1 -0.16172943 0.011207581 -0.017041922
0.9972504 0.033004582 -0.06635129 -0.028407037 0.99720675 0.06907791 0.06844583 -0.06700319 0.99540246 -0.14572214 -0.06723118 0.5180167
1 0 0 0 1 0 0 0 1 0.015638113 0.016548157 0.0021620393
1 0 0 0 1 0 0 0 1 0.0036349297 0.022287369 0.00192976
1 0 0 0 1 0 0 0 1 0.006847948 0.0003643036 0.008042365
0.9982528 -0.048806816 -0.03330165 0.049421042 0.9986179 0.017883494 0.03238283 -0.019498095 0.9992853 0.142728 0.07073259 0.1371305
0.2895143 -0.88794273 0.35740608 -0.8411128 -0.4142271 -0.34777147 0.45684838 -0.19993414 -0.86678493 0.80100524 2.0390265 1.8280039
1 0 0 0 1 0 0 0 1 0.020489752 -0.01151371 0.0027093887
0.68522745 -0.55676174 0.46955243 0.16741063 0.7478377 0.64242667 -0.70882773 -0.36160046 0.60564685 2.2079248 0.88315535 1.5191047
1 0 0 0 1 0 0 0 1 -0.009410858 -0.04611993 0.0031867921
1 0 0 0 1 0 0 0 1 -0.013872862 -0.00036239624 -0.0037847757
1 0 0 0 1 0 0 0 1 0.0019738674 -0.005924225 -0.009683847
1 0 0 0 1 0 0 0 1 -0.019633293 0.009592056 -0.013937831
0.7608464 0.616505 -0.20256963 -0.15664014 -0.12845105 -0.9792675 -0.62974346 0.77680254 -0.001162082 -6.849935 13.051157 -8.361399
1 0 0 0 1 0 0 0 1 2.7418137E-06 -0.0006055832 0.0010290146
1 0 0 0 1 0 0 0 1 -0.0018167496 -0.013029933 0.014091134
1 0 0 0 1 0 0 0 1 0.007188201 0.017284393 0.039781086
1 0 0 0 1 0 0 0 1 0.013872623 0.0024108887 0.04177594
0.9974836 0.045787096 0.054127842 -0.0457094 0.998951 -0.002670139 -0.054193154 0.00018937886 0.99853027 0.0021123886 0.06515145 0.10999489
0.91793746 -0.29032105 -0.27037817 0.34357768 0.92250305 0.17590486 0.19835609 -0.25436538 0.946548 0.76363254 0.20194757 0.6951424
1 0 0 0 1 0 0 0 1 0.015419036 0.01205349 0.030676603
1 0 0 0 1 0 0 0 1 -0.008385897 0.00035762787 0.003537178
0.9924865 -0.051275004 -0.11109246 0.04205025 0.99559104 -0.08384432 0.114901856 0.07854289 0.9902668 -0.09597809 -0.26308918 -0.6750729
-0.85036063 -0.4326955 0.29943505 0.48876405 -0.8603056 0.14485742 0.19492657 0.26953417 0.9430563 1.6691155 14.184516 -1.7973464
0.9997943 0.018624071 -0.008026451 -0.018695747 0.9997853 -0.008932404 0.007858336 0.009080641 0.999928 -0.04556501 -0.030505896 -0.014425874
1 0 0 0 1 0 0 0 1 -0.12831962 -0.027916908 -0.018445969
1 0 0 0 1 0 0 0 1 0.0360626 0.0044021606 -0.0034823418
1 0 0 0 1 0 0 0 1 0.029007748 0.022310257 -0.0013198853
1 0 0 0 1 0 0 0 1 -0.005548477 0.010845184 -0.0046908855
0.75403845 -0.09395187 -0.65007645 0.38476035 -0.73895335 0.5530889 -0.53234005 -0.6671738 -0.5210503 0.27714604 12.664116 3.7757082
1 0 0 0 1 0 0 0 1 0.015283192 0.022500992 -0.007966995
0.996944 -0.059764117 -0.050307944 0.06370559 0.99469405 0.08078058 0.045213096 -0.083738506 0.9954616 0.16165647 0.3128705 0.59570885
0.0035474168 -0.9974745 0.070935436 -0.99824375 -0.0077268016 -0.058731057 0.059130833 -0.07060252 -0.99575037 1.9235575 1.8646986 -0.3768003
0.94107103 -0.022166062 -0.33748198 0.036590055 0.99866563 0.036438737 0.3362241 -0.04663991 0.9406265 0.305552 0.014330149 0.71009326
1 0 0 0 1 0 0 0 1 -0.014831543 0.027744174 0.04556179
1 0 0 0 1 0 0 0 1 -0.014550209 -0.018754482 0.014494896
1 0 0 0 1 0 0 0 1 0.0038982928 -0.04287529 0.025714278
1 0 0 0 1 0 0 0 1 -0.00089231133 0.01270771 -0.0018026829
1 0 0 0 1 0 0 0 1 0.003600359 0.0042648315 0.016064279
0.99880445 0.039383695 0.028956726 -0.038658552 0.99893486 -0.025190443 -0.029918015 0.024040818 0.99926317 -0.52405435 0.014297485 -0.32160568
1 0 0 0 1 0 0 0 1 -0.01390934 -0.03316307 -0.0014303923
1 0 0 0 1 0 0 0 1 -0.11290546 0.03027916 0.030662537
1 0 0 0 1 0 0 0 1 0.009774208 0.02495861 -0.012254238
1 0 0 0 1 0 0 0 1 -0.0029449463 -0.020925522 0.0014915466
1 0 0 0 1 0 0 0 1 -0.028214395 0.066553116 0.009664118
0.99745095 0.06327942 0.03298402 -0.06338829 0.9979867 0.0022691153 -0.03277406 -0.0043541677 0.9994534 -0.24090195 0.08188319 0.0442127
-0.4709913 -0.88194364 0.01850351 -0.52594256 0.2975895 0.79675907 -0.7082031 0.36553484 -0.60401374 -0.8141048 0.64277375 -2.3737063
1 0 0 0 1 0 0 0 1 -0.018916845 -0.036539078 0.0025632381
0.90917283 -0.37965894 0.17106664 0.180092 0.7288865 0.6605236 -0.37546176 -0.56972235 0.7310574 2.183228 1.005713 3.8302505
0.20974568 0.97729754 -0.029934593 -0.9545637 0.19804585 -0.22267912 -0.21169534 0.07528048 0.97443193 -10.439526 7.0327926 -0.9508705
0.9995149 -0.023237608 -0.020738393 0.023175262 0.9997262 -0.003243059 0.02080813 0.0027609766 0.99977994 0.2102263 0.06211853 0.006434083
1 0 0 0 1 0 0 0 1 -0.008306056 -0.0017676353 0.0167557
1 0 0 0 1 0 0 0 1 0.011980653 -0.001455307 0.0059484243
0.026498154 -0.98316026 -0.18081437 -0.4687146 0.1475431 -0.8709408 0.8829523 0.1078286 -0.45691183 4.9796147 5.8252935 2.568914
1 0 0 0 1 0 0 0 1 -0.00046300888 0.007949591 0.00952363
1 0 0 0 1 0 0 0 1 -0.017901897 -0.0017204285 0.024477601
1 0 0 0 1 0 0 0 1 0.006542444 -0.011873245 0.0037090778
1 0 0 0 1 0 0 0 1 0.004057884 0.0130701065 -0.012379408
1 0 0 0 1 0 0 0 1 -0.004896879 -0.0008621216 -0.0012565851
0.97918046 0.15449946 0.13166419 -0.17297216 0.9745108 0.14286068 -0.10623649 -0.16266064 0.9809463 -1.1285015 -0.22851038 0.87961066
1 0 0 0 1 0 0 0 1 -0.0074386597 -0.01737547 0.011938661
1 0 0 0 1 0 0 0 1 0.0004222989 0.027231216 -0.007797003
1 0 0 0 1 0 0 0 1 -0.0011020005 0.012029648 0.012562811
1 0 0 0 1 0 0 0 1 -0.0030773282 -0.0037403107 0.006460933
0.99970686 0.022797704 -0.0081411265 -0.021962076 0.99559826 0.091113746 0.010182498 -0.09090854 0.99580705 -0.19588041 -0.07300472 0.9136555
1 0 0 0 1 0 0 0 1 -0.007324457 -0.011095047 -0.009042442
1 0 0 0 1 0 0 0 1 0.008085489 -0.0067310333 0.0028271973
1 0 0 0 1 0 0 0 1 -0.0029866695 0.01253891 0.0022590756
0.9997798 -0.0116365105 -0.017446168 0.011489645 0.99989784 -0.008498073 0.01754316 0.008295715 0.99981165 0.110499024 0.028269768 -0.0445956
1 0 0 0 1 0 0 0 1 -0.0040946603 0.02176094 -0.01578015
1 0 0 0 1 0 0 0 1 -0.001347661 0.003553629 -0.009432852
0.9994496 0.0015577823 0.033135444 -0.0020357966 0.99989426 0.014392585 -0.033109695 -0.01445207 0.9993472 -0.047253013 -0.020305276 -0.03615868
0.67774856 0.09607857 0.7289896 0.09411005 -0.994607 0.043591082 0.7292463 0.03906145 -0.68313545 -0.7950158 16.491943 -0.29956222
1 0 0 0 1 0 0 0 1 -0.004688792 0.007953644 0.0066962093
1 0 0 0 1 0 0 0 1 0.011723757 -0.0063886642 0.00019049644
0.996318 0.032147735 -0.07947996 -0.027497575 0.99788374 0.058925748 0.08120609 -0.056523085 0.99509335 -0.116151124 -0.054394245 0.4359188
1 0 0 0 1 0 0 0 1 0.0039024353 -0.0046313405 -0.0030932426
1 0 0 0 1 0 0 0 1 -0.004201889 -0.04203701 -0.01762569
1 0 0 0 1 0 0 0 1 -0.0018389225 0.004819393 0.0024242252
-0.7750806 0.003576382 0.6318523 -0.003785177 -0.9999923 0.0010169991 0.6318511 -0.001603337 0.77508813 -5.034047 19.254885 1.7658131
0.88054013 0.13717239 -0.4536879 -0.052251168 0.9794643 0.19472924 0.4710825 -0.14776117 0.8696251 -1.3963882 0.06483936 2.163491
1 0 0 0 1 0 0 0 1 0.010246754 -0.004910469 0.005220294
1 0 0 0 1 0 0 0 1 -0.01085031 -0.0036211014 0.0016300678
1 0 0 0 1 0 0 0 1 -0.009661198 -0.017133892 0.008030355
0.99438894 0.027603924 0.10212162 -0.03568396 0.99630207 0.07816039 -0.099586345 -0.08136589 0.9916967 -0.41871053 0.06269264 1.0758908
0.8601909 0.09842706 0.5003833 -0.08654625 0.99513984 -0.046968475 -0.50257456 -0.0029043425 0.8645291 -1.1678852 0.05998516 0.13424861
1 0 0 0 1 0 0 0 1 -0.11334729 -0.020519733 -0.04683256
1 0 0 0 1 0 0 0 1 -0.009266615 -0.021910012 0.007968783
0.9900074 0.110737056 0.08730689 -0.105807304 0.99262184 -0.059216626 -0.09322013 0.049387187 0.99441993 -0.7201926 0.009301186 -0.33779752
1 0 0 0 1 0 0 0 1 0.007096529 -0.04445839 0.013775557
1 0 0 0 1 0 0 0 1 0.0065276623 -0.022168934 0.028507233
1 0 0 0 1 0 0 0 1 0.0004426241 0.005255699 0.0102063455
0.5084915 -0.8205143 -0.2611369 -0.846814 -0.5314742 0.021002412 -0.15602031 0.21045487 -0.9650732 8.128389 14.778294 -0.54702353
0.9995262 0.0012147203 0.030750364 -0.0014758334 0.9999628 0.008473277 -0.030738935 -0.0085146725 0.9994912 -0.047908902 -0.014637709 -0.042743564
0.99968225 -0.01578559 -0.019647405 0.01571741 0.9998698 -0.0036219358 0.019702047 0.0033120513 0.99980044 0.100675106 0.05562353 0.0062707216
1 0 0 0 1 0 0 0 1 0.008109093 -0.0062026978 0.004471779
1 0 0 0 1 0 0 0 1 0.015832901 0.043144226 0.040960193
1 0 0 0 1 0 0 0 1 0.0056957006 0.0024137497 -0.0008671284
1 0 0 0 1 0 0 0 1 -0.0058090687 -0.020219803 -0.0032771826
0.73267156 -0.35504568 0.58063316 0.57639855 0.77734286 -0.25199825 -0.36188006 0.51930803 0.7741847 4.3552284 0.43854427 -4.0809274
1 0 0 0 1 0 0 0 1 -0.009851873 -0.030128956 0.01821509
-0.67348343 0.6331621 0.3814789 -0.35587397 -0.73004854 0.58342355 0.64789975 0.2571677 0.7170012 2.2708404 3.0458498 -1.5677569
1 0 0 0 1 0 0 0 1 -0.0037690997 0.016513824 0.009258479
-0.88078356 -0.3075151 -0.36007625 0.2631479 -0.9500687 0.16769832 -0.393667 0.05295274 0.91772676 7.534278 16.857132 0.5279234
1 0 0 0 1 0 0 0 1 -0.001113981 -0.008281708 0.003581524
0.99944973 0.02544476 -0.02128172 -0.025089905 0.9995445 0.016769648 0.021698654 -0.01622659 0.99963284 -0.025963545 0.034898043 0.010757744
1 0 0 0 1 0 0 0 1 -0.117454275 0.0064969063 0.0035657883
-0.02116818 0.005113393 0.9997629 -0.9990026 0.039216697 -0.021352679 -0.039316658 -0.9992175 0.0042781234 -2.4294806 4.7195077 7.189679
-0.17513293 0.98421204 0.025594188 0.98238933 0.17297125 0.070656046 0.06511348 0.037517663 -0.9971723 -9.003749 7.5266066 0.7372241
0.9940127 0.026528984 0.10599468 -0.017022848 0.99583215 -0.08960387 -0.107929945 0.0872631 0.99032134 -0.29376903 0.020874977 -1.1079702
1 0 0 0 1 0 0 0 1 0.017511189 0.0069847107 0.0038891435
1 0 0 0 1 0 0 0 1 -0.0028424263 -0.02767104 -0.019471407
1 0 0 0 1 0 0 0 1 -0.048946023 0.04574585 -0.011060476
1 0 0 0 1 0 0 0 1 0.005448103 -0.017419934 0.00064206123
1 0 0 0 1 0 0 0 1 0.0061403513 -0.009581089 0.013004065
-0.97806716 0.18823104 -0.08918414 0.17283332 0.9723801 0.1568616 0.11624712 0.1380072 -0.98358554 0.49631217 0.06414652 -1.4066883
1 0 0 0 1 0 0 0 1 0.0008907318 -0.0021324158 0.0077655315
1 0 0 0 1 0 0 0 1 0.0076863766 0.0059432983 0.009287953
1 0 0 0 1 0 0 0 1 -0.0017067324 -0.0030002594 0.010069251
1 0 0 0 1 0 0 0 1 -0.009791374 -0.02939868 0.0076008737
1 0 0 0 1 0 0 0 1 -0.016235352 0.0035300255 -0.015079498
1 0 0 0 1 0 0 0 1 -0.02494502 -0.013529062 0.005453348
0.9999695 0.00751999 0.002052457 -0.0074965954 0.9999095 -0.011171989 -0.0021362426 0.011156172 0.9999355 -0.043850422 -0.006701708 -0.035771728
0.99943787 0.03303296 0.005762249 -0.033035234 0.9994541 0.00030457973 -0.0057489984 -0.0004947297 0.9999834 -0.27762142 0.0076732635 -0.0047609806
0.14330217 0.9884894 0.048513137 -0.87591696 0.14949524 -0.45871615 -0.4606886 0.02324155 0.88725764 -8.764966 7.414741 -0.26388943
1 0 0 0 1 0 0 0 1 0.017638445 -0.0065994263 0.0015121698
0.9704667 -0.15701465 0.18314186 0.07431434 0.9168481 0.3922588 -0.22950363 -0.36706397 0.90143883 1.6843202 1.9201288 2.4414766
1 0 0 0 1 0 0 0 1 0.043278337 -0.015954971 -0.010107756
1 0 0 0 1 0 0 0 1 -0.03279662 -0.24742699 -0.026586652
1 0 0 0 1 0 0 0 1 -0.00018310547 0.0025629997 0.0039691925
1 0 0 0 1 0 0 0 1 -0.013613224 0.034550667 -0.00045701116
