1 0 0 0 1 0 0 0 1 0.034478188 -0.014799118 0.0017684698
1 0 0 0 1 0 0 0 1 0.02229762 -0.012967348 0.0059219003
1 0 0 0 1 0 0 0 1 0.00598526 -0.0069503784 -0.009203434
1 0 0 0 1 0 0 0 1 -0.018640041 -0.01483345 -0.040645987
1 0 0 0 1 0 0 0 1 0.001714468 0.0097026825 0.016961455
1 0 0 0 1 0 0 0 1 0.014152527 -0.01950264 0.00898695
0.8933253 -0.15061285 0.4234215 0.115425445 0.98745793 0.10772064 -0.43433508 -0.04735583 0.89950573 1.9561285 0.4156294 0.21365786
1 0 0 0 1 0 0 0 1 -0.00046551228 0.009000778 0.0113072395
1 0 0 0 1 0 0 0 1 0.015670061 0.007364273 -0.0054585934
1 0 0 0 1 0 0 0 1 0.062024117 -0.019513607 0.011321455
0.4635366 0.6139177 0.6389358 -0.876938 0.21454623 0.43005756 0.12693864 -0.75965464 0.63781774 -4.205708 5.189747 5.144236
1 0 0 0 1 0 0 0 1 0.010150313 0.016994476 -0.010338664
1 0 0 0 1 0 0 0 1 0.008090258 0.00027275085 -0.011618137
1 0 0 0 1 0 0 0 1 -0.15665787 0.046729088 0.07995939
1 0 0 0 1 0 0 0 1 0.0047283173 -0.0029335022 -0.012067795
0.99934006 -0.013641041 0.033666614 0.012316145 0.9991535 0.039251685 -0.03417355 -0.038811147 0.9986622 0.012641549 -0.04145956 0.14472848
0.99653745 -0.020026311 -0.080697924 0.017859109 0.9994626 -0.027489237 0.08120507 0.025952764 0.9963594 -0.31046933 -0.10677242 -0.18575668
1 0 0 0 1 0 0 0 1 0.0048906803 0.022518158 0.001858592
1 0 0 0 1 0 0 0 1 0.009029865 -0.019222677 0.0003310442
1 0 0 0 1 0 0 0 1 -0.010350198 0.011516571 0.01207751
1 0 0 0 1 0 0 0 1 -0.032030106 -0.0027666092 0.007712841
1 0 0 0 1 0 0 0 1 -0.001563549 0.0082530975 0.013914108
1 0 0 0 1 0 0 0 1 -0.018823385 0.0035152435 -0.0017210841
1 0 0 0 1 0 0 0 1 0.0040023327 0.0074882507 -0.0065381527
1 0 0 0 1 0 0 0 1 -0.00524354 -0.0064201355 -0.00337442
1 0 0 0 1 0 0 0 1 -0.0009766817 -0.024970055 0.011718094
0.908519 -0.3453738 -0.23518072 0.28554523 0.9240945 -0.25399488 0.30505222 0.16360465 0.9381773 1.5998538 -0.21322346 -1.3587086
1 0 0 0 1 0 0 0 1 -0.20510387 -0.06789017 -0.083012104
1 0 0 0 1 0 0 0 1 0.014302641 0.0066947937 0.0005271137
1 0 0 0 1 0 0 0 1 0.033511996 0.013478279 -0.009877682
1 0 0 0 1 0 0 0 1 -0.008885026 0.00085544586 0.00832057
1 0 0 0 1 0 0 0 1 0.010285854 -0.03677082 -0.0024356656
1 0 0 0 1 0 0 0 1 -0.00509274 0.0010032654 0.011331856
1 0 0 0 1 0 0 0 1 0.007443428 -0.016025543 0.007246688
1 0 0 0 1 0 0 0 1 -0.0050110817 -0.022182107 0.01065588
1 0 0 0 1 0 0 0 1 -0.017597556 0.001783371 0.008073449
1 0 0 0 1 0 0 0 1 -0.009922743 0.0108418465 0.0015962124
1 0 0 0 1 0 0 0 1 -0.011598825 -0.005835533 0.00043535233
1 0 0 0 1 0 0 0 1 0.02092886 -0.02139473 0.027314425
1 0 0 0 1 0 0 0 1 -0.0036792755 -0.0615139 0.0006003976
0.9995499 0.011863083 0.027554601 -0.012739092 0.99941206 0.031833023 -0.027160615 -0.032169744 0.9991134 -0.046747923 0.017137766 0.12756473
1 0 0 0 1 0 0 0 1 -0.2976117 -0.011106491 -0.027695656
0.97472304 -0.09013441 -0.2044283 0.051148534 0.98073316 -0.18853742 0.21748324 0.17331547 0.9605532 0.93409956 0.4328866 -1.1183339
1 0 0 0 1 0 0 0 1 0.010212421 -0.008406639 -0.022182226
1 0 0 0 1 0 0 0 1 0.019360662 0.030183792 0.0073522553
1 0 0 0 1 0 0 0 1 -0.017327905 -0.016977787 0.0002593398
1 0 0 0 1 0 0 0 1 0.011115551 0.01008606 0.00081014633
0.90307033 -0.41824418 -0.09765302 0.41651812 0.9083151 -0.038424198 0.10477025 -0.005974319 0.99447876 3.4070137 1.0533109 0.11372185
1 0 0 0 1 0 0 0 1 0.0052423477 0.0032873154 0.003946185
1 0 0 0 1 0 0 0 1 0.015695691 -0.015494347 0.005110264
1 0 0 0 1 0 0 0 1 0.0053128004 -0.010822296 -0.0021128654
0.9906696 -0.0021847486 0.13626932 0.03782016 0.96500814 -0.25947887 -0.13093413 0.26221147 0.9560867 -0.025740206 0.48005676 -3.3737082
1 0 0 0 1 0 0 0 1 0.0077251196 0.0066776276 0.008438587
1 0 0 0 1 0 0 0 1 0.017745495 0.0011997223 -0.028490126
0.6419729 0.64050674 0.42145225 -0.74303514 0.38412908 0.5480363 0.18912898 -0.6649782 0.7225194 -6.907676 5.41004 6.9512978
1 0 0 0 1 0 0 0 1 -0.012642741 -0.0038061142 0.024440229
1 0 0 0 1 0 0 0 1 0.013420105 0.0148944855 0.009444952
1 0 0 0 1 0 0 0 1 -0.006884575 -0.013156652 -0.0045239925
1 0 0 0 1 0 0 0 1 -0.006965399 -0.013268471 0.017524004
1 0 0 0 1 0 0 0 1 -0.0017875433 -0.01616478 0.008014679
1 0 0 0 1 0 0 0 1 -0.0005412102 -0.040910482 -0.00075405836
0.65632683 -0.46894953 -0.5910341 -0.7417274 -0.25764868 -0.6192391 0.1381128 0.84480965 -0.51693463 3.407146 8.227065 -3.7041268
1 0 0 0 1 0 0 0 1 -0.020811379 -0.007329941 0.0024992824
1 0 0 0 1 0 0 0 1 0.015103996 0.0034332275 0.0036519766
0.9558542 -0.2820845 0.082286626 0.2614273 0.9442433 0.20015195 -0.1341583 -0.16980417 0.9763034 3.6160636 0.6566267 2.2028222
1 0 0 0 1 0 0 0 1 0.0038428307 -0.0075130463 0.020265818
1 0 0 0 1 0 0 0 1 -0.0004682541 -0.019162178 0.013588548
1 0 0 0 1 0 0 0 1 0.011285782 0.0173769 -0.0037271976
1 0 0 0 1 0 0 0 1 0.003856182 0.0043735504 0.003630042
1 0 0 0 1 0 0 0 1 0.005416751 -0.022313595 0.005540848
0.99627584 -0.0011421479 -0.08621678 -0.02185461 0.9639156 -0.26530972 0.08340874 0.2662058 0.9603007 0.055497885 0.4072485 -2.1008162
1 0 0 0 1 0 0 0 1 -0.0015699863 -8.773804E-05 -0.02710855
1 0 0 0 1 0 0 0 1 -4.0769577E-05 0.009113312 -0.0009377003
1 0 0 0 1 0 0 0 1 -0.00057554245 -0.03398311 -0.034861445
0.64288235 -0.28065246 -0.71269643 0.12743601 0.956678 -0.26177722 0.7552893 0.07746873 0.6507968 1.9129207 0.1301229 -1.1000602
0.999652 0.021616638 0.015125096 -0.020789564 0.99838585 -0.052852668 -0.016243279 0.0525198 0.9984877 -0.051278114 0.06966543 -0.07806724
1 0 0 0 1 0 0 0 1 0.0095745325 -0.0026259422 0.014492162
1 0 0 0 1 0 0 0 1 -0.08158445 0.056694984 -0.010236502
-0.67819065 -0.5183177 0.5209645 -0.71642053 0.30839485 -0.62580687 0.16370407 -0.79764616 -0.580484 -0.4723935 2.7860396 5.374345
1 0 0 0 1 0 0 0 1 0.008671284 -0.03740728 0.0009741783
1 0 0 0 1 0 0 0 1 0.013606548 0.012820244 0.008337498
1 0 0 0 1 0 0 0 1 -0.0065722466 -0.015841722 0.00014665723
1 0 0 0 1 0 0 0 1 -0.00740993 -0.00833416 0.013530076
1 0 0 0 1 0 0 0 1 -0.17873356 0.07425213 0.02853918
1 0 0 0 1 0 0 0 1 0.0070512295 -0.00674057 -0.0052703917
1 0 0 0 1 0 0 0 1 0.000821352 -0.020612717 0.009093046
1 0 0 0 1 0 0 0 1 -0.014987946 0.012399197 0.0064074397
0.62786406 0.72330946 -0.28741974 -0.71265 0.68271756 0.1613279 0.31291634 0.103537805 0.94412035 -4.84698 4.2710667 -1.6083927
1 0 0 0 1 0 0 0 1 0.017062187 -0.0028305054 0.0003889175
1 0 0 0 1 0 0 0 1 -0.00894928 0.004216671 -0.003307104
1 0 0 0 1 0 0 0 1 -0.30995476 -0.04250908 -0.024449825
1 0 0 0 1 0 0 0 1 -0.016373098 0.0028591156 -0.017488003
1 0 0 0 1 0 0 0 1 0.026052713 0.010540009 0.00014126301
1 0 0 0 1 0 0 0 1 0.07645035 -0.022234917 0.0013633966
1 0 0 0 1 0 0 0 1 -0.02088797 -0.014980793 0.012469888
1 0 0 0 1 0 0 0 1 0.017076015 -0.021912456 0.015794516
1 0 0 0 1 0 0 0 1 0.003394246 0.012105942 0.009736776
1 0 0 0 1 0 0 0 1 0.021059036 -0.049674034 -0.033668876
1 0 0 0 1 0 0 0 1 -0.005686462 0.0056085587 0.0086931735
1 0 0 0 1 0 0 0 1 -0.026014447 -0.0057268143 0.014196038
1 0 0 0 1 0 0 0 1 -0.18712568 -0.046185493 -0.06612778
1 0 0 0 1 0 0 0 1 0.016796827 0.009104013 0.0052975416
1 0 0 0 1 0 0 0 1 0.02222532 0.012586594 -0.011180878
1 0 0 0 1 0 0 0 1 -0.013050795 0.012511253 0.0074834228
1 0 0 0 1 0 0 0 1 -0.0058060884 -0.014890671 0.005492568
1 0 0 0 1 0 0 0 1 0.019637108 -0.022645116 0.026088
1 0 0 0 1 0 0 0 1 0.003386259 -0.013370514 0.011057854
1 0 0 0 1 0 0 0 1 0.013676167 0.0077323914 -0.0066744536
1 0 0 0 1 0 0 0 1 0.004083872 -0.022856712 -0.0007478371
1 0 0 0 1 0 0 0 1 0.07266092 -0.019574165 0.007365465
1 0 0 0 1 0 0 0 1 -0.015419483 -0.031458613 0.008376837
1 0 0 0 1 0 0 0 1 0.008808017 -0.026708603 0.013239622
1 0 0 0 1 0 0 0 1 0.0029013157 0.008014679 -0.002604574
1 0 0 0 1 0 0 0 1 -0.0015902519 -0.003276825 0.00047302246
-0.10494727 -0.9844502 -0.14086851 -0.41899043 -0.08469473 0.904032 -0.9019053 0.15389822 -0.40358675 7.546266 5.8756723 2.0594625
1 0 0 0 1 0 0 0 1 -0.007362008 0.051132202 0.015546873
1 0 0 0 1 0 0 0 1 0.0073637962 -0.019877434 0.0021543503
0.824018 -0.013878465 0.56639385 -0.52173316 0.37115854 0.76813805 -0.22088248 -0.92846596 0.29860038 -0.8931446 4.0432224 9.249811
1 0 0 0 1 0 0 0 1 0.015081406 -0.0106601715 -0.023747206
1 0 0 0 1 0 0 0 1 0.0066022873 -0.008546829 0.0017335415
1 0 0 0 1 0 0 0 1 0.009999335 -0.024011612 0.012791149
0.9245193 -0.35957754 0.12636375 0.09974055 0.54824823 0.8303467 -0.3678528 -0.755068 0.54273057 2.4901636 2.037108 6.360464
0.99620104 -0.05288297 0.069188714 0.050315514 0.99799716 0.038338803 -0.071077496 -0.03471166 0.99686646 0.31346226 0.13374424 -0.009403706
0.9757585 -0.12517235 0.17952052 0.13324167 0.99051505 -0.03357035 -0.17361557 0.05667621 0.98318136 1.4050044 0.024276733 -0.4242773
0.7927604 0.43823174 0.42365545 -0.486466 0.036098234 0.87295353 0.36726248 -0.89813685 0.24180216 -2.4147794 10.515751 5.093582
1 0 0 0 1 0 0 0 1 0.020378828 -0.0007095337 0.0003979206
1 0 0 0 1 0 0 0 1 0.0029582977 0.043419838 0.00888142
1 0 0 0 1 0 0 0 1 -0.005506158 -0.000166893 0.0025143623
1 0 0 0 1 0 0 0 1 -0.0062270164 0.0013971329 0.028586611
1 0 0 0 1 0 0 0 1 0.027196407 0.00041770935 0.014611259
1 0 0 0 1 0 0 0 1 0.022038817 0.0021781921 0.004698336
1 0 0 0 1 0 0 0 1 0.022944093 0.0037269592 0.033860683
1 0 0 0 1 0 0 0 1 -0.0070273876 -0.03222537 0.0046277046
1 0 0 0 1 0 0 0 1 0.014552593 -0.003042221 -0.006120205
1 0 0 0 1 0 0 0 1 0.0016410351 0.071105 -0.07322049
1 0 0 0 1 0 0 0 1 -0.0009061098 -0.0019903183 -0.0034258366
0.9994727 -0.009156955 0.0311507 0.00679568 0.9971544 0.07508014 -0.031749632 -0.07482875 0.9966908 -0.003959775 -0.013861418 0.006710816
0.99590063 0.035831094 0.083055474 -0.0431148 0.9952196 0.08763161 -0.07951849 -0.090853155 0.9926846 -0.34203452 -0.08192015 0.65798116
1 0 0 0 1 0 0 0 1 0.020658493 3.8146973E-05 0.01240015
1 0 0 0 1 0 0 0 1 0.0020736456 0.0077724457 0.018279076
1 0 0 0 1 0 0 0 1 0.012156725 -0.023584947 0.01680997
1 0 0 0 1 0 0 0 1 -0.000695467 -0.015567362 -0.006057501
1 0 0 0 1 0 0 0 1 0.008051753 0.0009851456 0.004928887
1 0 0 0 1 0 0 0 1 -0.012898207 -0.015704632 0.020677388
1 0 0 0 1 0 0 0 1 0.018507957 0.007907867 0.005338192
1 0 0 0 1 0 0 0 1 0.006593585 0.00068092346 0.0072010756
1 0 0 0 1 0 0 0 1 0.03285992 0.002708435 0.023809552
1 0 0 0 1 0 0 0 1 -0.0040205717 -0.0027713776 0.0009059906
1 0 0 0 1 0 0 0 1 0.008047879 0.02794075 0.021659613
1 0 0 0 1 0 0 0 1 -0.012093663 -0.004288733 0.0045223236
1 0 0 0 1 0 0 0 1 0.08140516 -0.31562996 -0.0067669153
1 0 0 0 1 0 0 0 1 -0.00018882751 -0.0062274933 0.026988268
1 0 0 0 1 0 0 0 1 0.009634972 0.0404377 -0.00641191
1 0 0 0 1 0 0 0 1 -0.015409231 -0.029957771 0.03101927
0.99986136 0.01589799 -0.004921645 -0.015897244 0.9998735 0.00019308925 0.0049241334 -0.00011485815 0.99998784 -0.05712402 0.014830351 0.010160416
1 0 0 0 1 0 0 0 1 0.0018833876 0.0073143244 0.0037780963
1 0 0 0 1 0 0 0 1 0.0061291456 -0.013148308 -0.00062942505
1 0 0 0 1 0 0 0 1 -0.0779109 -0.012845039 -0.082680225
1 0 0 0 1 0 0 0 1 -0.004777074 0.0063095093 0.012518406
1 0 0 0 1 0 0 0 1 -0.011250943 0.005241394 0.0024533272
1 0 0 0 1 0 0 0 1 0.026851475 0.004224777 -0.009603858
1 0 0 0 1 0 0 0 1 0.01888442 -0.00045776367 0.00069120526
-0.23725274 -0.96926177 0.06513618 -0.83870035 0.17053741 -0.51720303 0.49019703 -0.17733762 -0.85338044 1.4506986 1.2246234 0.56560093
0.7578411 -0.010914475 -0.6523479 0.54807305 0.55310297 0.6274496 0.35396737 -0.8330414 0.42514616 -1.6624895 4.8117332 4.8066506
1 0 0 0 1 0 0 0 1 0.0039925575 0.0037975311 -0.005220413
1 0 0 0 1 0 0 0 1 0.024586797 0.0020217896 0.018464684
1 0 0 0 1 0 0 0 1 -0.01624918 -0.009038925 -0.02337563
0.99981534 0.008698583 -0.017134875 -0.008377254 0.9997893 0.018734887 0.01729405 -0.018587783 0.99967766 -0.09634131 -0.007089615 0.23889488
1 0 0 0 1 0 0 0 1 0.013919592 -0.011437893 -0.0010678768
1 0 0 0 1 0 0 0 1 -0.01081872 0.005340576 -0.010165811
1 0 0 0 1 0 0 0 1 0.0015056133 0.012359619 -0.004106189
1 0 0 0 1 0 0 0 1 0.0025935173 8.869171E-05 -0.007139981
1 0 0 0 1 0 0 0 1 -0.01296401 -0.015852928 0.0010140538
-0.3500611 0.55736804 0.7528599 0.22886795 -0.7284637 0.64572453 0.90833735 0.39834848 0.12744312 -5.228868 12.942547 -2.1624677
1 0 0 0 1 0 0 0 1 -0.00019872189 0.0015201569 0.0046858788
1 0 0 0 1 0 0 0 1 0.016136885 0.009887695 -0.019405067
1 0 0 0 1 0 0 0 1 0.077316284 -0.0448246 0.023641586
1 0 0 0 1 0 0 0 1 -0.0015408695 0.004055977 0.004178047
1 0 0 0 1 0 0 0 1 0.011497259 0.002518922 0.0041054487
1 0 0 0 1 0 0 0 1 -0.012384459 0.012987137 -0.020205587
1 0 0 0 1 0 0 0 1 -0.011504889 -0.03677249 0.0029753447
0.99191767 0.11585133 -0.051747024 -0.122469805 0.9808016 -0.15175405 0.033172846 0.1568649 0.9870629 -0.510845 -0.18235254 -0.6061039
1 0 0 0 1 0 0 0 1 -0.010731697 0.0046606064 -0.021092296
1 0 0 0 1 0 0 0 1 0.0023584366 0.031909466 0.00888145
1 0 0 0 1 0 0 0 1 0.0147743225 -0.00061893463 -0.022231817
1 0 0 0 1 0 0 0 1 -0.020422935 -0.022833824 0.013406992
1 0 0 0 1 0 0 0 1 -0.04699278 0.18404388 -0.032001376
1 0 0 0 1 0 0 0 1 0.00028800964 -0.015369415 -0.019238234
1 0 0 0 1 0 0 0 1 0.02504158 -0.0016727448 0.019816637
0.5988822 0.7990303 -0.053759962 -0.6176485 0.41811857 -0.66609824 -0.50975484 0.4321191 0.74392396 -9.921646 6.355374 -5.6858287
0.98717475 -0.07680878 -0.1399517 0.049661547 0.98090386 -0.18804595 0.15172276 0.17868398 0.972138 0.37299445 0.22988284 -0.4310149
1 0 0 0 1 0 0 0 1 0.0067025423 -8.392334E-05 0.004618287
-0.22940737 -0.09829761 -0.9683542 0.50519097 0.8383588 -0.20478375 0.83195794 -0.53618264 -0.14266667 -4.586379 1.2722225 1.2549851
-0.7049131 0.4801844 0.522035 -0.69596386 -0.6102674 -0.37842882 0.1368654 -0.63007677 0.76437634 -3.7526093 15.590197 5.9066176
1 0 0 0 1 0 0 0 1 0.0045878887 0.0031027794 0.0022833943
1 0 0 0 1 0 0 0 1 0.0026946068 -0.012041092 -0.0038731098
1 0 0 0 1 0 0 0 1 0.001748085 -0.0019016266 0.008918881
1 0 0 0 1 0 0 0 1 0.0010547638 -0.027871132 -0.002819419
1 0 0 0 1 0 0 0 1 0.001666069 0.0033130646 -0.0012943745
1 0 0 0 1 0 0 0 1 0.0117070675 -0.026280642 0.004853606
0.9881683 -0.10273147 0.11388555 0.12830663 0.9605218 -0.24685141 -0.08403015 0.25854284 0.9623381 0.81383276 -0.3025117 -1.8806391
1 0 0 0 1 0 0 0 1 -0.14800763 -0.06974983 -0.036826134
1 0 0 0 1 0 0 0 1 -0.0015625954 0.0050525665 0.006146908
1 0 0 0 1 0 0 0 1 -0.02032932 0.0031747818 0.026988626
1 0 0 0 1 0 0 0 1 -0.0015724897 0.0144405365 0.0057002306
1 0 0 0 1 0 0 0 1 -0.016058683 0.00035524368 -0.005113825
1 0 0 0 1 0 0 0 1 0.0027530193 0.0024795532 0.009015918
1 0 0 0 1 0 0 0 1 0.00052821636 -0.02076912 0.0145020485
1 0 0 0 1 0 0 0 1 -0.0050654337 -0.00057315826 0.01431942
1 0 0 0 1 0 0 0 1 -0.027689457 -0.0066719055 -0.003039211
0.99414194 -0.09145633 -0.057596445 0.093815714 0.9947981 0.039686214 0.053667165 -0.044857062 0.9975508 0.8607627 0.1589613 0.48590684
1 0 0 0 1 0 0 0 1 -0.0037296712 -0.007249832 0.018505573
1 0 0 0 1 0 0 0 1 -0.010437727 0.021772385 -0.008203268
1 0 0 0 1 0 0 0 1 -0.03141451 -0.039222717 0.12561655
1 0 0 0 1 0 0 0 1 -0.14325076 0.0026750565 0.0017166138
1 0 0 0 1 0 0 0 1 0.015422575 0.023881912 0.00965631
1 0 0 0 1 0 0 0 1 0.011365175 -0.024518967 0.022964483
0.99779296 -0.036939908 -0.055177957 0.036208786 0.9992434 -0.014191225 0.055660337 0.01216194 0.99837554 0.3545917 0.017140865 -0.08146024
1 0 0 0 1 0 0 0 1 0.018527031 0.00015735626 -0.001103878
1 0 0 0 1 0 0 0 1 0.0039070845 -0.007891178 0.0013799667
1 0 0 0 1 0 0 0 1 -0.0065312386 -0.008234978 -0.014496088
1 0 0 0 1 0 0 0 1 0.015408754 -0.0039339066 -0.008417666
1 0 0 0 1 0 0 0 1 0.011274338 -0.009005547 -0.028729677
1 0 0 0 1 0 0 0 1 -0.0023477376 -0.003435135 0.007189214
1 0 0 0 1 0 0 0 1 -0.02845931 -0.0065291077 -0.016609251
0.941057 0.29423842 -0.16683954 -0.3188432 0.93631566 -0.14714552 0.11291879 0.191668 0.9749425 -2.932485 -0.43285513 -1.3834835
1 0 0 0 1 0 0 0 1 -0.001897335 -0.013747215 -0.008925766
1 0 0 0 1 0 0 0 1 -0.009453684 -0.012864113 -0.072750464
1 0 0 0 1 0 0 0 1 0.0077917576 -0.0011978149 -0.0066159964
1 0 0 0 1 0 0 0 1 -0.0071999133 -0.008955002 -0.0017700195
1 0 0 0 1 0 0 0 1 -0.0076510906 0.0069801807 0.0104497075
1 0 0 0 1 0 0 0 1 0.00421077 0.006679535 0.011063695
0.9875934 -0.14781679 0.053005055 0.12636913 0.9484811 0.29054177 -0.093221165 -0.28023902 0.95539314 0.4343247 -0.1537273 1.0303662
1 0 0 0 1 0 0 0 1 -0.012989759 -0.007015705 -0.0049459934
1 0 0 0 1 0 0 0 1 0.0091814995 -0.0079164505 -0.0051950216
1 0 0 0 1 0 0 0 1 -0.0055675507 0.0007095337 0.004326582
1 0 0 0 1 0 0 0 1 0.0138270855 0.038640022 -0.013210297
1 0 0 0 1 0 0 0 1 0.03255403 0.004890442 -0.0077927113
1 0 0 0 1 0 0 0 1 -0.002149582 -0.016386986 0.011989772
1 0 0 0 1 0 0 0 1 0.0028728545 0.0031280518 0.00029768795
1 0 0 0 1 0 0 0 1 0.011022568 -0.032186866 0.007931441
1 0 0 0 1 0 0 0 1 -0.013445079 0.0026950836 0.0049928427
1 0 0 0 1 0 0 0 1 -0.014951229 0.0021772385 -0.0031584501
1 0 0 0 1 0 0 0 1 -0.14588618 -0.03578186 -0.039367676
1 0 0 0 1 0 0 0 1 0.01625532 0.012712479 -0.0055143833
0.98951215 -0.017743707 0.14335655 0.016228892 0.99979955 0.01172933 -0.14353594 -0.009279698 0.9896016 -0.10324478 -0.036382675 0.04225409
1 0 0 0 1 0 0 0 1 -0.17272091 0.031588554 0.036955357
1 0 0 0 1 0 0 0 1 0.013962507 -0.0035266876 0.0036092997
0.3204833 0.82623154 0.4632837 0.7926489 -0.50170016 0.34641758 0.51865053 0.25620013 -0.8156979 -8.674993 14.108378 0.07281852
0.9833462 -0.17131628 -0.060668707 0.17737073 0.97741586 0.11487982 0.039617807 -0.12372753 0.99152505 0.9050429 0.5745435 0.9761503
1 0 0 0 1 0 0 0 1 -0.313905 -0.07150459 -0.034947872
1 0 0 0 1 0 0 0 1 0.014418364 -0.005133629 0.0042641163
1 0 0 0 1 0 0 0 1 0.0140372515 -0.0012807846 -0.021969408
0.58348465 0.54897034 -0.5984791 0.1273782 -0.7896724 -0.6001603 -0.8020726 0.27395117 -0.5306885 -1.3116183 8.1539135 1.2144042
1 0 0 0 1 0 0 0 1 0.010708451 -0.0066719055 -0.023419946
0.9841908 0.17702702 -0.0054081604 -0.1716106 0.94563866 -0.2762558 -0.04379055 0.2728166 0.9610687 -0.15952873 0.31710148 -0.22960356
0.97257555 -0.19624141 0.12484434 0.21234901 0.96818525 -0.13238335 -0.09489338 0.15526336 0.9833049 -0.27950597 -0.23740518 0.31429327
1 0 0 0 1 0 0 0 1 0.0010385364 0.0039901733 -0.0144917965
0.9445886 -0.08185981 -0.31788588 0.09584965 0.99498504 0.028592497 0.3139511 -0.057477377 0.94769764 -0.68783 0.17651749 0.4309597
1 0 0 0 1 0 0 0 1 0.019091964 0.008304596 -0.008128643
-0.40899384 -0.60397285 -0.684062 0.8363182 0.051831186 -0.545789 0.36509728 -0.79531777 0.48391485 7.8296027 12.660387 10.572177
1 0 0 0 1 0 0 0 1 -0.25590122 -0.059282303 -0.080972195
1 0 0 0 1 0 0 0 1 0.0042740107 0.0066108704 -0.0041540265
1 0 0 0 1 0 0 0 1 -0.010023236 0.0048799515 0.0045012236
0.9976245 -0.013368934 0.067579776 0.0098517835 0.99859285 0.05211225 -0.06818125 -0.05132261 0.99635196 -0.025273502 -0.07890415 0.16141021
1 0 0 0 1 0 0 0 1 0.00408566 -0.005396247 0.024288833
0.99902546 0.025594499 0.035963446 -0.0256704 0.999669 0.0016491413 -0.035909384 -0.0025705881 0.9993519 -0.043023586 0.034455717 0.08054477
1 0 0 0 1 0 0 0 1 -0.029888153 0.022669792 -0.01538229
1 0 0 0 1 0 0 0 1 -0.007437706 -0.028209686 0.016907662
1 0 0 0 1 0 0 0 1 0.005343199 0.001906395 0.010387719
1 0 0 0 1 0 0 0 1 0.009428978 0.008274078 -0.011538029
1 0 0 0 1 0 0 0 1 0.007849216 -0.04871583 0.012587547
1 0 0 0 1 0 0 0 1 0.0061540604 0.0064315796 0.0029923916
1 0 0 0 1 0 0 0 1 0.022127151 0.004627228 -0.0032129288
1 0 0 0 1 0 0 0 1 -0.007850826 -0.009695053 0.011645794
1 0 0 0 1 0 0 0 1 0.0031793118 0.01929444 -0.016551137
-0.808817 0.00017690659 0.58806056 -0.4112221 -0.71501267 -0.56537884 0.42037076 -0.6991116 0.57838714 2.0770273 12.337067 4.3610764
1 0 0 0 1 0 0 0 1 -0.14770919 0.05922222 0.063390255
0.21154146 -0.952472 0.2191969 -0.47502702 0.095805846 0.87474036 -0.854166 -0.28916818 -0.43218303 10.318447 8.739004 5.456217
0.99065554 -0.13593236 -0.011130229 0.13634259 0.9891187 0.05527097 0.0034959763 -0.05627188 0.9984093 1.8264934 0.13834476 0.74473107
1 0 0 0 1 0 0 0 1 0.02352643 0.0070767403 -0.01176095
1 0 0 0 1 0 0 0 1 0.008998156 0.0028476715 -0.0059587955
1 0 0 0 1 0 0 0 1 -0.08060837 0.08243179 -0.0107399225
1 0 0 0 1 0 0 0 1 -0.0037469864 0.025354385 0.0016182661
0.95667386 0.17734623 0.23091859 -0.21388835 0.96617186 0.14409606 -0.19755217 -0.18724385 0.96224374 -1.5600135 -0.14324427 1.1630929
1 0 0 0 1 0 0 0 1 -0.15534395 0.07559109 0.021638393
1 0 0 0 1 0 0 0 1 0.008624047 0.031101227 0.03305781
1 0 0 0 1 0 0 0 1 -0.008842528 0.0047597885 0.012039781
1 0 0 0 1 0 0 0 1 0.009605885 -0.00333786 0.0022002459
0.99440753 -0.0821933 -0.06632059 0.08558786 0.9950716 0.05006993 0.061878502 -0.055466235 0.9965414 0.18132955 0.23571777 0.43865275
1 0 0 0 1 0 0 0 1 -0.023480654 0.0059723854 -0.013988972
-0.3645382 0.7433577 -0.56083095 -0.891055 -0.45337424 -0.021745728 -0.27043104 0.49180403 0.8276448 -10.10726 18.20401 -6.413028
1 0 0 0 1 0 0 0 1 -0.035026073 -0.042666435 0.021504402
0.9924474 -0.064087406 -0.10459762 0.07050585 0.9957732 0.058861405 0.10038324 -0.06579149 0.99277115 -0.06868774 0.23604631 0.4869089
1 0 0 0 1 0 0 0 1 0.01643598 -0.01597023 0.034974933
1 0 0 0 1 0 0 0 1 -0.008373141 0.016043186 -0.0009989738
1 0 0 0 1 0 0 0 1 0.012148857 -0.012527466 0.003551811
1 0 0 0 1 0 0 0 1 0.011317253 -0.011797428 -0.0073497295
0.9823308 -0.18655103 -0.015008867 0.18500172 0.9800338 -0.072856195 0.028300688 0.0687921 0.9972295 0.7243363 -0.1626885 -0.28587973
1 0 0 0 1 0 0 0 1 -0.0068565607 0.018793106 0.011684388
0.9869197 -0.014750332 -0.16053644 0.0038901567 0.9976943 -0.06775303 0.16116565 0.06624228 0.9847016 0.108748555 0.03364551 -0.27755404
1 0 0 0 1 0 0 0 1 0.056747675 -0.009925365 0.076897025
1 0 0 0 1 0 0 0 1 0.006423712 -0.0030488968 0.0062162876
1 0 0 0 1 0 0 0 1 0.023188233 0.0048799515 -0.01503551
1 0 0 0 1 0 0 0 1 0.0033221245 -0.014789581 -0.007978201
1 0 0 0 1 0 0 0 1 -0.006643057 -0.038310975 0.011894703
1 0 0 0 1 0 0 0 1 -0.012132764 0.03502226 0.007888317
1 0 0 0 1 0 0 0 1 -0.01587814 -0.013303757 0.0135605335
1 0 0 0 1 0 0 0 1 -0.008368254 0.003022194 0.01604426
0.97996473 0.140647 0.141024 -0.14402974 0.989474 0.014022201 -0.13756748 -0.03405294 0.98990685 -0.2812965 -0.27677053 -0.2173245
1 0 0 0 1 0 0 0 1 0.0078065395 -0.027032852 -0.0024244785
1 0 0 0 1 0 0 0 1 0.004497409 0.018045425 0.007443309
1 0 0 0 1 0 0 0 1 0.005620241 0.0051698685 0.013448834
1 0 0 0 1 0 0 0 1 0.016154766 0.0004529953 -0.03205985
1 0 0 0 1 0 0 0 1 0.015100241 0.006839752 0.004995227
1 0 0 0 1 0 0 0 1 0.0034062862 -0.031071186 0.0044329762
1 0 0 0 1 0 0 0 1 0.027846962 0.008475304 -0.003524065
1 0 0 0 1 0 0 0 1 0.009481192 0.0020775795 0.023293227
1 0 0 0 1 0 0 0 1 0.005342722 0.021813393 0.0052235126
-0.00023153424 0.9389384 -0.3440854 0.039438277 0.3438263 0.93820465 0.999222 -0.01335299 -0.037109703 -6.803801 4.2489605 0.8559313
1 0 0 0 1 0 0 0 1 -0.013107419 0.012003899 0.00050890446
1 0 0 0 1 0 0 0 1 0.032199502 0.00976944 0.0029792786
1 0 0 0 1 0 0 0 1 0.002922058 -0.016776085 0.0024348497
1 0 0 0 1 0 0 0 1 -0.009990931 0.0099282265 0.019372761
1 0 0 0 1 0 0 0 1 -0.009424686 -0.020545006 0.016292457
1 0 0 0 1 0 0 0 1 -0.029996872 0.024204254 0.001531899
1 0 0 0 1 0 0 0 1 -0.0108052045 0.00041389465 0.0034470558
1 0 0 0 1 0 0 0 1 0.007305205 0.0034046173 0.025747776
1 0 0 0 1 0 0 0 1 -0.0041102823 0.033590317 0.03334724
1 0 0 0 1 0 0 0 1 -0.0020745993 -0.00034499168 0.003737513
0.14379834 -0.98029864 0.13541293 -0.2587659 -0.16932143 -0.950984 0.9551766 0.10170962 -0.27801597 5.8517 7.084832 -0.4644784
1 0 0 0 1 0 0 0 1 -0.013338804 -0.030745745 0.011590123
-0.79959524 0.4531078 0.3941325 -0.050271697 -0.70449674 0.7079245 0.5984313 0.5462393 0.58609116 -4.8831744 22.019081 -7.329283
1 0 0 0 1 0 0 0 1 0.00047922134 0.007416725 -0.0014877319
1 0 0 0 1 0 0 0 1 0.00092697144 0.0032615662 0.023675531
-0.24200633 -0.9693346 0.04269959 0.7340226 -0.21168312 -0.64529145 0.63454217 -0.12482215 0.7627421 10.867773 12.2414875 0.93045056
1 0 0 0 1 0 0 0 1 0.023717731 0.020929337 -0.048675537
0.99932456 -0.032792017 -0.016593695 0.03326523 0.9990232 0.029088758 0.015623689 -0.029621013 0.9994391 0.067923546 0.010728598 0.07595229
1 0 0 0 1 0 0 0 1 -0.007230282 -0.023729324 0.0011470914
1 0 0 0 1 0 0 0 1 0.011192918 -0.0005903244 -0.0034941435
1 0 0 0 1 0 0 0 1 0.007452011 -0.0066156387 0.021295547
1 0 0 0 1 0 0 0 1 -0.22567958 0.007756233 -9.775162E-05
0.5680318 -0.24681656 -0.78512514 -0.33065715 -0.94203305 0.056915224 -0.75366145 0.22727767 -0.6167164 -0.3067019 13.175558 -5.284716
1 0 0 0 1 0 0 0 1 -0.0018874407 0.0020065308 0.00019562244
-0.07280347 0.018506864 0.9971746 -0.017384255 -0.9996994 0.017284546 0.99719477 -0.016076606 0.073103316 -1.5558844 1.207515 1.455372
1 0 0 0 1 0 0 0 1 -0.12176758 -0.023957253 -0.0024261475
-0.30946085 0.95073336 -0.01843664 0.33123362 0.12594914 0.9351049 0.89135766 0.28327146 -0.35389096 -7.1119967 5.876264 -1.1365819
1 0 0 0 1 0 0 0 1 0.0037851334 -0.0144786835 0.010640502
1 0 0 0 1 0 0 0 1 -0.015227914 0.0036678314 0.009592056
1 0 0 0 1 0 0 0 1 0.016369462 -0.005147934 0.009005083
1 0 0 0 1 0 0 0 1 0.015496969 0.026789665 0.008315206
1 0 0 0 1 0 0 0 1 0.01169765 0.008807182 -0.0011458397
0.71384025 0.6992162 -0.039099246 -0.115576595 0.062560126 -0.9913266 -0.6907054 0.7121678 0.1254709 -3.29659 4.580976 -3.3277895
1 0 0 0 1 0 0 0 1 0.00536561 0.017689228 0.019220233
1 0 0 0 1 0 0 0 1 -0.0020914972 0.0006971359 0.011292458
1 0 0 0 1 0 0 0 1 -0.015414824 -0.006840706 0.022448063
1 0 0 0 1 0 0 0 1 -0.0028517246 0.0061120987 0.006436825
1 0 0 0 1 0 0 0 1 0.0069805384 0.012537479 0.016260147
1 0 0 0 1 0 0 0 1 -0.0027675629 -0.003106594 -0.005243778
1 0 0 0 1 0 0 0 1 -0.004187584 -0.036407948 0.009529397
1 0 0 0 1 0 0 0 1 0.009220123 0.006834984 0.0006533861
1 0 0 0 1 0 0 0 1 -0.0059215277 0.007936478 0.01497525
1 0 0 0 1 0 0 0 1 -0.33041674 -0.0014858246 0.0041589737
0.9943645 0.02613318 -0.1027428 -0.016132593 0.99515474 0.096988104 0.10477962 -0.09478402 0.9899682 -0.030318454 -0.10072851 0.72925234
1 0 0 0 1 0 0 0 1 0.016339421 0.015506744 0.0038891137
1 0 0 0 1 0 0 0 1 -0.006982565 0.03164959 0.012671232
1 0 0 0 1 0 0 0 1 -0.0050674975 0.001958847 -0.019456059
0.9402069 -0.1713619 -0.2943566 0.25651866 0.9247994 0.28096962 0.22407342 -0.33967754 0.91346055 0.079287276 1.3883653 2.0020382
1 0 0 0 1 0 0 0 1 -0.0046690702 -0.029276019 0.004125595
1 0 0 0 1 0 0 0 1 0.02254486 -0.0024785995 0.02529788
1 0 0 0 1 0 0 0 1 0.024292469 -0.011811256 0.0052764416
1 0 0 0 1 0 0 0 1 0.0020415783 -0.035768986 0.004028827
1 0 0 0 1 0 0 0 1 -0.016741991 0.008794785 -0.0028643012
1 0 0 0 1 0 0 0 1 0.0061113834 -0.014318466 -0.012518644
1 0 0 0 1 0 0 0 1 -0.18126583 0.079815865 -0.06634951
1 0 0 0 1 0 0 0 1 0.01367414 0.010477066 0.005341053
1 0 0 0 1 0 0 0 1 -0.00039076805 0.009537697 0.0029966831
1 0 0 0 1 0 0 0 1 0.023631096 -0.012637019 0.02385056
1 0 0 0 1 0 0 0 1 -0.016084433 0.0019865036 0.0031439215
1 0 0 0 1 0 0 0 1 0.011857033 0.0020217896 0.03191173
0.99551517 0.09413645 -0.009377733 -0.09445599 0.9945917 -0.043191627 0.005261034 0.04388374 0.99902284 0.14264822 0.2012713 0.030965209
0.53498197 0.84486014 -0.0023673475 -0.5556159 0.3497132 -0.7543154 -0.636463 0.40486038 0.6565079 -2.0812666 1.5974569 -0.9546862
1 0 0 0 1 0 0 0 1 0.010321915 0.0069332123 0.016127229
1 0 0 0 1 0 0 0 1 -0.00886929 0.010665894 -0.0022397041
0.9654472 -0.2146105 -0.14783189 0.11343424 0.8567967 -0.50302273 0.23461583 0.46887273 0.8515361 0.9924724 -0.5397787 -4.1381245
1 0 0 0 1 0 0 0 1 -0.006331384 0.017271996 0.03110671
0.99934804 0.034123607 -0.011798799 -0.03421673 0.9993842 -0.0077769607 0.011526108 0.008175597 0.99990016 -0.08921707 -0.04919958 -0.012731314
1 0 0 0 1 0 0 0 1 -0.20756102 -0.09426594 -0.023260593
1 0 0 0 1 0 0 0 1 0.031974673 0.015245438 -0.013971686
1 0 0 0 1 0 0 0 1 0.026540786 0.0057430267 -0.004895687
1 0 0 0 1 0 0 0 1 -0.0029423237 0.013545036 -0.002656579
1 0 0 0 1 0 0 0 1 0.027220666 0.0097846985 0.023436785
1 0 0 0 1 0 0 0 1 0.017347828 0.0024967194 -0.0022182465
0.9895576 -0.12158243 -0.07741507 0.12987071 0.98507214 0.11298887 0.06252215 -0.12186295 0.9905758 0.4259709 0.5194955 0.88282657
1 0 0 0 1 0 0 0 1 -0.006594658 -0.039166927 0.015782714
0.9779799 -0.025210243 0.20717096 0.021364048 0.999556 0.020782415 -0.20760292 -0.015898831 0.97808397 -0.22383797 -0.004709363 -0.29063022
1 0 0 0 1 0 0 0 1 -0.010795593 0.028250337 0.025440335
1 0 0 0 1 0 0 0 1 -0.020046473 -0.02528143 0.021849394
1 0 0 0 1 0 0 0 1 -0.000762254 -0.02617836 0.0018031597
1 0 0 0 1 0 0 0 1 0.008167684 -0.0049972534 -0.014451444
1 0 0 0 1 0 0 0 1 -0.0045148134 0.011357307 0.0051677674
0.9980092 -0.061973516 -0.011688437 0.062380604 0.99731123 0.038461685 0.009273477 -0.039114207 0.99919176 0.84777665 0.029491425 0.52284575
1 0 0 0 1 0 0 0 1 -0.008907795 -0.04195738 0.00999701
1 0 0 0 1 0 0 0 1 -0.19026554 -0.0030441284 0.050800323
1 0 0 0 1 0 0 0 1 0.017722845 0.01154995 -0.008987278
1 0 0 0 1 0 0 0 1 0.00052559376 -0.028611183 0.008010328
1 0 0 0 1 0 0 0 1 -0.065530956 0.025642395 0.036583364
0.997708 0.06744084 0.005529303 -0.06737986 0.99767125 -0.010581382 -0.0062300414 0.010184631 0.9999289 -0.23140502 0.11841416 -0.02320695
1 0 0 0 1 0 0 0 1 0.009522915 0.018445492 -0.042465445
1 0 0 0 1 0 0 0 1 -0.02999401 -0.056702137 0.018859744
1 0 0 0 1 0 0 0 1 0.010010481 0.00025177002 0.011316061
1 0 0 0 1 0 0 0 1 0.023272395 0.0066070557 -0.003433764
0.99946934 0.01507939 0.028868943 -0.0168241 0.9979851 0.061176717 -0.027888365 -0.0616301 0.9977092 -0.15378416 -0.037308693 0.43770838
1 0 0 0 1 0 0 0 1 -0.008506089 -0.019650936 0.01677084
1 0 0 0 1 0 0 0 1 0.007077098 -0.021081924 -0.048464894
1 0 0 0 1 0 0 0 1 -0.0083088875 -0.0041036606 0.003322363
1 0 0 0 1 0 0 0 1 -0.00660038 0.013200283 0.010361344
1 0 0 0 1 0 0 0 1 0.0026811436 -0.008850098 0.029538274
1 0 0 0 1 0 0 0 1 -0.0035784245 -0.018992424 0.021594644
1 0 0 0 1 0 0 0 1 0.0053281784 -0.0033693314 0.0135988
1 0 0 0 1 0 0 0 1 -0.0013206005 0.0014533997 0.003884077
0.9955083 -0.04486157 0.08336796 0.041806318 0.9984012 0.038040213 -0.08494117 -0.034384105 0.99579245 0.17803204 0.04135084 0.11666322
1 0 0 0 1 0 0 0 1 0.0009319782 -0.0321455 0.022742629
1 0 0 0 1 0 0 0 1 0.0051454306 0.0323925 -8.773804E-05
1 0 0 0 1 0 0 0 1 0.009693533 -0.025432587 0.00033152103
1 0 0 0 1 0 0 0 1 -0.0032106042 -0.015771866 0.011785928
-0.9095889 0.089579895 -0.4057386 -0.0638942 -0.99502456 -0.07644475 -0.4105678 -0.04360891 0.91078675 -2.5550313 19.610285 0.06256807
1 0 0 0 1 0 0 0 1 -0.0078032017 -0.012620926 0.004473686
1 0 0 0 1 0 0 0 1 0.004025817 0.0020961761 0.0023682117
1 0 0 0 1 0 0 0 1 -0.0007534027 0.0082736015 0.007518232
0.89543235 0.40733218 0.17967013 -0.422508 0.90471363 0.05459051 -0.14031357 -0.12479417 0.98221105 -3.6902685 0.078671455 0.8408567
1 0 0 0 1 0 0 0 1 0.005210936 0.014234543 -0.006044805
1 0 0 0 1 0 0 0 1 -0.0111733675 -0.008294344 0.016723156
0.9977538 -0.0026151538 0.066939265 0.0021366775 0.99997145 0.007220328 -0.06695628 -0.0070610195 0.997731 -0.07210457 -0.023567796 -0.10564268
1 0 0 0 1 0 0 0 1 0.00506711 0.014200211 0.009796023
1 0 0 0 1 0 0 0 1 -0.009545125 0.014217377 -0.0043136925
1 0 0 0 1 0 0 0 1 0.010982513 0.003209114 -0.0015147924
0.9988752 -0.010228083 -0.046300396 0.012108117 0.99910593 0.04051152 0.045844644 -0.041026473 0.9981059 0.15535074 -0.04352808 0.31188643
1 0 0 0 1 0 0 0 1 0.01184845 -0.0014235973 0.010976136
1 0 0 0 1 0 0 0 1 -0.003613472 -0.050611973 -0.023602843
1 0 0 0 1 0 0 0 1 -0.00093984604 0.0013570786 0.007460108
1 0 0 0 1 0 0 0 1 0.025693417 -0.0007991791 -0.04255998
0.96806866 0.024849191 -0.2494503 -0.0062956773 0.99717104 0.074902266 0.25060588 -0.0709402 0.9654865 -0.22374666 -0.027208328 1.0474508
1 0 0 0 1 0 0 0 1 -0.00022184849 0.0056877136 0.014828086
1 0 0 0 1 0 0 0 1 -0.00856483 -0.011431217 -0.00471282
1 0 0 0 1 0 0 0 1 -0.009999752 -0.004310012 0.005596757
1 0 0 0 1 0 0 0 1 -0.0025800262 -0.06548691 -0.14142948
-0.03422004 -0.19864504 -0.9794739 -0.0951303 0.97624546 -0.19466668 0.9948764 0.08651619 -0.05230432 2.3165708 0.3146305 -0.4016534
1 0 0 0 1 0 0 0 1 -0.23369241 -0.060685635 -0.0642066
1 0 0 0 1 0 0 0 1 0.01474762 -0.070149064 -0.018076658
1 0 0 0 1 0 0 0 1 0.0010513663 0.007431984 0.018738508
1 0 0 0 1 0 0 0 1 0.0008035898 -0.043503284 0.013379738
1 0 0 0 1 0 0 0 1 -0.022897959 -0.046658218 0.017969131
1 0 0 0 1 0 0 0 1 -0.0044373274 0.0138549805 0.013857547
1 0 0 0 1 0 0 0 1 0.029818177 0.0006599426 -0.014733374
0.99756926 0.022441097 0.06596798 -0.02288916 0.99971986 0.006042272 -0.06581397 -0.0075376034 0.9978034 -0.113666296 -0.08705068 -0.11381745
-0.071154594 -0.34382302 -0.9363349 0.916531 0.34786475 -0.19738603 0.39358371 -0.8722248 0.29037207 0.060986996 7.3971725 7.6959467
1 0 0 0 1 0 0 0 1 0.02520442 -0.0018882751 -0.0057213306
1 0 0 0 1 0 0 0 1 -0.02442938 -0.0015392303 -0.013973713
1 0 0 0 1 0 0 0 1 0.005753994 -0.0053424835 -0.0017924309
1 0 0 0 1 0 0 0 1 0.005791664 -0.020801067 -0.008237302
1 0 0 0 1 0 0 0 1 -0.19038484 0.069844246 0.056468487
1 0 0 0 1 0 0 0 1 -0.025099874 -0.0544281 0.03490469
1 0 0 0 1 0 0 0 1 -0.0055902004 -0.011715412 -4.3660402E-05
1 0 0 0 1 0 0 0 1 -0.0016232729 -0.003262043 0.017272443
0.99578106 0.08916099 -0.02168645 -0.08964421 0.9957213 -0.022429261 0.019593839 0.024278555 0.9995131 -0.77503633 0.26655865 -0.24591696
1 0 0 0 1 0 0 0 1 0.0101187825 -0.005355835 0.012661934
0.99928194 0.025153905 0.02834189 -0.024510667 0.9994392 -0.02281873 -0.028899938 0.022107646 0.9993378 -0.05711639 0.062675714 0.0055963993
1 0 0 0 1 0 0 0 1 -0.21032706 0.047100544 0.04891205
1 0 0 0 1 0 0 0 1 -0.12256336 -0.015024185 -0.047171116
1 0 0 0 1 0 0 0 1 -0.012526751 0.025481224 -0.018676758
0.9930893 -0.09470183 -0.06931804 0.097162366 0.9947206 0.033024777 0.06582468 -0.039531853 0.997048 1.1442442 0.13306236 0.499196
1 0 0 0 1 0 0 0 1 0.015637636 0.005170822 -0.005544305
1 0 0 0 1 0 0 0 1 -0.0064411163 -0.013952911 -0.017249584
1 0 0 0 1 0 0 0 1 -0.022272348 0.23597336 0.02208674
1 0 0 0 1 0 0 0 1 0.011588097 -0.026272297 0.0039596558
1 0 0 0 1 0 0 0 1 -0.007318735 0.0033464432 0.016155124
1 0 0 0 1 0 0 0 1 0.023884416 0.0033502579 0.00976114
1 0 0 0 1 0 0 0 1 0.00064623356 0.009885788 0.002775669
1 0 0 0 1 0 0 0 1 0.012640834 0.0025138855 0.0150615275
1 0 0 0 1 0 0 0 1 -0.0016215667 -0.0015993118 0.010591507
1 0 0 0 1 0 0 0 1 -0.011443615 -0.030785203 0.00079751015
1 0 0 0 1 0 0 0 1 -0.01777649 0.0018882751 -0.0017709732
1 0 0 0 1 0 0 0 1 -0.02837038 -0.050582528 0.009997368
0.9998851 0.0015053451 0.015089413 -0.0026592612 0.9970473 0.07674426 -0.014929354 -0.07677553 0.99693674 -0.026028931 -0.07779002 0.2607807
0.9931805 0.115786046 -0.013638169 -0.11630921 0.99207866 -0.047455754 0.008035362 0.04871844 0.99878013 -0.94220096 0.06987381 -0.4010483
1 0 0 0 1 0 0 0 1 -0.00068208575 0.0049905777 -0.009824991
1 0 0 0 1 0 0 0 1 0.022113323 0.0007419586 -0.01629591
0.75983804 -0.49255386 0.42430717 -0.2629318 0.36407506 0.89348537 -0.59456927 -0.79046816 0.14713001 4.8904357 7.776553 3.0883753
1 0 0 0 1 0 0 0 1 0.03850013 -0.007850647 -0.0045233965
1 0 0 0 1 0 0 0 1 -0.033041954 -0.28577423 -0.010734081
1 0 0 0 1 0 0 0 1 -0.007386446 0.0058574677 0.017605782
1 0 0 0 1 0 0 0 1 -0.018862903 0.026129723 0.018502884
0.92882496 0.08057533 0.36165208 -0.051104408 0.9945987 -0.0903442 -0.3669781 0.065431915 0.9279255 -0.49361753 -0.08464432 -0.9343991
1 0 0 0 1 0 0 0 1 -0.10261488 -0.027317524 -0.04089451
1 0 0 0 1 0 0 0 1 0.0044538975 -0.03420067 0.021719575
1 0 0 0 1 0 0 0 1 0.0025975704 -0.0074214935 0.005159259
1 0 0 0 1 0 0 0 1 0.009838343 -0.011552811 -0.006724119
1 0 0 0 1 0 0 0 1 -0.011316061 0.0024622232 0.006773472
1 0 0 0 1 0 0 0 1 0.0015258789 -0.037243366 -0.0040026978
1 0 0 0 1 0 0 0 1 -0.0016722679 0.018829346 -0.008632898
1 0 0 0 1 0 0 0 1 0.017120123 0.00289917 -0.014137745
0.9190949 0.218656 0.32780185 -0.29821134 0.92975026 0.21595031 -0.25755504 -0.2962331 0.91973436 -0.8012264 0.77351093 1.4161909
1 0 0 0 1 0 0 0 1 0.012881644 -0.007883072 -0.004027009
1 0 0 0 1 0 0 0 1 0.0042158365 -0.030521393 -0.006854415
1 0 0 0 1 0 0 0 1 -0.00028657913 -0.024674177 -0.006597519
0.7737006 -0.2367283 -0.58766246 -0.5547552 0.19486314 -0.80887276 0.30599675 0.9518341 0.0194394 1.9858953 5.654542 -4.840666
1 0 0 0 1 0 0 0 1 -0.006316602 0.017577171 0.0042364597
1 0 0 0 1 0 0 0 1 -2.348423E-05 0.0049037933 -0.01017952
1 0 0 0 1 0 0 0 1 -0.03166008 0.03114891 -0.006988764
1 0 0 0 1 0 0 0 1 -0.010913849 -0.052064493 -0.00728631
-0.5618387 -0.031932652 -0.8266304 0.064133 0.9945661 -0.082009345 0.8247573 -0.09909012 -0.5567377 -0.3923145 0.017933846 0.25593936
1 0 0 0 1 0 0 0 1 -0.007509023 -0.011890411 0.008209795
1 0 0 0 1 0 0 0 1 -0.0038219988 0.006614685 0.016111374
1 0 0 0 1 0 0 0 1 -0.0087867975 0.009776115 0.022516608
0.21604308 -0.96137595 -0.17053416 0.97110045 0.22971658 -0.06476428 0.10143735 -0.1516139 0.9832211 6.1384706 2.9403248 0.6900493
0.99846023 -0.05365917 -0.014064923 0.05407784 0.9980459 0.031303495 0.012357727 -0.03201586 0.99941105 0.48789334 0.105252266 0.29674652
1 0 0 0 1 0 0 0 1 0.0031075478 -0.018011093 -0.013216525
1 0 0 0 1 0 0 0 1 -0.0074079037 -0.02108574 -0.010536671
1 0 0 0 1 0 0 0 1 0.027888417 -0.013162136 0.037029788
1 0 0 0 1 0 0 0 1 0.011286259 0.009534359 0.0048394203
1 0 0 0 1 0 0 0 1 -0.0066212416 -0.00882864 0.012867408
1 0 0 0 1 0 0 0 1 0.0009838343 0.0065746307 -0.024714693
1 0 0 0 1 0 0 0 1 -0.006104648 0.031894684 -0.011303425
1 0 0 0 1 0 0 0 1 -0.0010621548 -0.014695168 0.0003476143
1 0 0 0 1 0 0 0 1 0.0066833496 0.0044574738 0.004428059
1 0 0 0 1 0 0 0 1 -0.0020794868 0.008266091 -0.0037258267
1 0 0 0 1 0 0 0 1 0.0032064915 -0.019216537 0.0029621273
0.9963061 -0.08255618 0.023636268 0.08284505 0.99649596 -0.011517366 -0.022602778 0.013433047 0.9996544 0.9354195 0.09127998 -0.1705271
1 0 0 0 1 0 0 0 1 -0.04162526 -0.00079345703 -0.011658728
0.004563734 0.9072676 -0.42052907 -0.856998 0.22025137 0.46587938 0.51529944 0.3582665 0.7785316 -10.406061 4.3901944 -1.6562893
1 0 0 0 1 0 0 0 1 0.017895788 0.017599106 0.014440358
1 0 0 0 1 0 0 0 1 7.05719E-05 0.004778862 -0.004529953
1 0 0 0 1 0 0 0 1 -0.019561172 0.00020122528 0.014213383
0.9611928 0.113133736 -0.25161272 -0.14834616 0.98092127 -0.125645 0.23259753 0.15809484 0.9596376 -0.32032186 0.14550924 -0.55653644
1 0 0 0 1 0 0 0 1 0.002372563 0.0073518753 0.0016169101
1 0 0 0 1 0 0 0 1 -0.006765604 -0.011161327 0.01559782
-0.75587523 0.6472246 -0.09875703 -0.43272024 -0.6070607 -0.6665063 -0.49133083 -0.4610614 0.7389294 -9.801803 20.2183 5.492578
1 0 0 0 1 0 0 0 1 0.002074957 -0.030104637 -0.0036519766
1 0 0 0 1 0 0 0 1 0.019420147 0.01437664 0.014119357
1 0 0 0 1 0 0 0 1 0.0009024143 0.016195059 0.022788286
1 0 0 0 1 0 0 0 1 0.0056921244 0.0062618256 0.0056078434
0.9936371 0.08933708 0.068588704 -0.087832466 0.99583024 -0.024653338 -0.07050522 0.018472143 0.99734026 -0.7327019 -0.23602772 -0.36459112
1 0 0 0 1 0 0 0 1 0.01831913 -0.012778759 -0.032830656
1 0 0 0 1 0 0 0 1 0.0075461864 -0.017091751 -0.024296045
0.9981916 0.033024084 0.050228953 -0.038814895 0.99212664 0.11907169 -0.04590145 -0.12080583 0.99161446 -0.28757262 0.10793066 0.9906276
1 0 0 0 1 0 0 0 1 -0.018861294 -0.0059216022 0.03327775
1 0 0 0 1 0 0 0 1 -0.00077295303 -0.027698517 0.009237528
1 0 0 0 1 0 0 0 1 0.017188787 -0.0076379776 -0.0017889738
1 0 0 0 1 0 0 0 1 -0.015856028 -0.032833934 -0.003128767
1 0 0 0 1 0 0 0 1 0.14249468 -0.04557991 0.034822404
-0.01947876 -0.54213405 0.8400663 -0.9998034 0.007438138 -0.018382594 0.0037172837 -0.8402591 -0.5421723 1.4680753 3.7062428 4.1512623
0.47335452 -0.70724607 0.52510816 0.87908643 0.34134573 -0.3327012 0.056058206 0.6191011 0.78330797 3.6307778 6.9899774 -4.3032317
1 0 0 0 1 0 0 0 1 -0.007107973 0.047706604 -0.0187577
1 0 0 0 1 0 0 0 1 0.011337578 -0.008148193 0.0067601204
0.2826194 0.2221506 -0.9331535 0.8375396 0.41707608 0.35295218 0.4676045 -0.881304 -0.068186164 -3.449666 7.635683 10.3806925
1 0 0 0 1 0 0 0 1 -0.0011397302 0.008081436 0.007959366
1 0 0 0 1 0 0 0 1 0.0001527071 0.01886177 0.006119609
1 0 0 0 1 0 0 0 1 -0.004948616 -0.0074267387 -0.013842702
1 0 0 0 1 0 0 0 1 0.0115942955 -0.011265755 -0.0012667179
1 0 0 0 1 0 0 0 1 0.016581059 0.0014219284 -0.016754985
