0.99902457 0.03823913 -0.02207698 -0.03771293 0.99900556 0.023778379 0.022964299 -0.022922575 0.99947345 -0.3741821 0.052675247 0.19343485
0.99885714 0.047157764 0.007752925 -0.04712236 0.998878 -0.004672438 -0.007964551 0.004301518 0.999959 -0.052225947 0.071104646 -0.00045609474
1 0 0 0 1 0 0 0 1 0.0151132345 -0.0075645447 0.002932489
0.9912147 0.06511459 0.115124494 -0.054829627 0.99439937 -0.090353504 -0.120363146 0.08324757 0.9892333 -0.6493387 -0.05760002 -1.0259145
0.9729947 0.22862323 0.031825885 -0.23066041 0.9682531 0.09634123 -0.008789644 -0.10108041 0.9948395 -0.8590183 0.29760885 0.4092207
-0.8322185 -0.34161544 -0.4367047 0.54969394 -0.6112831 -0.5693589 -0.07244843 -0.71388507 0.6965051 7.6313844 15.224548 7.470118
0.99998814 0.0042307526 -0.0025509894 -0.0042226464 0.9999861 0.0031863302 0.002564311 -0.003175497 0.9999918 -0.05148235 0.0059480667 0.020222664
0.51948804 -0.85254574 -0.057427436 -0.094383016 0.009545088 -0.9954902 0.8492491 0.52256536 -0.0755074 4.5758295 5.5478334 -2.4962883
-0.7554698 -0.4552998 0.47113428 0.51328605 0.03561446 0.85747826 -0.40718898 0.8896256 0.20679328 1.763552 10.483973 -9.566609
0.9950688 -0.05843953 -0.08014053 0.045460865 0.98684406 -0.15515268 0.08815322 0.15074423 0.9846346 0.1638239 -0.038746357 -0.38249013
0.9990786 -0.04195398 -0.009058386 0.03982836 0.9848723 -0.16864395 0.015996665 0.16812763 0.9856357 0.26913232 0.3213644 -1.078023
1 0 0 0 1 0 0 0 1 -0.0033062696 0.003279686 0.007958353
0.64296806 -0.55947703 -0.5230464 -0.7150334 -0.683205 -0.14818174 -0.27444372 0.46927166 -0.8393238 4.178887 11.095581 -1.1906987
0.96245575 -0.22961974 -0.14475366 0.26981488 0.8675464 0.41780743 0.029643744 -0.4411778 0.89692986 1.1937516 2.5178375 2.9530375
0.9816614 0.17090003 0.08446249 -0.18210536 0.97171485 0.15036045 -0.05637689 -0.16298415 0.98501664 -1.839971 -0.29404354 1.5200781
0.9998723 0.0041321367 -0.015439063 -0.0041288584 0.9999914 0.00024113059 0.015439913 -0.00017735362 0.9998808 0.0017660856 0.0049746037 -0.029052734
0.9998226 -0.018562838 -0.0031770766 0.0185097 0.9997007 -0.015997946 0.0034730434 0.015936255 0.99986684 0.14253941 -0.041882515 -0.116196156
0.99996287 0.008602224 -0.00012037903 -0.008602798 0.9999472 -0.0056189 7.202476E-05 0.0056197643 0.9999842 -0.088541985 -0.013753891 -0.05747664
0.9460938 0.29948246 -0.123355545 -0.30621356 0.95114917 -0.039350927 0.10554466 0.07500288 0.99158204 0.35695696 0.69918823 -0.19299912
0.99945 0.030397668 0.013255626 -0.030254439 0.9994828 -0.010898918 -0.013580143 0.010491967 0.9998527 -0.13351801 0.032197475 -0.039280385
0.2865062 -0.8686134 -0.40425873 0.23770565 -0.34430808 0.90826666 -0.9281219 -0.3563186 0.10782792 -4.477893 -6.406193 -2.0396771
1 0 0 0 1 0 0 0 1 0.03223872 -0.024086952 -0.012067437
-0.89334315 0.42567295 0.14401461 -0.1508615 0.017788993 -0.98839486 -0.4232947 -0.9047022 0.048326194 -1.5694315 5.0755186 4.7271514
0.9853423 0.06672108 -0.15699905 -0.026354253 0.968828 0.24632894 0.1685404 -0.2385807 0.95638543 -0.24831206 -0.14321947 1.7560072
0.9606381 0.05371487 -0.27256036 -0.036934346 0.9971137 0.066331595 0.2753366 -0.05365388 0.9598495 -0.1799866 0.048236847 -0.0505265
0.94986314 -0.2664152 -0.1636546 0.28079385 0.95708656 0.07169533 0.13753086 -0.11405395 0.98390913 1.3508309 0.49577856 0.6712292
0.9992573 -0.0375849 0.0084718615 0.037306577 0.99882555 0.030908242 -0.009623587 -0.030569255 0.9994862 0.33013666 0.1530037 0.24437046
0.99960804 -0.0073830187 0.02700077 0.007174954 0.99994403 0.007793814 -0.027056798 -0.007597059 0.999605 0.12895906 0.02757883 0.022851467
0.8234178 0.5108262 0.24706236 -0.45242307 0.85381806 -0.2575039 -0.342486 0.10025665 0.9341583 -4.5963564 1.3605781 -0.87987465
0.9999664 -0.00565058 -0.0059785396 0.005677372 0.999974 0.0044599622 0.0059531927 -0.0044935793 0.9999721 0.07588768 0.0024528503 0.06324577
0.737517 0.22751284 0.6358509 -0.5845183 -0.25652236 0.7697627 0.33824074 -0.9393797 -0.05620411 -2.8367174 6.9002895 8.441429
0.9503426 -0.25490355 -0.17853169 0.28164202 0.9485077 0.14495155 0.13239002 -0.18803585 0.9731986 1.4633362 -0.117185116 0.8439067
0.99866927 -0.049291372 -0.015169978 0.049694806 0.99838656 0.027478442 0.0137909055 -0.028195411 0.9995074 0.24805096 -0.011425972 0.13469094
0.999855 -0.0124129485 0.011662662 0.012525214 0.99987555 -0.009601973 -0.011541933 0.009746721 0.9998859 0.08099878 0.00839901 -0.07580478
0.99179465 -0.022783827 -0.12579326 0.03174586 0.99706244 0.06970498 0.12383558 -0.07312648 0.98960465 0.1365763 -0.105404526 -0.2116406
0.46606457 -0.7638607 0.44643086 0.7871696 0.12764512 -0.60338295 0.40391585 0.63263214 0.66077876 3.1718953 4.1427145 -2.650175
0.65678966 0.6507939 0.38091263 -0.3181747 -0.21880086 0.92243755 0.68366075 -0.7270442 0.063360035 -2.0322824 0.30922985 3.3472638
0.9985836 0.0019848645 -0.053169817 -0.0020679384 0.9999967 -0.0015057474 0.053166866 0.0016136467 0.9985844 0.06975675 0.012611389 0.06284499
0.999168 -0.04056847 -0.004233539 0.04042413 0.99873483 -0.02991696 0.0054418743 0.02972091 0.99954355 -0.14660096 -0.081056595 0.11969924
0.999643 -0.006795883 0.025831342 0.0074510872 0.9996507 -0.025350872 -0.025650054 0.025534458 0.99934465 0.008120537 0.028982162 -0.13464579
0.99963856 0.026776224 0.002352208 -0.026814252 0.9994805 0.01788307 -0.0018723011 -0.017939463 0.9998373 -0.073933005 0.013781071 0.05440247
1 0 0 0 1 0 0 0 1 -0.00095811486 -0.004585266 0.012745857
0.9999163 -0.0023204572 -0.012724698 0.0020168647 0.9997141 -0.023825392 0.012776285 0.023797706 0.9996351 0.040745497 0.034134388 -0.18150401
0.99962944 -0.02169022 0.016452909 0.021428078 0.9996433 0.015944764 -0.016792849 -0.015586287 0.9997375 0.10890269 -0.024522305 0.10468483
-0.13184427 -0.6206303 0.7729392 -0.97863823 0.20558186 -0.0018599277 -0.15774778 -0.7566731 -0.6344774 4.3209057 5.1476946 4.226373
0.9917912 0.12456219 0.028885487 -0.016854519 0.3512814 -0.93611807 -0.12675188 0.9279469 0.35049734 -0.5121829 2.6369681 -3.4469109
0.99992204 -0.0019994378 -0.012337863 0.002142191 0.999931 0.011559173 0.012313962 -0.011584625 0.9998572 0.029340744 -0.007598877 0.13942796
0.99994814 0.010138959 0.0011126474 -0.0101493 0.99989915 0.009929016 -0.0010119453 -0.009939998 0.9999502 -0.08563575 -0.018463612 0.077357054
0.9985524 0.0121983215 0.05238851 -0.010494128 0.9994108 -0.032681346 -0.05275631 0.032084227 0.99809194 -0.08875847 0.053295612 -0.07034159
0.99209285 -0.096556306 0.080178484 0.10112062 0.99335515 -0.054956608 -0.07433928 0.06262988 0.9952644 0.41842943 0.22515392 -0.40150177
0.64002854 -0.7338326 -0.22771251 -0.022319376 -0.3139967 0.94916165 -0.76802677 -0.60240823 -0.21734555 1.9566996 2.9830732 2.0064235
0.9999434 0.005306825 0.009216636 -0.0052686334 0.99997723 -0.0041531622 -0.009238511 0.0041044354 0.9999488 -0.06109959 0.0013751984 -0.057081997
0.9997657 0.013729587 -0.016733706 -0.014036387 0.999733 -0.018359214 0.016477048 0.018589824 0.99969137 -0.08969092 0.03197956 -0.17326605
0.9910374 -0.13235638 0.018072557 0.13195716 0.99101704 0.021741986 -0.020787861 -0.019162446 0.9996002 1.2880077 0.39281178 0.15318894
0.9988839 0.0043397546 0.047032714 -0.0049520135 0.9999044 0.012906969 -0.046972156 -0.013125479 0.99880993 -0.05151385 -0.016226768 0.079990655
0.9518417 -0.02527624 0.30554664 -0.24844629 0.52035743 0.8170083 -0.17964433 -0.8535744 0.48901808 0.20012498 2.0674107 2.4349785
0.99940634 0.030838445 -0.015352175 -0.0309522 0.9994947 -0.0072156787 0.015121698 0.0076865554 0.9998561 -0.111260116 0.020339727 -0.03847587
0.37381756 0.048469305 0.9262349 -0.92746115 0.010135114 0.37378204 0.008729428 -0.9987733 0.048742115 -2.3395362 -0.4984622 2.8098557
1 0 0 0 1 0 0 0 1 0.0058180094 -0.0042734146 0.0055636168
0.80117875 0.27605897 -0.5309466 -0.56325424 0.048183486 -0.82487756 -0.20213196 0.9599322 0.19409499 -1.1556959 8.026977 -5.5742283
1 0 0 0 1 0 0 0 1 -0.030454874 -0.05938542 0.015052229
0.99852544 -0.0010977685 -0.054273903 -0.0008527115 0.9993547 -0.03590375 0.054278404 0.03589724 0.9978804 0.06232226 0.041109085 -0.16956043
0.9893954 -0.07903364 0.12186154 0.06502181 0.99123985 0.11495869 -0.12987974 -0.10581593 0.98586726 0.3778659 0.09432602 0.4371043
0.8968081 0.39833042 0.19253072 0.16531 0.101958096 -0.9809573 -0.41037518 0.9115576 0.02558884 -4.4441133 10.366714 -9.291866
0.99927825 -0.0027420665 0.037884414 0.003662806 0.999699 -0.024255399 -0.03780657 0.024376668 0.9989878 0.032261312 0.025709152 -0.33888632
0.11010364 -0.30685955 -0.9453646 -0.34760115 0.8791957 -0.3258655 0.9311555 0.36448887 -0.009862079 4.8856773 1.906014 -5.1714954
-0.8953935 -0.3584753 -0.26413298 0.31785992 -0.09916674 -0.94293755 0.3118266 -0.92825735 0.20273814 0.54857683 5.0789304 4.278903
1 0 0 0 1 0 0 0 1 0.006450653 -0.0032835007 -0.00035893917
-0.94250774 -0.18219222 0.28015208 0.3198776 -0.73450524 0.59848166 0.096734606 0.6536879 0.75055605 3.162007 11.820022 -4.657283
0.9999897 0.0040905923 0.0020555854 -0.003953621 0.9980237 -0.06271446 -0.0023081303 0.06270565 0.9980294 -0.007689476 0.06687623 -0.041976333
0.94481677 -0.31198382 -0.09993619 0.2078276 0.8066291 -0.5533144 0.2532367 0.5020113 0.8269556 2.6287348 2.508222 -3.632341
0.9996606 -0.009130403 -0.024387926 0.010021359 0.9992771 0.036670297 0.024035662 -0.03690228 0.9990297 0.12592873 -0.016928673 0.34678268
0.996513 0.06220463 0.05560808 -0.06148672 0.9980022 -0.014528871 -0.056400776 0.011059105 0.998347 -0.65382487 0.07391167 -0.05884826
1 0 0 0 1 0 0 0 1 -0.0010685921 -0.021137118 -0.021309853
0.99903417 -0.023350947 -0.037220955 0.023954503 0.9995875 0.015852336 0.03683546 -0.016728744 0.99918133 0.07450223 -0.046979427 -0.018612802
0.99919075 0.036637127 0.016598374 -0.036045685 0.99875003 -0.034626305 -0.017846197 0.03400004 0.9992626 -0.082921624 0.0796175 -0.046563685
0.9916948 -0.105909936 0.07297048 0.10609889 0.99435484 0.0012918403 -0.072695315 0.0064611733 0.99733335 0.2809356 -0.031437397 0.015548181
0.999469 0.018680334 0.026695535 -0.018283471 0.99972 -0.015034378 -0.026968986 0.0145382285 0.9995305 -0.09532273 -0.0039720535 -0.03765154
0.9994858 0.010787144 0.03018751 -0.010410622 0.99986637 -0.012602376 -0.030319508 0.012281538 0.99946475 -0.08893299 7.867813E-05 -0.08662498
0.5747529 -0.6771095 0.459545 0.45138553 0.73073083 0.51213616 -0.6825762 -0.08691974 0.725627 -0.9191697 -0.012633532 -0.6066867
0.99452484 -0.020017818 0.10256517 0.013583198 0.99791753 0.0630551 -0.103613794 -0.06131676 0.9927259 -0.040874302 -0.060337543 0.23382932
0.99527615 -0.06281203 -0.074027345 0.07297424 0.98692495 0.14371423 0.06403233 -0.14843746 0.9868467 0.02974081 0.12121382 0.1935993
0.9995679 0.021531481 -0.02000775 -0.021630047 0.9997548 -0.0047270283 0.019901063 0.0051577576 0.9997886 -0.18335794 -0.030416012 -0.061330378
0.99966305 -0.0074594617 -0.024861038 0.007255882 0.9999397 -0.008263454 0.024921171 0.008080274 0.9996568 -0.028803587 -0.03479004 -0.068739176
1 0 0 0 1 0 0 0 1 0.006860614 -0.0003900528 -0.006691955
-0.28546366 -0.3207233 0.9031317 -0.9343372 -0.11666 -0.3367559 0.21336484 -0.93996114 -0.26636153 -2.3821576 0.5972017 2.990331
-0.47353417 -0.1809882 -0.8619794 -0.8300092 0.41915148 0.36796272 0.29470307 0.889694 -0.34870446 1.6564031 1.466147 -1.2752386
0.99887156 -0.028752357 0.03780517 0.027584136 0.9991368 0.031069368 -0.03866589 -0.029991359 0.9988023 0.21458292 -0.08700752 0.34081143
0.78599435 0.611832 -0.088738464 0.5511826 -0.7585045 -0.3476615 -0.280019 0.22434899 -0.93341136 -0.98428726 2.9174433 -0.18088353
1 0 0 0 1 0 0 0 1 0.006682873 0.0052161217 0.00540331
0.99999815 -3.257394E-05 -0.0019010901 4.531443E-05 0.9999778 0.0066884756 0.0019007921 -0.006688714 0.9999759 -0.011287987 0.021718979 0.061092615
0.9977529 0.020520747 0.06377975 -0.01336351 0.9937657 -0.11068499 -0.06565346 0.10958399 0.9918069 -0.23799291 0.1645422 -0.96215963
-0.33985406 -0.9385408 0.06033404 -0.011065811 -0.060157463 -0.9981277 0.9404131 -0.33988544 0.010059036 10.667862 12.612488 4.4212594
0.97439146 0.12077737 -0.18966803 -0.14845003 0.97907686 -0.13918097 0.16888967 0.16377293 0.9719336 0.66121864 0.28870583 0.34556723
0.98313713 0.05734356 -0.17364627 -0.047905326 0.9971626 0.058068566 0.1764833 -0.048770826 0.98309463 -0.12825811 -0.086824656 0.29492778
0.99620533 0.03436868 -0.07996127 -0.03481703 0.99938476 -0.004218664 0.07976705 0.0069867168 0.99678904 0.07744789 0.035759926 -0.08426076
0.7840114 -0.096077785 -0.6132661 -0.26985765 -0.9424616 -0.19733976 -0.55901986 0.32021114 -0.764828 0.8669021 15.627886 -2.3084846
0.99545896 0.0055957744 0.09502871 -0.0012949414 0.99897456 -0.045261797 -0.09518454 0.04493319 0.994445 -0.09361333 0.02404499 -0.5840298
0.99659044 -0.08058667 -0.01770398 0.07895124 0.99373794 -0.079068676 0.023964971 0.077401236 0.9967121 0.2682454 -0.04970622 -0.29199636
-0.04180587 0.9421089 0.3326906 0.8106634 -0.16265292 0.5624668 0.5840181 0.29321456 -0.7569334 -2.325473 3.8978882 -2.7309809
0.9998046 -0.01327537 -0.014657423 0.013440341 0.9998466 0.011217351 0.01450627 -0.011412284 0.9998295 0.04755044 0.051883698 0.10431886
1 0 0 0 1 0 0 0 1 0.0017517805 -0.013296127 -0.0012205243
1 0 0 0 1 0 0 0 1 0.015052246 -0.010234833 0.001985073
-0.54717755 0.83302677 -0.08162759 0.7701651 0.53926593 0.34064376 0.3277844 0.123525895 -0.9366423 -2.7840333 1.4590077 0.24136776
0.05335982 -0.13132541 0.98990226 -0.057405762 0.9892716 0.13433614 -0.9969239 -0.06399423 0.045248512 2.0532324 0.10715103 2.5529408
0.97330374 0.14966607 0.17401187 -0.17626241 0.97299683 0.14902607 -0.14700893 -0.17571938 0.9734018 -0.3791579 -0.52160805 -0.10764778
0.9659997 -0.050192703 -0.2536248 0.11874505 0.9575214 0.26277834 0.22966167 -0.28396055 0.9309254 0.1695689 0.14352703 0.95995593
0.99598634 -0.055736497 -0.07003453 0.05392441 0.998166 -0.027505271 0.07143904 0.023618247 0.9971653 0.5363281 0.057593346 -0.14986233
0.7290834 0.56518555 -0.38600853 -0.27625495 -0.27299502 -0.9214971 -0.6261952 0.7784851 -0.042900927 1.9266531 -6.5325637 2.043842
0.95524627 -0.23421036 0.18069312 0.27761552 0.9207284 -0.27420563 -0.10214749 0.31209704 0.9445429 -1.598275 0.6137934 1.3790798
1 0 0 0 1 0 0 0 1 0.014728308 0.015813056 0.009791732
0.95677364 0.24367762 -0.15876192 -0.1814552 0.9267617 0.32891768 0.2272843 -0.28589153 0.93091774 -1.2273104 0.25650406 1.5157578
0.9944932 0.10342616 -0.01691714 -0.102770984 0.9940588 0.035856515 0.020525172 -0.03392046 0.9992137 -0.8806092 -0.055669785 0.31970397
0.99920654 -0.030353755 0.025787309 0.030064344 0.99948144 0.01153706 -0.02612421 -0.010752618 0.9996007 0.14217263 -0.04396534 0.096339226
0.9881741 0.12144843 -0.09360622 -0.13207766 0.98427886 -0.11726417 0.07789303 0.12824059 0.9886795 -0.6406311 0.39382553 -0.8689991
0.9965601 0.06650999 0.04944828 -0.06943044 0.995787 0.059894413 -0.045256287 -0.06312144 0.9969794 -0.4195974 0.08571243 0.42636755
0.9923492 0.08613585 0.088450864 -0.09017907 0.9950066 0.042774633 -0.084324904 -0.050423823 0.99516165 0.42806673 -0.23741198 -0.4467083
0.99902695 -0.0381138 0.022186391 0.037606608 0.9990314 0.022845477 -0.023035623 -0.02198881 0.99949276 0.32575822 0.03822422 0.17206192
0.99969304 0.023136199 0.0088550225 -0.023307472 0.99953294 0.019761115 -0.00839375 -0.019961208 0.9997655 -0.24067593 -0.068496704 0.18826556
0.9994202 -0.008921065 -0.032856077 0.008530526 0.99989176 -0.012006426 0.03295976 0.011719352 0.9993881 0.047345757 0.008578777 0.013467014
0.99996924 0.0070386035 -0.00349503 -0.0070600286 0.99995613 -0.0061600804 0.0034514964 0.0061846226 0.9999749 -0.046451822 -0.01772356 -0.030070394
0.9995968 -0.0036189258 0.02816213 0.0026620924 0.9994203 0.033940315 -0.028268665 -0.033851802 0.999027 -0.011658847 -0.037322998 0.24706912
0.99993324 0.010840461 0.0039865673 -0.010703072 0.99939865 -0.032990493 -0.004341811 0.032945573 0.99944776 -0.071478486 -0.07950783 -0.26049292
0.99972594 0.012041092 0.020071805 -0.011657432 0.9997491 -0.019120812 -0.02029711 0.0188815 0.99961567 -0.024811149 -0.058570385 -0.13448691
0.99796814 0.028710917 0.056882977 -0.028646633 0.99958783 -0.001944825 -0.056915164 0.00031137466 0.9983791 -0.0619846 0.0060129166 0.029032707
0.9967519 0.06258711 0.050681606 -0.060189396 0.99705464 -0.047529012 -0.053506974 0.044324145 0.99758303 -0.68721277 -0.0011510849 -0.5134058
0.9111254 -0.41133457 0.025586428 0.41090527 0.9018841 -0.13327491 0.03174448 0.13194376 0.99074876 2.7321324 0.47982264 -0.86681306
0.9221035 0.01865035 0.38649347 0.08861892 0.9621109 -0.25785547 -0.3766586 0.27202013 0.885513 -0.7520475 0.6364765 -1.1800988
0.9936926 0.07534793 -0.083053246 -0.04198408 0.93673563 0.3475108 0.10398308 -0.3418318 0.93399066 0.3356099 -0.18009615 -1.714107
-0.13229528 0.61504745 -0.7773123 0.79310423 -0.40469682 -0.4551989 -0.5945449 -0.6767101 -0.43425733 -3.777556 10.7312355 6.3361526
-0.6673121 0.66044503 -0.34424874 0.38629466 -0.08825949 -0.91814303 -0.63676625 -0.74566936 -0.19622952 -5.4111648 8.472723 5.6369686
0.9989222 0.01596877 0.0435784 -0.014484793 0.9993112 -0.034162134 -0.0440939 0.033494025 0.9984657 -0.1399296 0.045440197 -0.18706012
1 0 0 0 1 0 0 0 1 0.006731868 -0.007068515 0.007271424
0.90335375 -0.3987459 0.1579683 0.41368222 0.90728647 -0.07548734 -0.11322223 0.13354026 0.98455465 -1.6020532 0.6538451 0.19333827
0.983338 0.08984062 -0.15803503 -0.11757864 0.9773426 -0.176002 0.13864225 0.19165099 0.97162145 -0.039563656 -0.19156599 0.021826446
0.99758554 0.053843334 -0.043860286 -0.053689525 0.99854666 0.0046841204 0.044048518 -0.0023177564 0.99902683 -0.25803202 -0.006444454 0.027747035
0.99284506 -0.07077739 -0.096171305 0.06810669 0.9972031 -0.030780613 0.0980808 0.024010777 0.9948888 0.06812155 0.08754915 0.1397846
0.9994599 0.020302346 0.025845215 -0.020848833 0.9995609 0.021054931 -0.025406405 -0.021582454 0.99944437 -0.17674744 -0.012732983 0.15526998
0.940963 0.33248818 -0.06356153 -0.32769546 0.94178283 0.07523975 0.0848773 -0.049969032 0.9951376 -2.615082 0.89356756 0.30063528
1 0 0 0 1 0 0 0 1 0.029730555 -0.0070858 0.01082015
0.9986494 0.014226817 -0.049969435 -0.014563195 0.9998735 -0.0063761696 0.04987222 0.007095322 0.9987303 0.015055656 0.01804749 -0.080466434
0.7709085 -0.62127924 0.14040074 -0.07944679 0.12491572 0.9889814 -0.63197196 -0.7735686 0.04693994 0.48993027 -0.09736487 1.7891699
0.99050766 -0.056148008 -0.12546892 0.06401445 0.99616987 0.059567634 0.12164377 -0.0670338 0.99030805 0.4447307 -0.02737379 0.43655416
0.997738 0.06709725 0.004079461 -0.06708665 0.99774367 -0.0026662052 -0.0042493045 0.0023866147 0.9999881 -0.24480128 -0.11390591 -0.014063388
0.99318296 -0.08929363 -0.074926235 0.1098593 0.9319236 0.3456143 0.03896445 -0.3514896 0.93538046 0.8477026 0.64517117 3.3003457
1 0 0 0 1 0 0 0 1 -0.0044692755 0.015469551 0.007753134
0.9974744 -0.0073763616 0.07064255 0.00064001954 -0.99361885 -0.112789 0.07102374 0.112549245 -0.9911046 0.08607459 16.520023 -1.4159545
0.9989663 0.04115656 0.019304734 -0.040595092 0.99876577 -0.028625041 -0.020459004 0.02781175 0.9994037 -0.4061259 0.07707405 -0.246431
0.99994624 0.008724637 0.0056069493 -0.008705966 0.9999564 -0.0033569336 -0.0056360066 0.003307864 0.9999786 -0.046191454 0.006350994 -0.011413336
0.9964435 -0.065943 0.052463524 0.062257335 0.99567014 0.06902936 -0.056788236 -0.065517545 0.9962343 -0.019849181 -0.14917096 0.10345715
0.9792533 0.017224014 -0.20190799 -0.04615976 0.98914653 -0.13949464 0.19731382 0.14592063 0.9694198 0.29987848 0.16186762 0.061829805
0.9965086 0.066788085 0.050098486 -0.067259915 0.99770516 0.007789571 -0.04946325 -0.011131991 0.99871385 -0.6069635 0.012144089 0.11170316
0.99997485 -0.0047358274 0.005269766 0.004373491 0.9977595 0.06675896 -0.0055743605 -0.066734284 0.9977554 0.0477767 -0.05927849 0.61972547
0.9988007 -0.008126587 0.04828134 0.009416297 0.99960333 -0.02654761 -0.04804629 0.026970267 0.99848104 0.016806722 0.027793407 -0.1718668
0.99999666 -0.00088492036 0.0024451464 0.00084263086 0.99984956 0.017326623 -0.0024601072 -0.017324291 0.9998467 0.001965046 -0.002693653 0.06877047
0.19320525 -0.37959725 -0.90475285 0.27985582 0.9051418 -0.31999862 0.9404002 -0.19137494 0.2811107 0.93915206 -0.14069182 -0.5648646
1 0 0 0 1 0 0 0 1 0.018062353 -0.022922516 -0.0013863444
0.9996971 -0.007774044 -0.023352837 0.008007329 0.9999189 0.009916858 0.023273895 -0.0101009235 0.999678 -0.024223685 0.038668633 0.09318781
0.9975017 -0.05570948 -0.043439746 0.050373852 0.9920287 -0.11550518 0.04952821 0.11302833 0.9923565 0.6036978 0.22879314 -0.9630146
0.99922174 -0.00593096 0.03899415 0.0038797557 0.99861526 0.052466586 -0.039251328 -0.052274533 0.997861 2.7388334E-05 -0.03325081 0.22334853
0.9963941 -0.018531859 0.08279917 0.02624762 0.9953117 -0.09309116 -0.08068566 0.094928905 0.9922087 0.15050945 0.12114525 -1.0234711
0.99822587 0.012749165 -0.05816064 -0.010473311 0.9991739 0.039270103 0.058613263 -0.038591355 0.99753475 -0.14800712 -0.0069408417 0.4987868
0.9997599 -0.013356596 0.01735758 0.012868329 0.99952686 0.027931586 -0.017722398 -0.027701497 0.9994589 0.034905076 -0.0073120594 0.070317805
0.9996247 -0.0014419854 0.027358364 0.0020364523 0.9997623 -0.021709278 -0.027320564 0.02175679 0.99939 0.06324467 -0.053130627 -0.1565175
0.76881087 0.6272655 -0.12437014 -0.41072434 0.6334332 0.6557957 0.4901382 -0.45310104 0.7446235 -6.2725406 2.1877365 5.34446
0.6886784 -0.5835294 0.43036684 0.6927269 0.7048141 -0.15286112 -0.21412963 0.40339887 0.88961667 4.932342 2.3195949 -3.4020572
0.99354935 -0.08567377 -0.07429444 0.08698303 0.99610335 0.0145637 0.072757244 -0.020932052 0.99713 -0.38041663 -0.2432785 -0.28238386
0.99852204 -0.049139827 -0.023210645 0.04861048 0.9985565 -0.022847846 0.02429974 0.02168563 0.99946946 0.65595603 0.037265778 -0.26123407
0.99969804 0.018890463 0.015717596 -0.018150076 0.9987772 -0.045983523 -0.016567022 0.045684263 0.99881864 -0.048333645 -0.04777193 -0.1428187
1 0 0 0 1 0 0 0 1 0.014152408 0.0028791428 0.0041184425
1 0 0 0 1 0 0 0 1 0.0060579777 -0.018539429 0.00351121
0.99714965 0.028143808 0.07000616 -0.030690834 0.9988952 0.035577342 -0.06892756 -0.037624545 0.9969118 -0.18890023 0.03062725 0.29852262
0.9648526 -0.05015081 -0.257962 0.012084597 0.98905027 -0.14708313 0.2625137 0.13879612 0.95489377 0.16036016 -0.027373314 -0.958238
0.9998901 0.01001282 0.01094833 -0.010083765 0.99992836 0.006441772 -0.010883033 -0.006551534 0.9999194 -0.06506288 -0.012127399 0.044652134
0.99985975 -0.008277219 0.014563397 0.007431035 0.9983336 0.057228427 -0.015012816 -0.05711216 0.9982549 0.0171009 -0.0793004 0.277501
0.99463034 -0.06329265 0.081884325 0.067083806 0.99675894 -0.044406086 -0.07880832 0.04966086 0.9956521 0.8189781 0.07401848 -0.67562526
0.99966264 -0.010931522 -0.023557588 0.010782719 0.9999212 -0.0064280033 0.023625895 0.006171763 0.99970174 0.11706972 0.03613758 0.008434176
0.9469507 -0.28627902 -0.14604297 0.31251204 0.9262633 0.21064775 0.07497009 -0.24511333 0.9665913 2.2954257 0.5068555 1.9310906
0.9883304 -0.005171299 -0.15223643 -0.012015998 0.9936623 -0.11176255 0.15184972 0.112287536 0.98200464 0.08345711 0.036801606 0.22570658
0.99909884 0.03583616 0.022741705 -0.03686446 0.998237 0.046519227 -0.021034544 -0.047315687 0.9986584 -0.34091592 0.010315895 0.4558183
0.3445427 -0.9355765 -0.07737589 -0.903894 -0.3528711 0.24178015 -0.25350755 -0.013363987 -0.967241 -1.3866626 -2.2227738 1.2140963
0.9970217 0.06192646 -0.045965374 -0.061671145 0.9980722 0.0069564246 0.046307594 -0.004100807 0.9989188 -0.2642628 -0.111154556 0.070194006
0.21380156 -0.89154863 0.3992868 0.7976734 -0.076620266 -0.5982028 0.5639204 0.44639716 0.69478315 -1.4769545 -7.6984406 0.17795712
0.9997343 0.022069663 0.006631881 -0.022112682 0.9997343 0.0064972043 -0.0064865947 -0.0066423416 0.99995667 -0.11676884 -0.032166958 0.033044934
1 0 0 0 1 0 0 0 1 -0.03060627 -0.009043694 -0.017022729
0.99880475 -0.035799533 -0.033280034 0.038906515 0.9944303 0.09795074 0.029588286 -0.099128485 0.9946346 -0.047893286 -0.043183565 -0.1619618
0.99773705 -0.06551819 -0.015111029 0.065722644 0.99774724 0.013458326 0.014195204 -0.0144210495 0.9997952 0.86402303 0.048078537 0.1977421
0.9174764 -0.19854903 -0.34469575 0.20391618 0.97876275 -0.021015584 0.3415481 -0.051007718 0.9384791 -0.47874498 -0.6357722 -1.1269665
0.99992305 -0.012321316 -0.0014055423 0.011860333 0.98325515 -0.18184848 0.0036225785 0.18181777 0.98332566 0.079716265 0.40121698 -0.8867775
0.9998847 0.013741799 0.0064974427 -0.014184311 0.9971693 0.07383932 -0.005464375 -0.07392283 0.99724895 -0.15797582 0.054358482 0.8976527
0.9996807 0.0077636912 0.024043053 -0.007853426 0.99996245 0.0036320686 -0.024013847 -0.003819704 0.99970424 -0.037501752 -0.0060358047 0.03303635
0.9996014 0.01195851 -0.025580507 -0.011461109 0.99974394 0.019507626 0.025807157 -0.019206759 0.9994824 -0.067812085 -0.027114868 0.17088658
0.99929476 -0.036009133 0.010656625 0.03600426 0.99935114 0.0006414354 -0.0106728375 -0.00025734305 0.9999429 0.29428256 0.04465103 -0.007943869
0.99139404 -0.09127018 0.09384675 0.07608321 0.98508954 0.154303 -0.10653074 -0.14583501 0.98355615 0.68315494 -0.17898941 1.4035887
0.99609065 -0.035630703 0.08083074 0.03749904 0.99906075 -0.021714479 -0.07998112 0.024660647 0.9964913 0.1875453 0.035223007 -0.1914891
0.9980931 0.061531544 0.0048976243 -0.060909927 0.9946499 -0.08343588 -0.010005444 0.08297838 0.9965011 -0.32662094 0.10428047 -0.4577793
0.9998139 0.016094878 -0.010600299 -0.0160393 0.9998574 0.0053206882 0.010684609 -0.005149626 0.9999295 -0.1155386 0.009188652 0.032027006
0.99296534 0.076658905 0.09023921 -0.08509201 0.99196243 0.093648076 -0.08233501 -0.10066816 0.99150753 -0.41173804 -0.15874004 0.39652205
0.99992794 0.0118511915 0.002033718 -0.011829674 0.99987787 -0.010218114 -0.002154611 0.0101931095 0.9999457 -0.08548093 0.024961472 -0.07003522
0.99794006 0.06363481 0.008140326 -0.063844666 0.9975433 0.028829783 -0.0062857866 -0.02929023 0.9995513 0.029371023 0.07640141 0.010918617
0.9994562 0.0076340735 0.032073915 -0.0061230063 0.9988785 -0.046947986 -0.032396406 0.046726167 0.99838215 0.019550145 -0.109666824 -0.32177067
0.9991788 -0.039548576 -0.00880909 0.039569736 0.9992143 0.002236873 0.008713588 -0.0025833994 0.9999587 0.252231 0.040735245 0.03408289
0.99983567 -0.0067590177 -0.016810149 0.0076656938 0.9984857 0.054472897 0.016416509 -0.054592893 0.9983736 0.08051896 -0.024956703 0.56717736
0.9989303 -0.026658297 -0.03777791 0.02673348 0.99964154 0.0014845878 0.037724793 -0.0024929643 0.999285 0.07846907 -0.0034008026 -0.016598523
1 0 0 0 1 0 0 0 1 0.00363034 -0.00079107285 0.00040829182
0.9994748 0.03058061 0.010714218 -0.030665383 0.99949896 0.007831097 -0.010469347 -0.0081554055 0.9999119 -0.11032081 0.036611557 0.033772547
1 0 0 0 1 0 0 0 1 -0.0019854307 -0.004026413 -0.0016569495
-0.6531466 -0.080279514 0.75296384 -0.29533055 0.9426261 -0.15567891 -0.6972655 -0.3240544 -0.639382 -2.6117558 0.21774292 3.4391754
0.9986541 0.032541156 0.040389962 -0.03253922 0.9994701 -0.00070659816 -0.040391736 -0.0006086007 0.9991839 -0.22493237 -0.008072853 -0.0033723116
0.87427366 0.3064344 0.37648827 -0.051020302 0.82928157 -0.556497 -0.48274463 0.4673223 0.7406535 -3.2021966 1.5929785 -5.0410914
0.99928427 0.035411775 0.013300068 -0.034795493 0.99842507 -0.04401087 -0.014837543 0.04351682 0.9989425 -0.34039265 -0.025151253 -0.42230365
0.8107559 -0.15116876 0.56552887 0.09244488 0.9870222 0.1313048 -0.57803875 -0.05417589 0.8142089 1.3380417 0.17907333 0.15424371
0.99988484 -0.01514715 -0.00075513124 0.015142649 0.99986887 -0.0057407096 0.0008419454 0.0057286397 0.9999831 0.07156789 0.0047655106 -0.02737534
-0.43481827 -0.82670563 0.35705888 0.12562653 0.33693928 0.93310773 -0.8917128 0.45058817 -0.042651266 -0.8661101 -4.0518622 4.868738
0.96655893 0.060064986 0.24931102 0.075820476 0.8617854 -0.5015749 -0.24497971 0.5037045 0.82841223 0.5674983 -0.9409771 -4.739505
0.998696 0.023410594 0.04536586 -0.017720276 0.99237096 -0.12200689 -0.047876023 0.12104395 0.9914919 -0.22625507 0.18530655 -1.0505134
0.57324773 -0.63885707 -0.51307756 -0.81693345 -0.49398896 -0.29764876 -0.06329961 0.5897767 -0.80508167 4.3561945 10.316032 -4.37568
0.9986281 -0.007480506 0.0518309 0.008605093 0.99973196 -0.02150926 -0.051656105 0.021925658 0.9984243 -0.027388275 0.029222012 -0.12495577
1 0 0 0 1 0 0 0 1 0.008315086 -0.022035599 0.0099541545
-0.24303803 -0.25300214 0.93644136 -0.869692 0.48439762 -0.09484268 -0.42961448 -0.8374658 -0.3377608 -1.0623441 1.0385528 3.6201637
1 0 0 0 1 0 0 0 1 0.0101726055 -0.024097443 0.06195903
-0.07576686 0.9590823 -0.2728014 -0.40413636 -0.27964613 -0.87090266 -0.9115553 0.044263333 0.40878817 -8.546416 9.40335 -1.3347943
0.9975189 -0.055893183 0.04280609 0.056654546 0.9982526 -0.016786411 -0.04179305 0.019169912 0.9989425 -0.27107573 -0.13446903 0.18570375
0.998047 -0.019915864 -0.059206963 0.013282031 0.9937988 -0.110396266 0.061038442 0.10939449 0.99212235 0.062969565 -0.023409843 -0.6390879
1 0 0 0 1 0 0 0 1 -0.0038632154 -0.009192236 0.012554765
0.9996774 -0.0036596954 0.02513054 0.0034359694 0.9999543 0.008935243 -0.02516213 -0.008846074 0.9996439 0.09520829 0.028386593 0.037647247
1 0 0 0 1 0 0 0 1 0.05675602 -0.037131786 0.017205983
0.32261395 0.5331501 -0.7820941 0.027939297 -0.8312784 -0.5551538 -0.9461182 0.1572491 -0.28307796 -6.435465 22.290924 -1.8446746
0.93247867 0.35985366 -0.031448185 -0.25434402 0.59225905 -0.76455116 -0.25650102 0.7209263 0.6437954 -2.3538718 3.74755 -4.33062
0.96434706 0.11540511 -0.23815167 -0.18636575 0.93506515 -0.30153075 0.18788919 0.33516368 0.92323494 -0.17215568 0.6208575 -1.1915599
0.99598557 -0.025160894 -0.085906625 0.049896214 0.95281565 0.29942027 0.07431948 -0.3025046 0.95024604 0.051595807 -0.013311505 0.40693176
-0.7283047 0.66402787 -0.16923179 -0.58565897 -0.7313925 -0.34938356 -0.35577518 -0.1553455 0.9215702 -2.9911838 8.961564 0.8805128
0.99300784 -0.11595175 0.022155415 0.11607199 0.9932319 -0.004213184 -0.021516945 0.0067552924 0.99974585 0.36725184 0.030569315 -0.039021492
-0.6671972 -0.48443878 0.5658329 0.7438727 -0.4728417 0.47230732 0.038745448 0.7360298 0.6758395 -2.3010988 1.9315364 -0.34317446
0.9993307 -0.034368545 0.012528328 0.034283996 0.99938834 0.0069015846 -0.012757953 -0.006467402 0.9998978 0.044177055 -0.06927681 0.039349735
0.99795586 -0.00013381243 -0.06390607 -0.002202034 0.9993319 -0.03647919 0.06386827 0.036545336 0.997289 0.084730506 0.039951324 -0.45195222
0.9996816 0.024650529 -0.005384624 -0.024623364 0.9996841 0.005049087 0.00550732 -0.0049149767 0.99997264 -0.18799591 -0.038630486 0.049633563
0.9000344 0.2765075 0.33687007 0.38673732 -0.15036094 -0.90984946 -0.20092809 0.9491762 -0.24226579 -3.4139254 13.460623 -7.937895
0.9978754 -0.056411684 -0.032594956 0.056244478 0.99839884 -0.0060264766 0.032882795 0.004180312 0.99945056 -0.23043466 -0.1513772 -0.07645347
1 0 0 0 1 0 0 0 1 0.012863219 -0.006644249 5.7879835E-05
0.95724136 -0.106274605 -0.26906192 0.09597945 0.99406695 -0.05117236 0.27290392 0.023159847 0.9617624 0.018889427 0.13515258 0.397447
0.99705046 -0.07619025 0.009247869 0.075674295 0.9960184 0.047126114 -0.012801647 -0.046287328 0.99884605 0.3870241 -0.009340763 0.23149604
0.998497 -0.024712266 -0.04891821 0.020197755 0.99567145 -0.09072079 0.05094838 0.089596525 0.994674 -0.13554978 -0.14365482 0.25842112
1 0 0 0 1 0 0 0 1 0.017694533 0.0022349358 -0.0061080456
0.99967426 -0.007980322 0.024243355 0.007281786 0.9995595 0.028770119 -0.024462223 -0.028584214 0.999292 0.07075614 -0.0070123672 0.28697532
0.9956079 -0.0766912 -0.053696163 0.051941723 0.9296691 -0.36471587 0.077890165 0.36032492 0.92956936 0.68346906 1.2076502 -2.5580044
1 0 0 0 1 0 0 0 1 0.0065607913 0.007945538 0.015186548
0.99985474 -0.014953816 0.008161217 0.015002433 0.99987 -0.0059299343 -0.008071482 0.006051464 0.9999492 0.012050867 -0.018522501 0.009728491
0.99925953 0.031969503 -0.021417348 -0.031219542 0.9989177 0.034478907 0.022496479 -0.03378469 0.999176 -0.27836835 -0.06052971 0.36481804
0.99918324 0.01643448 -0.03691969 -0.016415097 0.999865 0.0008279085 0.03692832 -0.00022092462 0.999318 -0.22381341 -0.0008482933 0.036679983
0.9999844 -0.00025463104 -0.0055876076 0.00030127168 0.9999652 0.008352429 0.0055851936 -0.008354008 0.9999496 -0.017949283 0.025627136 0.07071781
0.9931465 -0.016259432 -0.115739435 0.029001921 0.9935881 0.109277934 0.1132205 -0.11188563 0.9872502 0.18799111 -0.12948847 0.23015106
0.99707836 0.06394112 -0.04178664 -0.06542215 0.99724025 -0.035090327 0.039427653 0.037721574 0.99851006 -0.53447014 -0.04965973 -0.28884035
0.9995578 0.022554293 0.019366898 -0.023312464 0.9989334 0.039855722 -0.018447468 -0.040289484 0.9990177 -0.1282911 -0.0453887 0.17642307
-0.6039201 -0.7809315 -0.1594567 -0.5976503 0.31131908 0.738847 -0.52734697 0.5415038 -0.65473557 8.2272415 7.8302402 -6.8444576
0.9999102 0.0050101876 -0.012418553 -0.0046761334 0.9996308 0.026769064 0.0125481635 -0.026708566 0.9995644 -0.008150816 0.015081346 0.002447307
0.99486625 0.09181093 0.042567626 -0.095099494 0.9919977 0.083044395 -0.034602627 -0.08666618 0.9956363 0.034673333 0.02986455 -0.021834612
0.9972371 -0.0049981177 -0.074113905 0.00020606071 0.9979157 -0.06452629 0.07428187 0.06433277 0.99516004 0.05251896 0.008829117 -0.8178157
0.9996951 -0.013101876 -0.020935792 0.014988989 0.9955829 0.09268394 0.019628977 -0.09296955 0.99547553 0.025072545 0.37034798 0.7607498
0.99936736 0.028552473 0.021200687 -0.028856277 0.9994834 0.0141635835 -0.020785332 -0.014766231 0.999675 -0.3097403 -0.024730682 0.1455813
-0.15055077 0.79223883 0.5913477 -0.630084 0.38403744 -0.67491436 -0.76179284 -0.47420776 0.44136003 -10.719273 8.117523 6.200915
0.26788038 0.107210815 0.9574685 -0.006288372 -0.9935736 0.11301294 0.96343166 -0.036294974 -0.26548475 1.1766572 16.683697 -2.4380147
1 0 0 0 1 0 0 0 1 0.0041953325 -0.003004074 -5.6028366E-06
-0.4598048 -0.8546495 0.24115124 0.6457842 -0.13541189 0.7514162 -0.6095427 0.50123644 0.6141822 5.196387 4.4356303 -1.6468642
0.9985896 -0.051546898 -0.012710288 0.050547548 0.9963148 -0.069292314 0.016235232 0.06855209 0.99751544 0.11991197 0.02978599 -0.15481925
0.9993403 0.011120975 -0.03456965 -0.010387659 0.9997184 0.021321103 0.034796774 -0.020947725 0.9991747 -0.00992465 -0.034467578 0.08237341
0.99927074 -0.035981655 0.012758702 0.03628632 0.99904066 -0.024507638 -0.011864722 0.024952559 0.99961805 0.016288519 -0.04710239 0.0019763112
0.99900174 0.035546668 0.027056485 -0.036386326 0.9988507 0.031200664 -0.025916308 -0.032154 0.9991468 -0.27771997 0.07084274 0.3010423
0.99968034 0.007187344 -0.024241097 -0.007270515 0.9999682 -0.0033459961 0.02421625 0.003521204 0.99970067 -0.02597785 -0.010575771 0.042079374
-0.74307853 -0.4011737 -0.535625 -0.48397675 -0.2306087 0.84414816 -0.46216992 0.88649833 -0.02279827 2.7477806 4.0265503 -2.1642578
0.998654 0.051505223 -0.006097853 -0.051561173 0.9986259 -0.009394825 0.0056055784 0.009696611 0.9999371 -0.49904603 -0.060577393 -0.090625644
0.99412173 -0.031750575 0.10350685 0.034562126 0.99907744 -0.025482904 -0.102602355 0.0289106 0.9943022 -0.14997292 -0.042655826 0.2390374
0.9861782 -0.16005968 0.042820394 0.16328925 0.98270136 -0.087374866 -0.028094314 0.093159266 0.9952548 1.1940912 0.15024424 -0.69373333
1 0 0 0 1 0 0 0 1 -0.00051116943 0.001627922 -0.00021719933
0.9978056 0.011659592 -0.065173924 -0.015332401 0.99830496 -0.05614108 0.06440887 0.057017088 0.9962932 0.026084334 0.03755951 -0.15046453
0.43785664 -0.55371433 -0.70829535 0.57022464 0.78013134 -0.25736916 0.6950723 -0.2911967 0.6573272 -0.4364403 0.7786864 1.0189675
0.99954647 -0.030071616 -0.0015507936 0.030107975 0.99889433 0.03610371 0.00046345592 -0.03613414 0.9993468 0.19398892 -0.04098797 0.24737287
0.52848756 0.06101178 0.8467458 0.7897872 0.33046442 -0.516749 -0.3113471 0.9418444 0.12646 3.0703182 2.429617 -10.022649
0.98581827 -0.046404846 0.16127259 0.030685496 0.9946508 0.09863001 -0.16498679 -0.09228262 0.9819691 0.35814762 -0.096879005 1.1570503
0.99332476 -0.103315786 0.05130063 0.105566874 0.9934691 -0.04329756 -0.046492383 0.048424363 0.9977442 1.3570155 0.10166168 -0.64483845
0.44250086 0.84886175 -0.28918302 -0.33853588 0.45673484 0.82267034 0.8304134 -0.26613355 0.48947567 -3.3431492 2.320229 0.8836153
1 0 0 0 1 0 0 0 1 0.015006661 0.0073099136 -0.0042865276
0.46820775 0.29721704 0.83213186 -0.6231938 0.7786983 0.07251462 -0.62642723 -0.5525315 0.5498164 -4.3461475 0.14064169 3.183526
0.9997394 0.00672099 -0.02181694 -0.0066247284 0.99996793 0.0044723637 0.021846294 -0.00432653 0.9997518 -0.026143193 -0.017430305 0.06719178
0.99996156 -0.0083725825 -0.002695486 0.008322068 0.99979913 -0.018226206 0.0028474927 0.01820302 0.99983037 0.066750586 0.038149834 -0.116744995
0.97202384 0.21760097 0.08842698 -0.22545984 0.9699459 0.09150402 -0.06585799 -0.10888085 0.9918708 -1.3348916 0.69251204 0.8841307
0.9930005 -0.04652682 0.108560264 0.05392909 0.9963429 -0.06627685 -0.10507956 0.07166743 0.9918779 0.09751486 0.011650562 -0.18069114
1 0 0 0 1 0 0 0 1 0.0009178519 -0.002594471 -0.006342709
0.053902104 0.62799156 0.7763511 -0.9855585 -0.091530114 0.1424662 0.16052708 -0.7728187 0.61398876 -4.691084 10.163738 6.541958
0.9999093 0.003407672 -0.013021693 -0.0036622137 0.99980175 -0.019570976 0.012952387 0.019617021 0.99972373 -0.06677259 -0.07196951 -0.14188719
1 0 0 0 1 0 0 0 1 -0.0054473877 -0.014552116 -0.011543512
0.99984455 -0.0069852695 0.016189247 0.007084757 0.9999564 -0.006095564 -0.016145885 0.006209191 0.9998503 0.084988534 -0.008144379 -0.086594194
1 0 0 0 1 0 0 0 1 -0.02256155 -0.00851512 0.021151066
0.999808 0.014104277 -0.013611019 -0.013973743 0.9998559 0.0096407235 0.01374495 -0.0094487965 0.9998611 -0.14342052 0.028831005 0.065727234
0.9987761 0.04111278 0.027498215 -0.040654644 0.9990282 -0.01702027 -0.028171182 0.015881523 0.9994769 -0.2446112 0.0070853233 -0.09487629
0.99613214 0.06983263 -0.053329714 -0.0710158 0.99726194 -0.020622104 0.05174358 0.024329573 0.99836403 0.04502821 0.119522125 -0.073937654
0.7382306 -0.39286464 0.5483364 0.49630624 0.86686885 -0.04709938 -0.4568321 0.30691293 0.83493036 4.2938595 0.42266846 -2.1895862
1 0 0 0 1 0 0 0 1 0.01764965 -0.03609085 -0.009366035
0.9857072 0.15932792 0.054735288 -0.16170478 0.9859396 0.042125054 -0.047253914 -0.05037389 0.99761194 -0.5964323 0.24865365 0.2475321
-0.20713012 0.6406467 0.7393704 -0.048050012 0.74818647 -0.6617465 -0.9771325 -0.17259458 -0.12418882 -4.9075756 1.4513822 0.17911938
0.9987869 -0.0389729 0.030089498 0.037085474 0.99745315 0.0609238 -0.032387167 -0.059733927 0.9976888 0.038114905 -0.07090211 0.13258258
0.46694446 0.7926282 -0.39205003 -0.7438926 0.11238735 -0.6587812 -0.47810698 0.59925747 0.64210904 1.1577606 0.989267 1.0042797
0.9989681 0.034546584 -0.029476374 -0.03491652 0.9993164 -0.012130007 0.029037058 0.013146624 0.9994918 -0.15318519 0.005911827 -0.05830109
0.6478792 -0.7429775 -0.1680383 -0.48233733 -0.5708715 0.664422 -0.58957887 -0.34941402 -0.72822154 5.022652 9.56282 4.0333395
1 0 0 0 1 0 0 0 1 0.0041493177 -0.0029659271 0.0006211698
0.9990938 0.042406514 -0.0036639273 -0.041898184 0.99497485 0.090938024 0.007501781 -0.0907021 0.99584985 0.010828257 -0.16387585 0.0042500496
0.99954545 -0.022320833 0.0202761 0.021197554 0.9983148 0.054025047 -0.021447748 -0.053570665 0.99833393 0.04481834 -0.039551735 0.14592972
0.99899215 0.041235328 -0.01772073 -0.041448325 0.99907076 -0.011821836 0.017216831 0.012544304 0.99977314 -0.20166078 0.013772011 -0.061882734
0.999133 0.016133785 0.0383783 -0.018865228 0.99723256 0.071912244 -0.037111968 -0.072574034 0.9966723 -0.09895682 -0.0028300285 0.46255746
0.99224305 0.10654572 0.06404452 -0.10245049 0.99266714 -0.06415351 -0.070410214 0.057094544 0.9958828 -0.15282047 -0.112387896 -0.15540326
0.9977474 -0.06261739 0.024062732 0.060730524 0.9955217 0.0724459 -0.028491324 -0.070821434 0.997082 -0.106851935 -0.18329072 -0.025161326
0.99821955 0.0016866624 0.059620827 0.0049239397 0.9938575 -0.11055839 -0.05944112 0.11065504 0.9920797 -0.07812375 0.17864132 -0.7429689
