1 0 0 0 1 0 0 0 1 0.016289592 -0.010238647 -0.010143042
0.99901295 -0.03865752 -0.021885378 0.036322773 0.9944694 -0.098546624 0.025573695 0.09765444 0.99489176 0.055512726 0.061807156 -0.117126405
1 0 0 0 1 0 0 0 1 0.009201884 -0.014141083 -0.00821054
1 0 0 0 1 0 0 0 1 -0.0042660236 -0.0055274963 -0.0074100494
0.1449369 0.95668805 0.25247023 -0.98771095 0.12481252 0.09406748 0.058481842 -0.26300147 0.96302134 -2.904457 4.375709 0.9852203
1 0 0 0 1 0 0 0 1 0.0124025345 -0.020805359 0.0031569004
0.99956024 -0.022671342 -0.019120812 0.022491798 0.9997014 -0.009549141 0.019331545 0.009114891 0.9997717 0.080017865 -0.025018692 -0.07598448
1 0 0 0 1 0 0 0 1 -0.00435853 0.025974274 0.0013512373
1 0 0 0 1 0 0 0 1 -0.0018935204 0.0045490265 0.0060670376
1 0 0 0 1 0 0 0 1 0.005949259 -0.053177834 0.026053667
0.99679667 -0.004584253 0.079847336 0.0035204738 0.9999032 0.013459563 -0.07990134 -0.013135582 0.9967162 -0.06719345 -0.018924236 0.123337984
1 0 0 0 1 0 0 0 1 -0.024791718 0.031690598 0.024472475
1 0 0 0 1 0 0 0 1 0.014918566 0.010484695 0.0071339607
1 0 0 0 1 0 0 0 1 -0.045104504 0.022639275 0.0022392273
1 0 0 0 1 0 0 0 1 0.0143857 -0.0014619827 -0.00037312508
0.9975345 0.06891514 0.013259495 -0.06966525 0.9952178 0.0684714 -0.008477401 -0.069226295 0.99756515 -0.15210116 0.088154554 0.17119992
0.99524796 -0.024526611 -0.094233334 0.02696617 0.99933094 0.024702758 0.09356442 -0.027126417 0.99524355 -0.19804856 0.10703373 0.22548676
0.713191 -0.64337623 -0.2782547 -0.003250764 -0.39998814 0.91651446 -0.7009622 -0.65274537 -0.28735948 6.4410768 14.1858635 6.4188805
1 0 0 0 1 0 0 0 1 -0.003066063 0.011126548 -0.027404964
0.99416226 0.075869665 0.07671519 -0.07938014 0.995882 0.043792367 -0.07307677 -0.049626373 0.99609077 -0.33016592 0.054837704 0.21739393
1 0 0 0 1 0 0 0 1 -0.0017571449 0.00813055 -0.013956547
1 0 0 0 1 0 0 0 1 0.017292261 0.0058288574 -0.0016963482
1 0 0 0 1 0 0 0 1 -0.0002503395 0.022006989 0.0017521381
1 0 0 0 1 0 0 0 1 0.004902363 0.0032215118 -0.0071029663
1 0 0 0 1 0 0 0 1 0.0010128021 -0.009550095 0.0012998506
1 0 0 0 1 0 0 0 1 0.01661098 -0.01318121 0.0013883412
0.99977195 -0.012544513 -0.01728186 0.013123006 0.9993433 0.03377396 0.016846865 -0.033993006 0.9992801 0.014852405 0.12945127 0.24509144
0.9998382 0.007971823 -0.01611033 -0.007220745 0.9989085 0.04614964 0.0164605 -0.046025813 0.99880445 -0.12564433 0.10676432 0.32221317
1 0 0 0 1 0 0 0 1 0.01706922 0.0061187744 0.0048737526
0.99489117 0.07175511 -0.071011335 -0.07099018 0.9973891 0.013241261 0.07177605 -0.008132577 0.99738765 -0.59532136 -0.09867668 0.21177936
1 0 0 0 1 0 0 0 1 -0.00536108 0.008255959 -0.0029239655
1 0 0 0 1 0 0 0 1 -0.011162758 -0.0132808685 -0.01620762
1 0 0 0 1 0 0 0 1 0.0061330795 -0.010738373 0.011618137
1 0 0 0 1 0 0 0 1 0.00931406 0.0060920715 -0.00539352
1 0 0 0 1 0 0 0 1 -0.0020604134 0.0012407899 0.014778197
1 0 0 0 1 0 0 0 1 -0.0012235045 -0.0051412582 -0.017550468
1 0 0 0 1 0 0 0 1 -0.010931015 0.0054957867 -0.00092983246
0.9999794 -0.0022394657 0.0060308874 0.0021576881 0.9999063 0.013519883 -0.006060511 -0.013506606 0.9998904 -0.005482435 -0.0038576126 0.056637526
1 0 0 0 1 0 0 0 1 -0.0032520294 -0.00696373 0.04128623
0.9987078 -0.04500103 -0.023614332 0.045619607 0.9986112 0.026352238 0.022395834 -0.027395457 0.99937385 0.19835246 0.02022314 0.1419454
0.9990969 0.03814715 0.01871562 -0.038339645 0.9992143 0.010035872 -0.018317938 -0.010744318 0.9997746 -0.12035537 0.04436779 0.0524562
1 0 0 0 1 0 0 0 1 -0.077697635 0.0009460449 0.0033135414
0.9994104 -0.032605752 -0.010772496 0.032324135 0.999156 -0.025362045 0.01159057 0.024998948 0.99962026 0.27086997 0.07530403 -0.19803512
1 0 0 0 1 0 0 0 1 0.0018928051 -0.0065670013 0.0009012222
1 0 0 0 1 0 0 0 1 0.0111916065 0.02038002 0.0038532466
1 0 0 0 1 0 0 0 1 -0.015025735 -0.010647297 0.0054958463
0.9782365 0.19729955 0.06423432 -0.15575325 0.9027731 -0.40092614 -0.13709152 0.3821959 0.9138557 -2.2397118 1.2345161 -4.2785077
0.997555 -0.04825148 -0.050553344 0.04782498 0.99880934 -0.009610042 0.05095695 0.0071688257 0.99867505 0.4345774 0.079259396 -0.018953204
0.18400875 -0.007965326 -0.98289233 0.6688074 0.7338075 0.11926162 0.72030383 -0.6793109 0.14035426 2.1011677 0.079042435 2.636979
1 0 0 0 1 0 0 0 1 0.016843975 -0.007414341 0.024652243
1 0 0 0 1 0 0 0 1 -0.01935327 -0.022798061 0.017019749
0.9997649 0.020441413 0.007248178 -0.02040714 0.9997804 -0.004766345 -0.007344082 0.0046171844 0.9999624 -0.27042118 -0.01243782 -0.06282902
0.9996635 0.0017607957 -0.025881529 -0.0028434545 0.9991199 -0.04185289 0.025785059 0.041912496 0.9987886 0.015222907 0.042254448 -0.38384986
0.97079015 -0.2302958 -0.06730935 0.22544736 0.97155154 -0.072533414 0.08209866 0.055240095 0.99509215 2.281669 0.85847473 -0.38140976
0.98768735 -0.14493938 -0.058876008 0.14281832 0.9889884 -0.038785607 0.06384918 0.029899836 0.9975115 1.4787512 0.24615955 -0.23276028
1 0 0 0 1 0 0 0 1 -0.012196422 0.0014038086 0.014937162
0.99263656 0.11185849 -0.046481878 -0.11092481 0.9935804 0.022212386 0.048668146 -0.016892955 0.99867225 -0.3946764 0.05283165 0.04172373
1 0 0 0 1 0 0 0 1 -0.016797066 -0.056318283 -0.01583898
1 0 0 0 1 0 0 0 1 0.0017780066 -0.010852814 0.0015308857
1 0 0 0 1 0 0 0 1 0.016251683 0.00415802 0.0073564053
1 0 0 0 1 0 0 0 1 -0.015016079 -0.04533124 0.020024061
0.9899274 0.035489313 -0.13705513 -0.04787516 0.9949553 -0.08815952 0.13323501 0.09383305 0.9866325 -0.07767993 0.08349419 -0.4639684
0.8809586 0.4350496 0.18612878 -0.46080208 0.87816197 0.12842509 -0.107579805 -0.19890589 0.97409606 -2.069166 0.3536682 0.8727761
1 0 0 0 1 0 0 0 1 -0.006345868 0.017816544 -0.00040185452
0.99996066 -0.008862452 0.00051351637 0.008837426 0.9992756 0.03701888 -0.00084121525 -0.037012864 0.99931455 0.12005612 -0.019031525 0.4867649
1 0 0 0 1 0 0 0 1 0.00042200089 -0.0067596436 -0.00052681565
1 0 0 0 1 0 0 0 1 0.0090518 0.0055265427 0.005671501
1 0 0 0 1 0 0 0 1 -0.006510496 -0.017152786 -0.009046078
1 0 0 0 1 0 0 0 1 0.025079489 -0.0011806488 -0.014224172
0.9947533 0.09900787 -0.025755972 -0.100713104 0.9919633 -0.07658596 0.01796639 0.07877797 0.99673027 -0.052081108 0.26286435 -0.0811826
0.9889692 0.086693704 0.12010139 -0.11244985 0.96719104 0.22780883 -0.09641135 -0.2388014 0.96627057 -0.85766256 -0.12136936 1.8546808
1 0 0 0 1 0 0 0 1 0.009558156 -0.022976875 0.003058672
1 0 0 0 1 0 0 0 1 0.031235337 -0.009048462 0.0005850792
1 0 0 0 1 0 0 0 1 -0.011140585 -0.047281146 0.012389421
0.9957725 0.047292024 0.0787451 -0.04928132 0.9985082 0.02351318 -0.07751551 -0.027294353 0.99661756 -0.15966165 0.060803175 0.18680918
0.99823684 0.05820127 -0.011671811 -0.058980346 0.99469304 -0.084305584 0.0067031085 0.084845334 0.99637175 -0.116749406 0.1792531 -0.18409884
1 0 0 0 1 0 0 0 1 -0.0018219948 0.0042858124 0.0030599982
1 0 0 0 1 0 0 0 1 -0.006200075 0.0018167496 0.11471915
0.98916626 -0.037270285 -0.14198914 0.03631292 0.9992968 -0.0093275495 0.14223686 0.004070374 0.9898242 0.29406 0.060636044 0.18770838
1 0 0 0 1 0 0 0 1 -0.008149147 -0.022246957 0.011010885
0.95656705 -0.052213915 0.28679782 -0.0009182729 0.9832835 0.18207821 -0.2915106 -0.17443345 0.94052875 -0.10965967 -0.097942114 0.6811066
0.9930264 -0.06028164 -0.101314604 0.0692571 0.9937504 0.08754195 0.09540408 -0.0939483 0.99099517 0.017222166 0.08905089 0.21257539
0.99841183 -0.041085258 0.0385404 0.043223806 0.997472 -0.05640167 -0.0361257 0.05797796 0.99766403 0.24172479 0.010159969 -0.3390536
1 0 0 0 1 0 0 0 1 -0.036462307 0.002541542 0.0012602806
1 0 0 0 1 0 0 0 1 0.019454002 -0.0014743805 -0.0026442409
1 0 0 0 1 0 0 0 1 0.0013818741 0.038486958 -0.003387928
1 0 0 0 1 0 0 0 1 -0.005655408 0.011796713 -0.0020626783
0.9992429 0.038904488 7.483363E-05 -0.038894862 0.9990327 -0.020523012 -0.00087329745 0.020504534 0.9997896 -0.32867384 0.095991135 -0.17505556
1 0 0 0 1 0 0 0 1 0.00081539154 -0.009218693 0.012272313
1 0 0 0 1 0 0 0 1 0.002354145 0.027451038 0.012712538
0.99552804 0.07911995 0.05161041 -0.08453855 0.9899907 0.11301096 -0.04215251 -0.116868675 0.99225235 -0.57376736 0.29543495 0.8928566
1 0 0 0 1 0 0 0 1 0.024499536 -0.026456833 0.0001847744
1 0 0 0 1 0 0 0 1 0.019904017 0.0055885315 0.00078344345
1 0 0 0 1 0 0 0 1 0.13651896 0.094519615 0.12958246
1 0 0 0 1 0 0 0 1 -0.021044135 -0.036280155 0.023209423
1 0 0 0 1 0 0 0 1 0.004693985 -0.008367658 0.013610363
1 0 0 0 1 0 0 0 1 0.014697909 -0.0011482239 0.0052618384
1 0 0 0 1 0 0 0 1 0.013906479 -0.026399612 -0.0031174421
0.9865804 -0.16327526 2.6558817E-05 0.16307603 0.9853682 -0.04955666 0.008065206 0.048895925 0.99877125 0.554926 -0.11094189 -0.17668031
1 0 0 0 1 0 0 0 1 -0.036483765 -0.004491329 0.008988023
0.9262557 0.35145772 -0.13611796 -0.3758412 0.8883244 -0.26386255 0.028180137 0.29556286 0.9549078 -3.447136 -0.43545437 -2.563836
1 0 0 0 1 0 0 0 1 -0.011370659 -0.008482456 0.0062783957
1 0 0 0 1 0 0 0 1 0.023040362 -0.009311676 0.006130457
1 0 0 0 1 0 0 0 1 0.0385108 0.019316673 -0.0056918263
1 0 0 0 1 0 0 0 1 0.013721347 -0.014204025 -0.002668023
1 0 0 0 1 0 0 0 1 0.016499043 -0.009855151 0.0031268597
1 0 0 0 1 0 0 0 1 0.0055098534 -0.03935814 0.019403636
0.96979505 0.23751621 0.0555296 -0.23919262 0.8814168 0.4072977 0.04779493 -0.4082776 0.91160583 -2.2134037 0.87104416 3.8042452
1 0 0 0 1 0 0 0 1 0.00182724 -0.0153160095 0.0014678389
1 0 0 0 1 0 0 0 1 -0.05907917 0.007853508 -0.0030338764
1 0 0 0 1 0 0 0 1 0.0035526752 -0.026344232 -0.0031282902
1 0 0 0 1 0 0 0 1 0.0001963377 -0.00921154 0.005448222
-0.81776345 0.5617124 -0.12546784 0.5657985 0.82453537 0.0036854702 0.10552284 -0.06797567 -0.9920909 -6.642162 2.074129 0.28443414
1 0 0 0 1 0 0 0 1 -0.015551448 0.015259743 -0.00023066998
0.9974395 0.0708611 -0.0096282475 -0.07126048 0.99616355 -0.05079645 0.0059918948 0.051352397 0.9986624 -0.4265219 0.1513524 -0.34787774
0.32997152 0.79399323 0.5105815 -0.77897716 -0.07648711 0.6223699 0.53321046 -0.6030956 0.59326386 -4.2444777 7.058617 3.2041113
1 0 0 0 1 0 0 0 1 0.0038518906 -0.005657196 0.0026281774
0.65121585 -0.7263626 0.2198072 -0.41927674 -0.5857883 -0.69358444 0.63255423 0.35951328 -0.68602157 5.927935 15.060911 -0.099473596
0.9849143 0.14725128 -0.09088995 -0.14794122 0.98899585 -0.0008638846 0.0897626 0.014297281 0.9958607 -1.4315223 -0.2593565 0.07216519
0.9973185 -0.0347097 0.06442833 0.02953596 0.9963904 0.079586595 -0.06695822 -0.07747023 0.9947437 0.060100317 -0.014539003 0.15906698
0.9977516 -0.017460454 0.06470614 0.018164098 0.999782 -0.010301731 -0.06451216 0.011453895 0.99785113 0.1420035 -0.023652554 -0.08594096
0.9964238 -0.0588518 0.060634248 0.044545412 0.9756179 0.21490742 -0.07180354 -0.21143782 0.9747504 0.34447068 -0.16177607 1.6166518
0.99976695 0.004527271 0.021100163 -0.004498929 0.9999888 -0.00138551 -0.021106035 0.0012903363 0.9997762 -0.021680117 -0.028168678 -0.085350275
0.9979436 -0.017864436 -0.061555296 0.016174361 0.9994812 -0.027846187 0.06202072 0.026793182 0.997715 -0.11912441 -0.109350204 -0.22452784
0.99471575 0.0975613 0.03197509 -0.0940344 0.9907668 -0.09766647 -0.041208267 0.094143674 0.99470544 -0.7677975 -0.18392467 -0.7639189
0.99505955 0.091043204 0.039591715 -0.09193686 0.9955357 0.02136527 -0.037469797 -0.024899587 0.9989875 -0.919946 -0.082445145 0.18197632
1 0 0 0 1 0 0 0 1 -0.01595664 0.02766037 -0.013909996
0.9947542 -0.013846725 0.10135284 0.01881282 0.99866015 -0.048207097 -0.10054954 0.049860932 0.9936819 -0.11373842 0.08903575 -0.2529137
1 0 0 0 1 0 0 0 1 0.022910118 0.0053215027 -0.01756075
1 0 0 0 1 0 0 0 1 0.009226322 -0.016288757 0.019567765
1 0 0 0 1 0 0 0 1 0.016479023 -0.00484848 0.006354034
1 0 0 0 1 0 0 0 1 0.008937031 -0.01867485 0.0020406246
1 0 0 0 1 0 0 0 1 -0.04925847 -0.06062579 0.0004581511
1 0 0 0 1 0 0 0 1 -0.007976532 -0.018042088 -0.00215137
1 0 0 0 1 0 0 0 1 -0.012465954 -0.0035588741 0.02630961
0.99353766 0.11340895 0.0045624226 -0.11342305 0.9905631 0.076939896 0.004206285 -0.07696013 0.99702513 -0.66118205 -0.094977856 0.4476751
0.9988429 0.03356009 0.03444998 -0.04022018 0.9756266 0.2157205 -0.026370805 -0.21685669 0.9758475 -0.03719437 -0.07658589 0.14809626
0.9962272 0.0014401339 0.08677381 -0.0033514993 0.99975497 0.021886587 -0.08672107 -0.022094697 0.9959876 -0.11917335 -0.043622494 0.20647395
0.044382453 0.9808492 -0.18964447 -0.9557726 0.09693511 0.27767304 0.29073846 0.16893312 0.941771 -6.570608 8.615884 -1.7659676
1 0 0 0 1 0 0 0 1 0.07209923 -0.020680428 0.02809167
0.9979365 -0.06421102 5.4508448E-05 0.06397334 0.9943142 0.08512568 -0.005520165 -0.08494646 0.99637026 -3.8981438E-05 -0.12083429 0.020088464
1 0 0 0 1 0 0 0 1 0.0052998066 0.028422356 -0.0015214682
1 0 0 0 1 0 0 0 1 -0.008267045 0.005191803 0.03100115
0.6418925 -0.25698054 -0.72245073 0.7641168 0.13569936 0.6306434 -0.064027 -0.95684206 0.2834674 0.0891 4.4092937 3.0086908
1 0 0 0 1 0 0 0 1 0.00760442 -0.0048599243 0.030310825
1 0 0 0 1 0 0 0 1 -0.0070967674 0.0012512207 -0.0017312765
1 0 0 0 1 0 0 0 1 0.01747632 -0.002752304 0.017627656
0.9378174 0.20385423 -0.28096613 0.25773096 0.13329965 0.9569776 0.23253663 -0.96988404 0.07247115 -1.4464412 6.580063 10.586878
0.9996522 0.015903495 0.021041572 -0.0149156 0.9988163 -0.046301395 -0.021752983 0.045971274 0.998706 -0.09203482 0.059105873 -0.20720881
0.8654785 0.4445727 -0.23087089 -0.3823462 0.88400996 0.26895627 0.32366282 -0.14450327 0.9350727 0.16532981 0.5285064 -0.4316216
1 0 0 0 1 0 0 0 1 -0.011511326 -0.36072087 -0.033328414
0.2763561 0.955735 -0.10098335 0.87921345 -0.29385337 -0.37501097 -0.38808542 0.014850646 -0.92150366 -7.400036 10.951742 3.2262928
0.99807036 -0.03631756 -0.05036537 0.038208533 0.9985808 0.037104532 0.048946302 -0.038957372 0.99804145 0.40826666 -0.005159378 0.40430784
0.7530024 0.34522694 0.56018364 -0.11273501 0.9064166 -0.4070623 -0.6482884 0.24336645 0.721453 -1.9859154 0.3762002 -1.7767011
0.99946046 -0.0031621754 0.03269711 0.0023622215 0.99969757 0.024481729 -0.032764614 -0.024391264 0.9991655 0.019524455 -0.017141342 0.13633424
1 0 0 0 1 0 0 0 1 -0.004107356 0.018575191 -0.0046741813
1 0 0 0 1 0 0 0 1 0.01672244 -0.01996994 -0.00732708
1 0 0 0 1 0 0 0 1 -0.016251922 -0.01758194 -0.030876875
1 0 0 0 1 0 0 0 1 0.013504326 0.012554169 0.00030899048
1 0 0 0 1 0 0 0 1 -0.00822407 -0.00018501282 0.005897045
1 0 0 0 1 0 0 0 1 0.02014701 -0.0052423477 0.0064901114
1 0 0 0 1 0 0 0 1 0.021795452 -0.013477325 -0.0124349
0.990567 0.0012910534 0.13702314 -0.014407579 0.99539435 0.09477745 -0.1362697 -0.09585763 0.98602325 0.040122032 -0.034904957 0.1297999
0.9991174 -0.041537583 -0.0062554553 0.04142216 0.9989877 -0.017556123 0.006978318 0.017281547 0.9998263 0.2493034 -0.047123432 -0.13893104
1 0 0 0 1 0 0 0 1 0.004124403 0.011991501 -0.0120642185
1 0 0 0 1 0 0 0 1 0.0046606064 0.0011997223 -0.01085937
1 0 0 0 1 0 0 0 1 0.0038294792 0.020904541 -0.035219133
0.9999006 -0.0036106706 0.013631433 0.0033087432 0.9997501 0.02211319 -0.013707846 -0.022065848 0.9996625 0.04205239 0.0054426193 0.2885068
0.2231899 0.70710236 -0.6709637 0.4668908 0.526687 0.7103616 0.8556863 -0.47181234 -0.21258849 -3.1422796 2.0833542 2.0117307
1 0 0 0 1 0 0 0 1 -0.010421276 0.009957314 0.00095939636
1 0 0 0 1 0 0 0 1 0.020623446 0.00022602081 0.002433137
0.9941971 -0.026782554 0.10418646 0.031552717 0.9985151 -0.044409677 -0.10284236 0.047439504 0.99356586 0.14298719 0.016706944 -0.17740831
1 0 0 0 1 0 0 0 1 -0.00041937828 -0.01201725 0.0019549131
0.9998727 0.011669859 0.010883018 -0.011303276 0.9993857 -0.033171684 -0.011263475 0.033044487 0.99939036 -0.07951957 -0.015387535 -0.2433793
0.999733 -0.011967666 0.01977785 0.011834129 0.9999066 0.006854728 -0.019858077 -0.0066188127 0.9997809 0.029583663 -0.015939236 0.03818333
1 0 0 0 1 0 0 0 1 -0.00750196 0.0056037903 0.012741834
-0.7795847 -0.5960427 -0.19230384 0.6193292 -0.6879987 -0.37827098 0.093161 -0.41399372 0.9055 0.86611104 17.070896 4.041628
1 0 0 0 1 0 0 0 1 0.024681687 -0.003648758 -0.0013652444
1 0 0 0 1 0 0 0 1 -0.020616055 -0.034387946 0.02992642
1 0 0 0 1 0 0 0 1 0.007459283 0.002368927 0.0147848725
1 0 0 0 1 0 0 0 1 -0.007306814 -0.013262659 0.0034812689
0.9998033 0.012789607 -0.015149981 -0.012792088 0.9999182 -7.420778E-05 0.015148073 0.00026792288 0.99988514 -0.05998552 -0.05717802 0.028364122
1 0 0 0 1 0 0 0 1 0.007496357 0.0065965652 -0.0031298995
0.9986554 -0.03641358 -0.03690067 0.03689221 0.9992427 0.012377415 0.036422044 -0.013722217 0.9992423 0.2040453 0.05515194 0.11492342
1 0 0 0 1 0 0 0 1 -0.015233517 0.031355858 -0.011278391
1 0 0 0 1 0 0 0 1 -0.005042553 -0.0127186775 -0.0030894876
-0.9909905 0.01846136 0.13265276 -0.033406027 0.9250779 -0.37830532 -0.12969817 -0.3793284 -0.91612685 -1.5092871 1.3829784 7.1837535
1 0 0 0 1 0 0 0 1 0.03528309 0.021460533 0.043005824
0.994506 0.10466724 0.0015996881 -0.10466916 0.9945063 0.0011983216 -0.0014654403 -0.0013591051 0.999998 -0.5316991 -0.061903954 0.016687632
0.99881685 -0.048370987 0.0049599707 0.047859505 0.9959947 0.07552436 -0.008593246 -0.07519764 0.9971316 0.5922408 0.104836464 0.91393644
0.99887943 -0.021487815 0.0421592 0.024901576 0.9963047 -0.08219725 -0.040237278 0.08315505 0.99572384 0.021821111 0.06666589 -0.15810871
1 0 0 0 1 0 0 0 1 -0.031217456 0.025297165 0.0132882595
0.9979562 0.009949602 -0.06312141 -0.0027039833 0.9934943 0.11385091 0.0638434 -0.11344743 0.99149054 -0.31555355 0.3860407 0.84946203
0.9965777 0.0800935 0.020433925 -0.08026481 0.99674344 0.007709615 -0.019749902 -0.009323366 0.99976146 -0.7434696 0.069236755 0.09585941
0.3205159 -0.8024752 -0.50329244 0.9462681 0.29535303 0.13169372 0.042968027 -0.51845944 0.854022 4.547126 4.7891173 3.2130716
0.23546766 -0.08782071 0.9679062 -0.5960927 0.77353865 0.21520002 -0.76761186 -0.6276347 0.12979409 -1.7811818 0.35833502 4.2303443
0.99912906 -0.024431441 -0.033827364 0.022962254 0.9988044 -0.043159768 0.03484115 0.04234556 0.9984956 0.2483685 0.017244339 -0.39858902
-0.8551043 -0.2990889 -0.42348817 0.45636007 -0.8218369 -0.341056 -0.24603239 -0.48490152 0.83924896 -1.075619 10.244272 2.217506
1 0 0 0 1 0 0 0 1 0.013544202 -0.002038002 -0.012709379
1 0 0 0 1 0 0 0 1 0.014194965 -0.009379089 0.033958316
0.9975157 -0.017116517 0.06833196 0.026801646 0.9892959 -0.14344092 -0.06514537 0.14491616 0.98729694 0.26251826 -0.29448414 -1.0422035
-0.8886194 0.40110135 0.22242618 -0.45851725 -0.7883823 -0.41014117 0.010848757 -0.4664455 0.8844835 -4.28363 10.661625 2.8909316
1 0 0 0 1 0 0 0 1 0.016551256 0.008979797 -0.0053286552
0.99157745 -0.12293219 0.040767055 -0.03320941 0.0629133 0.99746627 -0.1251855 -0.9904189 0.058300734 0.28889838 2.1657732 2.767511
1 0 0 0 1 0 0 0 1 -0.0068204403 0.009190559 0.0018581152
0.99997264 -0.007169038 -0.0016809851 0.0070533156 0.9981214 -0.060862184 0.0021141917 0.060848594 0.9981446 0.011329055 -0.012632847 -0.2059394
1 0 0 0 1 0 0 0 1 0.00429368 -0.00742054 -0.004516363
1 0 0 0 1 0 0 0 1 -0.004240513 0.021773338 0.010511398
0.52594894 0.65018153 -0.5483082 -0.7672555 0.6408921 0.023999035 0.3670103 0.40807027 0.83593184 -2.622641 1.7556615 -1.8653342
1 0 0 0 1 0 0 0 1 -0.014477968 0.013414383 -0.0039046407
0.9982526 -0.05603981 -0.018741265 0.05617228 0.9983992 0.006620804 0.018340163 -0.0076619256 0.9998025 0.51698744 0.08510208 0.075363055
1 0 0 0 1 0 0 0 1 0.01563859 -0.00790596 0.0072824955
-0.8304887 0.40095356 -0.38668454 0.55695844 0.58614117 -0.58841836 -0.009276658 -0.70404184 -0.7100979 -0.6019548 2.195299 4.858832
1 0 0 0 1 0 0 0 1 -0.006309986 -0.003071785 -0.008661866
0.58672684 0.6940238 0.41723198 0.77428067 -0.631697 -0.03805691 0.23715177 0.34538367 -0.9080028 -3.850264 12.988688 -10.605303
1 0 0 0 1 0 0 0 1 0.0209109 0.0012378693 0.019716501
1 0 0 0 1 0 0 0 1 0.018519282 -0.005645752 0.012372408
0.9804137 0.06365716 0.18637718 -0.026722107 0.98056906 -0.1943451 -0.19512717 0.18555829 0.96306455 -0.6399871 0.40743542 -1.146182
1 0 0 0 1 0 0 0 1 0.0058920383 -0.0045337677 0.022529244
1 0 0 0 1 0 0 0 1 -0.00068736076 -0.00091838837 0.0047872066
1 0 0 0 1 0 0 0 1 -0.010060787 -0.010469437 -0.0027427673
1 0 0 0 1 0 0 0 1 0.007167816 -0.00013542175 0.0005803704
1 0 0 0 1 0 0 0 1 0.035699844 0.057585716 -0.058592677
0.88895774 0.38995022 -0.24019364 0.20858744 0.12218082 0.97034156 0.40773198 -0.91269404 0.02727484 -2.3260274 5.360196 4.9947424
1 0 0 0 1 0 0 0 1 0.0082912445 -0.022907294 0.022403449
0.99994284 -0.010321245 0.0027595237 0.010535523 0.995489 -0.094289735 -0.0017738417 0.09431334 0.99554086 0.06012678 -0.23080206 -0.71892595
1 0 0 0 1 0 0 0 1 0.0046434402 -0.0047750473 -0.0019723475
0.86752367 0.4414499 -0.22918272 -0.2527495 -0.0055990946 -0.9675157 -0.42839292 0.89726865 0.10671892 -5.390298 12.202905 -10.977763
1 0 0 0 1 0 0 0 1 0.0138652325 0.0003786087 -0.000364542
1 0 0 0 1 0 0 0 1 -0.010859162 0.008021355 0.011868238
0.9979254 -0.041758105 0.049000762 -0.05687354 -0.9284727 0.36702055 0.030169781 -0.3690459 -0.92892134 0.055119514 3.2458007 0.7300128
1 0 0 0 1 0 0 0 1 0.006876588 -0.01661396 -0.0018380284
0.9858112 -0.15139052 0.07250707 0.12674782 0.95454746 0.2697664 -0.11005151 -0.25674865 0.96019197 0.43099338 -0.1535027 0.9334501
1 0 0 0 1 0 0 0 1 -0.00932622 -0.059370995 0.01813662
0.9675906 -0.25131673 0.02466644 0.25156367 0.96781236 -0.007426895 -0.022006089 0.013391443 0.9996683 0.42453253 -0.4394672 0.020397604
1 0 0 0 1 0 0 0 1 0.005759239 -0.020994186 -0.0010101795
0.99998343 -0.0003406629 -0.0057343543 0.00060845166 0.99890673 0.046746068 0.0057121515 -0.046748593 0.9988903 0.010545492 -0.058088303 0.3820048
1 0 0 0 1 0 0 0 1 0.018901587 -0.0023765564 0.007238865
1 0 0 0 1 0 0 0 1 0.045548916 -0.058672905 -0.044190526
1 0 0 0 1 0 0 0 1 0.023742273 -0.0008201599 0.0055524707
1 0 0 0 1 0 0 0 1 -0.050260544 -0.05811453 -0.001200974
1 0 0 0 1 0 0 0 1 -0.009423584 -0.0050401688 -0.023805022
1 0 0 0 1 0 0 0 1 0.023176908 0.0065431595 0.0007812977
1 0 0 0 1 0 0 0 1 -0.046316028 -0.017190933 -0.005241394
1 0 0 0 1 0 0 0 1 0.009311408 0.00488472 -0.011979103
0.9943652 -0.09256837 -0.051659152 0.073544204 0.95336556 -0.29272068 0.07634673 0.28727207 0.95480144 0.79760855 0.90504456 -2.061335
1 0 0 0 1 0 0 0 1 -0.016860425 -0.015152931 -0.009636402
0.9939569 -0.106206715 -0.02775047 0.102819294 0.98929995 -0.10350694 0.038446676 0.100028194 0.99424165 0.21311605 -0.10684776 -0.22808206
0.9951431 -0.04140997 -0.08930537 0.048596084 0.9956214 0.079853475 0.08560765 -0.08380553 0.9927982 0.43883324 0.052620888 0.87229705
0.9952975 0.085722566 -0.045105338 -0.093286894 0.9736637 -0.20802978 0.026084527 0.21125937 0.9770819 -0.83484757 -0.42226934 -1.6942607
0.99958485 0.023303121 0.016939655 -0.023727685 0.99939793 0.025314659 -0.01633954 -0.025706053 0.9995359 -0.22495848 0.035298347 0.17839813
0.98779213 -0.078902125 -0.13431674 0.08922714 0.99335706 0.0726641 0.12769118 -0.08376178 0.98827064 0.36820394 -0.1340096 0.16161835
1 0 0 0 1 0 0 0 1 0.016468525 -0.0038547516 0.003362596
0.9989736 0.030165508 0.033792965 -0.031094447 0.9991433 0.027309636 -0.032940216 -0.028332215 0.9990557 -0.16948262 -0.016464233 0.13394165
1 0 0 0 1 0 0 0 1 0.0011521578 -0.0014724731 0.00808005
0.99841493 0.055226788 -0.010846095 -0.05501454 0.998305 0.018981716 0.011876091 -0.01835498 0.999761 -0.046955824 0.083887815 0.0059987307
0.99420726 -0.10396226 0.027273554 0.099387676 0.9858578 0.13493095 -0.04091564 -0.13143861 0.9904797 -0.09569359 -0.34820533 -0.04507947
0.9990742 -0.04242193 -0.007156848 0.042585775 0.9987916 0.02453748 0.0061072684 -0.024819538 0.9996735 0.54943806 0.023677826 0.31912357
0.9972899 -0.0061471164 0.073311605 -0.012546793 0.9676931 0.25181895 -0.072491035 -0.2520566 0.96499354 0.2773042 1.123106 1.8596916
0.8407613 0.43498683 -0.32234603 -0.36989605 0.89627373 0.2446845 0.39534476 -0.086486906 0.9144522 -4.446487 0.6500559 1.258209
0.7302393 -0.5160897 -0.4476627 0.5471794 0.83415884 -0.069089726 0.40907842 -0.19449976 0.8915293 6.8103285 2.2894049 2.645272
1 0 0 0 1 0 0 0 1 -0.06825137 -0.014083862 -0.03376031
1 0 0 0 1 0 0 0 1 0.020677626 0.007235527 0.0056505203
1 0 0 0 1 0 0 0 1 0.010101795 -0.00071907043 0.011998653
0.9990892 -0.040218763 0.014280774 0.040640436 0.99870574 -0.030584961 -0.013032153 0.031137496 0.9994302 0.07266396 -0.014202118 -0.05052495
0.5993734 -0.017779127 0.80027205 0.45074248 0.8336827 -0.3190676 -0.6615004 0.5519573 0.50770104 -0.6351297 0.74849236 -1.0416739
0.99982464 0.012686856 0.013769865 -0.011916626 0.99843454 -0.05464932 -0.014441818 0.054475673 0.99841064 -0.020643473 0.06547433 -0.011518598
0.94377613 -0.24003562 -0.22730929 0.32941598 0.6250665 0.7076559 -0.027779281 -0.74274814 0.6689944 2.0147479 1.5496044 5.7224
1 0 0 0 1 0 0 0 1 -0.0052480698 -0.026627064 0.008060902
1 0 0 0 1 0 0 0 1 0.010501862 -0.006641865 2.7030706E-05
0.68608207 0.72310126 -0.08009872 -0.72741663 0.6799191 -0.092600666 -0.012498945 0.12179678 0.9924762 -7.688293 2.1987238 -1.2382867
0.949688 0.2035146 0.2380639 -0.30898303 0.7330745 0.6059135 -0.05120626 -0.6489865 0.7590745 0.21956217 -0.5221741 -0.77050173
1 0 0 0 1 0 0 0 1 -0.0011527538 0.0040769577 0.0090909
1 0 0 0 1 0 0 0 1 0.0110195875 0.002691269 -0.0018689632
1 0 0 0 1 0 0 0 1 -0.018957675 -0.010932922 0.007910252
1 0 0 0 1 0 0 0 1 -0.024987698 -0.045739412 -0.007396817
-0.2431949 -0.96860856 0.051510006 0.64460886 -0.20107104 -0.73759705 0.7248001 -0.14617604 0.6732734 8.071957 7.5790186 0.20725939
1 0 0 0 1 0 0 0 1 -0.027806997 0.0076379776 0.004077673
0.99426204 -0.049030613 0.09507534 0.043312304 0.99717885 0.061304875 -0.09781304 -0.056835182 0.9935806 0.42415953 -0.10061169 0.69687396
0.9979967 -0.014737815 -0.06152436 0.016378641 0.9995211 0.026251048 0.061108142 -0.027206063 0.9977604 0.18580598 0.016957283 0.3587913
1 0 0 0 1 0 0 0 1 0.012959242 0.0055189133 -0.013101816
1 0 0 0 1 0 0 0 1 0.0077910423 0.004705429 -0.0055025816
-0.630555 -0.7720952 0.079181895 -0.61620533 0.4359761 -0.6559086 0.47190246 -0.4623786 -0.750676 2.0205336 3.4560351 6.165508
0.99582833 0.049961373 -0.07635316 -0.049297377 0.9987284 0.01055707 0.07678354 -0.0067489296 0.9970249 -0.2225684 -0.08643484 0.16146797
0.99711215 0.014621414 -0.074521184 -0.016513154 0.9995551 -0.024831913 0.0741249 0.025990691 0.99691004 -0.0170995 0.024354458 -0.10737383
1 0 0 0 1 0 0 0 1 -0.009358406 0.03568697 0.07908821
1 0 0 0 1 0 0 0 1 -0.0260614 -0.009938717 0.035863727
1 0 0 0 1 0 0 0 1 0.0024659336 -0.0050907135 -0.00037813187
1 0 0 0 1 0 0 0 1 -0.0031840801 -0.006214142 -0.0008878708
0.9995542 0.012439743 -0.0271407 -0.012826905 0.9998177 -0.014138222 0.026959911 0.014480084 0.99953175 -0.23076546 -0.05365181 -0.1141305
1 0 0 0 1 0 0 0 1 0.0021390915 -0.04290414 0.00048041344
0.9999809 0.0013424903 0.0060451925 -0.0015562326 0.9993688 0.035489216 -0.0059939176 -0.035497963 0.9993516 -0.014893293 0.0027561188 0.45292705
1 0 0 0 1 0 0 0 1 -0.017351627 -0.002938509 0.0135297775
0.9981901 0.04942076 -0.034258757 -0.050388813 0.99833715 -0.027996391 0.032818258 0.029671848 0.99902064 -0.49887833 -0.09740925 -0.21666408
0.9971223 0.0750494 -0.010717869 -0.0749367 0.9971326 0.0105661005 0.011479944 -0.009732455 0.99988693 -0.36426723 -0.06651449 0.07271814
0.99807006 0.060387246 -0.014477853 -0.05866792 0.99336606 0.09890339 0.020354323 -0.09786315 0.99499154 -0.012852788 -0.037557185 0.012694478
1 0 0 0 1 0 0 0 1 0.013306618 -0.02519226 -0.0004169345
1 0 0 0 1 0 0 0 1 0.080060005 0.0069966316 -0.14348972
0.9929855 0.11781004 0.010033235 -0.11811684 0.99222004 0.03934464 -0.005319923 -0.04025376 0.99917537 -0.4268316 0.16800451 0.15458533
1 0 0 0 1 0 0 0 1 0.004091382 -0.0014486313 0.015062615
0.99972004 -0.011525497 -0.020670295 0.011619672 0.99992263 0.0044421405 0.020617545 -0.0046809167 0.9997765 0.0043367147 -0.021372795 -0.009550154
1 0 0 0 1 0 0 0 1 0.026500463 -0.009152263 0.017822146
0.99929905 0.036807425 -0.006808281 -0.036565185 0.9987927 0.03279628 0.008007169 -0.032524616 0.99943876 -0.20400771 -0.06589651 0.17762178
1 0 0 0 1 0 0 0 1 0.01178956 0.002325058 0.0138350725
1 0 0 0 1 0 0 0 1 0.0069909096 -0.010273933 -0.0130493045
1 0 0 0 1 0 0 0 1 -0.015301466 -0.012669116 0.009449244
0.56155986 -0.3692748 -0.7404638 -0.3219763 -0.92188007 0.21556504 -0.7622215 0.117359266 -0.6365886 1.4629197 4.1600347 1.149492
1 0 0 0 1 0 0 0 1 -0.00029730797 -0.0038995743 0.008403003
1 0 0 0 1 0 0 0 1 0.022074819 0.026209831 0.009232163
0.9976412 0.06863365 -0.0012349188 -0.068561725 0.99539053 -0.06706108 -0.0033734143 0.06698756 0.997748 -0.034056425 -0.032067478 -0.021535635
0.9986438 -0.028356925 0.043661255 0.029710505 0.9990878 -0.030671656 -0.04275165 0.031927258 0.99857545 -0.06418955 -0.0661819 0.12047702
0.9768739 -0.124334686 0.17394803 0.16484256 0.95608205 -0.24235034 -0.1361761 0.2654198 0.95446754 0.7140365 0.51945496 -1.7555958
1 0 0 0 1 0 0 0 1 0.013875186 -0.0006971359 0.014805429
1 0 0 0 1 0 0 0 1 0.006258011 -0.0025587082 0.010814428
0.013155252 -0.5003129 0.86574477 -0.8882682 -0.40341154 -0.21963367 0.4591372 -0.766124 -0.44971883 3.4334593 12.919333 8.796029
1 0 0 0 1 0 0 0 1 0.023363113 -0.017130852 -0.014389038
1 0 0 0 1 0 0 0 1 0.023145169 -0.008049011 -0.00423193
1 0 0 0 1 0 0 0 1 -0.0013403893 -0.008243561 0.007516861
0.9833586 -0.11544995 0.14027464 0.12677799 0.98911643 -0.07467407 -0.1301268 0.091214985 0.98729265 0.47237456 0.3114872 -0.7052367
0.9985673 0.0027336255 -0.053440362 -0.0037809722 0.9998026 -0.019503921 0.053376615 0.019677967 0.99838066 0.01855886 -0.012869835 -0.098768145
1 0 0 0 1 0 0 0 1 -0.0118790865 0.0027558804 0.017365277
1 0 0 0 1 0 0 0 1 0.039765358 -0.031541824 0.02855748
1 0 0 0 1 0 0 0 1 -0.029261827 -0.029422522 -0.0030605793
1 0 0 0 1 0 0 0 1 -0.00738883 0.010143757 0.008259714
1 0 0 0 1 0 0 0 1 0.014331102 -0.0063972473 0.024325905
1 0 0 0 1 0 0 0 1 0.003830433 -0.04642105 -0.0013921857
1 0 0 0 1 0 0 0 1 0.011275962 0.014119625 0.011470079
1 0 0 0 1 0 0 0 1 0.02799797 0.0092692375 0.042009115
0.90724343 -0.21241446 -0.36302823 0.4125099 0.6178874 0.6693658 0.08212763 -0.7570304 0.6481974 2.5509918 4.6538587 9.172632
1 0 0 0 1 0 0 0 1 -0.001335144 -0.0065014362 0.010406488
0.99746096 -0.06573032 -0.027406722 0.06467626 0.9971928 -0.03771934 0.029808998 0.035851073 0.99891233 0.40937197 0.039740562 -0.19827422
1 0 0 0 1 0 0 0 1 -0.002812624 -0.04022336 0.0033616722
0.9987942 -0.048473693 0.0077854744 0.04834771 0.9987081 0.015638486 -0.008533321 -0.015243143 0.9998476 0.6291461 0.0005311966 0.20764492
1 0 0 0 1 0 0 0 1 0.017567456 0.008067131 0.015344381
1 0 0 0 1 0 0 0 1 0.0070192814 0.011342287 -0.007825315
-0.1082179 -0.99247146 -0.0573532 0.8770987 -0.06816235 -0.4754492 0.46796027 -0.10175647 0.8778718 11.020144 10.610377 0.78917754
1 0 0 0 1 0 0 0 1 -0.0040070266 -0.01458168 0.006252229
0.99305093 0.017082512 -0.11643961 -0.015054354 0.9997197 0.01827477 0.11671904 -0.01639467 0.99302965 0.059352517 -0.04998374 0.20630527
1 0 0 0 1 0 0 0 1 -0.0024888515 -0.039556026 0.010294437
1 0 0 0 1 0 0 0 1 0.0065308213 0.006126404 0.010763466
1 0 0 0 1 0 0 0 1 0.0070421696 0.0024499893 0.004977107
1 0 0 0 1 0 0 0 1 -0.038053483 -0.015631676 -0.016324997
0.9098817 -0.3690689 0.18948272 0.34576306 0.9270084 0.14527148 -0.2292673 -0.06666401 0.97107804 2.6773858 1.4354615 -0.07520515
0.9953817 -0.036096103 0.08894894 0.032606732 0.9986522 0.04037723 -0.09028658 -0.03729044 0.99521756 0.081504196 -0.07204676 0.25540853
0.9981573 0.010522321 0.059759527 -0.021488354 0.9823234 0.18595323 -0.056746572 -0.18689469 0.9807396 -0.010612845 -0.053705692 0.08893794
1 0 0 0 1 0 0 0 1 -0.0289765 -0.027735233 -0.0071315765
0.9974582 0.056844085 -0.042956516 -0.056125432 0.9982659 0.017752487 0.043891158 -0.015296347 0.99891907 -0.36720103 -0.020802975 0.1184555
1 0 0 0 1 0 0 0 1 -0.014223099 -0.009490013 0.0020399094
1 0 0 0 1 0 0 0 1 -0.01369068 0.013996124 0.0032145977
0.37979826 0.9249805 0.0128144575 -0.40568537 0.17899227 -0.89631534 -0.83136785 0.3352204 0.44323203 -7.3301992 7.5416965 -1.9861906
1 0 0 0 1 0 0 0 1 0.02175498 0.023643494 0.0026941895
1 0 0 0 1 0 0 0 1 0.0127795935 0.016106606 -0.008217812
0.9999685 0.00663051 0.004394142 -0.0069503486 0.99698204 0.07731911 -0.003868267 -0.07734716 0.9969967 -0.031219125 -0.05739069 0.32943994
1 0 0 0 1 0 0 0 1 -0.008026481 0.013836861 -4.1544437E-05
1 0 0 0 1 0 0 0 1 0.041723475 -0.02985096 -0.017702758
1 0 0 0 1 0 0 0 1 -0.024077475 0.002547264 -0.0021442175
0.5868741 -0.5602232 0.5845758 0.7885237 0.559412 -0.25551632 -0.1838726 0.6109078 0.7700537 3.1350868 2.7356088 -3.5630617
0.98817265 -0.10369542 0.112968355 0.077584624 0.9735353 0.21496457 -0.13226952 -0.20365739 0.97006625 0.1847507 -0.21764278 0.7324846
0.8932661 -0.15602356 -0.4215832 0.4491918 0.27352634 0.85053504 -0.017389476 -0.9491258 0.31441623 0.98662925 1.7261491 4.147945
1 0 0 0 1 0 0 0 1 0.005492568 -0.048611164 0.00027520955
1 0 0 0 1 0 0 0 1 0.0023956299 -0.009545326 -0.007539153
0.9909632 0.13370606 -0.01072407 -0.13309641 0.9900711 0.04521662 0.016663482 -0.043380734 0.9989199 -0.49627137 0.019859076 0.16517144
0.9382699 0.26493308 0.22239685 -0.34463528 0.77102256 0.5354912 -0.029603709 -0.5790812 0.8147324 -1.7183936 3.1907039 4.346559
0.99983996 -0.006336659 -0.016726784 0.0067053735 0.9997336 0.022085741 0.01658237 -0.0221944 0.9996161 0.084509864 -0.00090265274 0.17492473
1 0 0 0 1 0 0 0 1 0.025335282 0.018817902 -0.033625484
-0.7009872 -0.61733615 -0.35708964 0.15303984 -0.619251 0.7701345 -0.69655985 0.4852055 0.52856404 6.3076816 11.4302635 -2.6974087
1 0 0 0 1 0 0 0 1 -0.012885541 0.0077171326 0.0014367253
0.99986196 -0.00072848797 -0.016584888 0.0010350943 0.9998284 0.018486843 0.016568527 -0.01850143 0.99969137 -0.088638335 0.058006287 0.12345886
0.99996537 0.008320048 0.00032618642 -0.008297682 0.99899346 -0.044082493 -0.0006927252 0.04407829 0.9990278 -0.012179017 0.04649372 0.002988696
1 0 0 0 1 0 0 0 1 0.0043934584 -0.015379906 -5.2452087E-06
0.94276685 0.3308704 0.041420773 -0.33158812 0.94335234 0.0116624385 -0.035215303 -0.024729684 0.9990737 -1.9640446 -0.17673492 0.070076704
1 0 0 0 1 0 0 0 1 -0.016315937 -0.044061422 0.0013908148
1 0 0 0 1 0 0 0 1 -0.0022141933 -0.0076904297 -0.010435581
1 0 0 0 1 0 0 0 1 0.014368057 -0.019833565 -0.009470224
1 0 0 0 1 0 0 0 1 -0.01746273 0.019598007 -0.012883186
0.9998844 0.008122206 -0.012851449 -0.008271053 0.99989873 -0.011574151 0.012756125 0.011679163 0.99985033 -0.08431184 -0.006494522 -0.11898649
0.8344519 0.5507364 -0.019477144 0.21541971 -0.35851818 -0.90832764 -0.50723207 0.75376 -0.41780567 -2.4117894 7.329073 -1.299704
1 0 0 0 1 0 0 0 1 -0.012043953 -0.034586072 0.0005326867
1 0 0 0 1 0 0 0 1 0.005325198 -0.003873825 0.02329426
0.8190156 -0.44456694 0.36273113 -0.10653451 0.50336856 0.85747916 -0.5637943 -0.74093205 0.36490494 2.0879817 2.1131508 4.070913
0.9978829 -0.0020897985 0.06500231 -0.00071650743 0.9990694 0.043121442 -0.06503186 -0.04307671 0.9969529 -0.063378334 -0.07316685 0.08571005
0.99725115 0.067057446 0.03151816 -0.066251546 0.9974654 -0.025956318 -0.033178806 0.023796812 0.99916613 -0.19303933 -0.042263746 -0.059447944
0.973095 -0.1257796 0.1930431 0.14094874 0.9877532 -0.066913694 -0.18226254 0.09232262 0.9789062 0.63712865 0.20182753 -0.59648895
-0.9898725 0.06504673 0.12618035 -0.08009568 -0.98976463 -0.11811303 0.11720607 -0.12702328 0.9849508 -1.9527508 10.323969 0.7793355
0.981366 -0.03758277 -0.18843678 0.024585038 0.99718416 -0.070845515 0.19056875 0.06489268 0.97952664 -0.40392315 -0.24013615 -0.6192267
0.9546845 -0.2920639 -0.057237618 0.29316744 0.955989 0.01175181 0.051286265 -0.027999414 0.9982915 2.1430707 0.56635666 0.2670439
0.98535633 0.07444228 -0.15339984 -0.07514384 0.9971721 0.0012271628 0.15305741 0.010317862 0.9881635 -0.013940096 -0.13209462 0.20474923
1 0 0 0 1 0 0 0 1 -0.027713656 -0.0069389343 0.001478672
1 0 0 0 1 0 0 0 1 0.031224132 -0.0018615723 0.004254341
1 0 0 0 1 0 0 0 1 0.03768748 0.019618988 0.0015563965
1 0 0 0 1 0 0 0 1 0.007080078 0.001996994 -0.007440686
0.9784266 0.18581487 -0.09030449 -0.2011648 0.7573001 -0.6213126 -0.047061533 0.6260748 0.7783419 -1.3435339 1.345324 -4.498444
1 0 0 0 1 0 0 0 1 0.0032386873 0.008945465 0.0066741705
0.9999092 0.0099466 -0.009099901 -0.0094899535 0.9987581 0.04891531 0.009575129 -0.04882451 0.99876165 -0.14421514 0.15272808 0.31787157
0.9995085 0.03123562 0.0027113557 -0.031196862 0.9994246 -0.013313383 -0.0031257868 0.013222039 0.9999076 -0.10476971 -0.10501003 -0.043818086
0.9997691 -0.005905738 -0.020668328 0.0061155353 0.9999302 0.010103298 0.020607352 -0.010227373 0.99973536 0.021605253 -0.0036919117 0.043441653
1 0 0 0 1 0 0 0 1 -0.019321442 -0.0079699755 0.041133642
1 0 0 0 1 0 0 0 1 -0.01226759 -0.015675306 0.0068023205
1 0 0 0 1 0 0 0 1 -0.011950344 -0.0064411163 0.014159083
1 0 0 0 1 0 0 0 1 0.003454268 -0.014028549 0.0067806244
1 0 0 0 1 0 0 0 1 0.014773965 0.011342049 0.0108471215
0.998991 -0.017797958 -0.041236594 0.018032715 0.9998233 0.005326748 0.041134447 -0.006065041 0.99913526 0.21812332 0.010139465 0.07788534
1 0 0 0 1 0 0 0 1 -0.0016646385 -0.029930592 0.008670807
1 0 0 0 1 0 0 0 1 -0.033052832 0.034461975 0.04443884
1 0 0 0 1 0 0 0 1 0.0068104267 0.0040950775 -0.0037448704
1 0 0 0 1 0 0 0 1 0.01245904 -0.023807526 -0.009522378
1 0 0 0 1 0 0 0 1 0.0031781197 -0.006362915 -0.0014386475
0.9995992 0.006342292 0.027580485 -0.006301075 0.9999789 -0.0015801936 -0.027590048 0.00140604 0.9996183 -0.037577152 0.0039219856 0.025106609
0.99873894 -0.03983058 0.030558541 0.03786978 0.99734086 0.062264055 -0.032957286 -0.06102848 0.99759173 0.09816384 0.052662373 0.08212999
1 0 0 0 1 0 0 0 1 -0.01396513 -0.012248039 -0.0049124956
0.9944513 0.09881212 -0.036093906 -0.104272336 0.88045275 -0.46252626 -0.013924196 0.46372342 0.8858706 -0.5316342 1.0468946 -2.5480995
0.97801495 0.2077497 -0.018084986 -0.2067177 0.9772632 0.047166206 0.02747253 -0.042390674 0.9987233 -2.049024 -0.08188534 0.45984757
0.9997723 -0.015279226 -0.014877886 0.015402481 0.9998473 0.008218348 0.014749855 -0.00844574 0.9998554 0.13779938 0.040527344 0.0927757
1 0 0 0 1 0 0 0 1 -0.0199024 -0.013369083 0.014139354
1 0 0 0 1 0 0 0 1 0.0047426224 -0.0058193207 0.006380439
0.99702877 0.06990554 0.03235227 -0.06839081 0.99660796 -0.04577305 -0.035442263 0.04342442 0.99842787 -0.4605375 0.018092155 -0.2748338
1 0 0 0 1 0 0 0 1 -0.00199306 0.0057861805 -0.0009887815
1 0 0 0 1 0 0 0 1 -0.012679201 0.017080307 0.039565325
1 0 0 0 1 0 0 0 1 -0.007733345 0.0022211075 0.00865221
1 0 0 0 1 0 0 0 1 -0.0029292107 0.024021149 -0.01833868
1 0 0 0 1 0 0 0 1 0.0020935535 0.0055446625 0.0030047297
0.9738623 0.1935656 0.11884692 -0.21275067 0.9606097 0.17879084 -0.07955769 -0.1994025 0.9766828 -1.3471916 -0.22320986 1.1459002
1 0 0 0 1 0 0 0 1 -0.0080235 -0.0019378662 0.010015577
-0.33799767 0.12618545 0.9326496 -0.550254 -0.8304466 -0.08705765 0.7635302 -0.5426194 0.350123 -1.4179289 15.356018 4.7908697
1 0 0 0 1 0 0 0 1 -0.002871737 0.009687424 -0.01103276
1 0 0 0 1 0 0 0 1 0.00809145 -0.00817585 -0.0055903103
0.993811 0.10433406 -0.038132776 -0.10022545 0.9902047 0.09720951 0.04790152 -0.09278613 0.99453336 -0.97754437 -0.13016987 0.9875728
1 0 0 0 1 0 0 0 1 -0.0006451607 -0.019454956 -0.03640634
1 0 0 0 1 0 0 0 1 0.017809272 0.0018444061 0.0043025315
1 0 0 0 1 0 0 0 1 -0.00968194 0.0055704117 -0.006904781
0.9995501 -0.023310557 -0.018866278 0.0232649 0.9997258 -0.002636373 0.018922701 0.0021962821 0.9998185 0.21238673 0.04395008 0.000666976
1 0 0 0 1 0 0 0 1 -0.0012254715 0.007484436 -0.00093871355
1 0 0 0 1 0 0 0 1 0.006376505 0.015510082 -0.01406461
0.9995815 -0.013179079 0.025743172 0.011058345 0.9966649 0.08084819 -0.026722908 -0.08052969 0.9963938 -0.0039174557 -0.07112372 0.07104373
0.99975497 0.004929431 0.021576166 -0.0059528947 0.9988472 0.04763031 -0.02131651 -0.047747046 0.99863195 -0.0638535 -0.03204918 0.44667023
1 0 0 0 1 0 0 0 1 0.021699347 0.0031814575 0.011847198
1 0 0 0 1 0 0 0 1 0.0023579597 -0.019042015 -0.0048890114
0.9938531 0.058148824 -0.09420424 -0.04544087 0.9902299 0.13183197 0.10094987 -0.12674117 0.9867854 -0.28674293 -0.104409695 0.9762724
1 0 0 0 1 0 0 0 1 -0.0011076927 0.0054973364 0.0064668655
0.19421747 0.44503343 0.8741994 0.8774961 -0.47717834 0.047970057 0.43849742 0.75779015 -0.48319152 1.7212806 -4.1280584 1.3083577
