1 0 0 0 1 0 0 0 1 0.00020515919 0.010540009 -0.018134326
1 0 0 0 1 0 0 0 1 0.013988972 -0.017004728 0.007517338
1 0 0 0 1 0 0 0 1 0.011373043 -0.008285522 -0.037207842
1 0 0 0 1 0 0 0 1 0.011726379 -0.013958931 -0.0023391843
1 0 0 0 1 0 0 0 1 -0.020408392 0.029199123 0.03880155
1 0 0 0 1 0 0 0 1 -0.005545616 0.006252289 -0.020539284
1 0 0 0 1 0 0 0 1 -0.4294055 0.040870667 0.12281084
1 0 0 0 1 0 0 0 1 0.013160586 -0.009354591 0.015866876
1 0 0 0 1 0 0 0 1 0.029449701 0.021564484 -0.024913132
1 0 0 0 1 0 0 0 1 0.020166993 0.0074706078 0.0030351281
1 0 0 0 1 0 0 0 1 0.0005264282 0.0055570602 -0.020143986
1 0 0 0 1 0 0 0 1 0.0016037822 0.024504662 -0.020999849
1 0 0 0 1 0 0 0 1 0.013716459 -0.005809784 0.0030525923
1 0 0 0 1 0 0 0 1 -0.3978407 0.03556633 0.13240004
1 0 0 0 1 0 0 0 1 0.00022602081 0.027805328 -0.050861597
0.99440515 -0.03326456 0.100259185 0.026399901 0.99726486 0.069034785 -0.1022813 -0.06600173 0.9925635 0.01694107 -0.10639882 0.34743258
1 0 0 0 1 0 0 0 1 -0.37127233 -0.007936478 0.10787535
1 0 0 0 1 0 0 0 1 0.019663334 0.025794983 -0.025534391
1 0 0 0 1 0 0 0 1 0.013358593 -0.024358094 0.009668589
1 0 0 0 1 0 0 0 1 -0.001758188 0.0021371841 0.02500099
1 0 0 0 1 0 0 0 1 -0.006167412 -0.01146698 0.019567966
1 0 0 0 1 0 0 0 1 -0.0013282299 0.016601562 -0.0016376972
1 0 0 0 1 0 0 0 1 -0.0005605817 0.017344475 0.0073912144
1 0 0 0 1 0 0 0 1 -0.0005352497 0.0147295 0.010597706
1 0 0 0 1 0 0 0 1 -0.0034308434 0.010260582 0.0023179054
1 0 0 0 1 0 0 0 1 0.010227919 -0.024683952 0.002959907
1 0 0 0 1 0 0 0 1 -0.36351848 0.0075416565 0.11355686
1 0 0 0 1 0 0 0 1 -0.36123943 -0.14799404 -0.020836353
1 0 0 0 1 0 0 0 1 0.012689114 0.01581955 -0.0024148226
1 0 0 0 1 0 0 0 1 -0.027655363 0.021066666 -0.053236008
1 0 0 0 1 0 0 0 1 -0.007838011 -0.019591331 -0.019727707
1 0 0 0 1 0 0 0 1 0.011741161 -0.0030536652 0.010000709
1 0 0 0 1 0 0 0 1 -0.0081169605 0.01829338 0.012834609
1 0 0 0 1 0 0 0 1 0.0047183037 -0.017586708 0.011232868
1 0 0 0 1 0 0 0 1 0.007226467 -0.008935034 0.017731667
1 0 0 0 1 0 0 0 1 0.00077039003 -0.00646019 0.027564764
1 0 0 0 1 0 0 0 1 0.014714718 -0.0025596619 -0.0015194416
1 0 0 0 1 0 0 0 1 0.019547462 -0.008077621 0.0015912056
1 0 0 0 1 0 0 0 1 -0.012255669 0.0014686584 -0.008413792
1 0 0 0 1 0 0 0 1 0.011360168 -0.01424408 0.014339268
0.99992704 0.00523144 -0.0108964145 -0.005714923 0.99897826 -0.044829845 0.010650843 0.044888973 0.9989351 -0.004300356 0.046658278 -0.115881324
1 0 0 0 1 0 0 0 1 -0.46492457 -0.054039 0.05787611
1 0 0 0 1 0 0 0 1 0.01559633 0.008699894 0.01843512
1 0 0 0 1 0 0 0 1 0.013458252 0.0048656464 0.0040335655
1 0 0 0 1 0 0 0 1 0.008582354 0.010382652 0.013856828
1 0 0 0 1 0 0 0 1 0.008515239 -0.023338795 0.012430847
1 0 0 0 1 0 0 0 1 0.03203273 0.021346092 -0.015084624
0.9215826 -0.3747971 -0.10105821 0.37967882 0.9245053 0.03367707 0.08080657 -0.06940605 0.9943104 3.1341174 0.7835655 0.6084668
1 0 0 0 1 0 0 0 1 0.014533758 0.009274483 0.011696219
1 0 0 0 1 0 0 0 1 0.009848475 -0.010532856 0.014553547
1 0 0 0 1 0 0 0 1 -0.010730624 -0.02045536 0.0056005716
1 0 0 0 1 0 0 0 1 -0.0045968294 0.080127716 -0.024039865
1 0 0 0 1 0 0 0 1 -0.044010878 0.005596161 0.046539783
1 0 0 0 1 0 0 0 1 -0.015861034 0.03371811 -0.03425902
1 0 0 0 1 0 0 0 1 0.0016067624 0.002240181 -0.011919975
1 0 0 0 1 0 0 0 1 0.029271722 -0.0063562393 0.031664908
1 0 0 0 1 0 0 0 1 0.025751233 0.0062613487 0.008450747
1 0 0 0 1 0 0 0 1 0.014063358 -0.027973175 -0.0018503666
1 0 0 0 1 0 0 0 1 0.025287747 -0.015499115 0.013236284
1 0 0 0 1 0 0 0 1 -0.060405374 -0.032585144 0.004961252
1 0 0 0 1 0 0 0 1 0.016376019 -0.0050668716 0.0047704577
1 0 0 0 1 0 0 0 1 0.034531415 0.01802349 -0.0024373531
1 0 0 0 1 0 0 0 1 -0.012346268 -0.013549805 0.010475695
1 0 0 0 1 0 0 0 1 0.01771444 -0.01862526 -0.022180796
1 0 0 0 1 0 0 0 1 -0.084278405 -0.08148575 0.03376043
1 0 0 0 1 0 0 0 1 -0.032339573 0.010372162 0.010033399
1 0 0 0 1 0 0 0 1 0.010104895 -0.018281937 0.008492589
1 0 0 0 1 0 0 0 1 0.034250498 0.05291748 -0.007269144
1 0 0 0 1 0 0 0 1 -0.016316414 0.016264439 0.005337715
1 0 0 0 1 0 0 0 1 0.029817104 -0.00038671494 0.0060544014
1 0 0 0 1 0 0 0 1 -0.025139332 0.038928986 0.01983893
1 0 0 0 1 0 0 0 1 0.021294653 0.016716957 -0.025759697
1 0 0 0 1 0 0 0 1 0.005333185 0.007648468 0.004194498
1 0 0 0 1 0 0 0 1 0.0074465275 -0.038342237 0.003247738
1 0 0 0 1 0 0 0 1 0.06969643 0.021547794 -0.02771616
1 0 0 0 1 0 0 0 1 -0.0036680698 -0.017211914 0.03622055
1 0 0 0 1 0 0 0 1 0.03670633 0.0010933876 0.014718104
1 0 0 0 1 0 0 0 1 -0.031233072 -0.016103745 -0.031174898
1 0 0 0 1 0 0 0 1 0.07716179 0.04392147 0.10108602
1 0 0 0 1 0 0 0 1 -0.004793644 -0.08678216 -0.012552977
1 0 0 0 1 0 0 0 1 -0.00061666965 -0.019572258 0.014296889
1 0 0 0 1 0 0 0 1 0.021512985 0.011449635 -0.011923492
1 0 0 0 1 0 0 0 1 -0.00041383505 0.0023422241 0.025490671
1 0 0 0 1 0 0 0 1 -0.40440285 0.051505566 0.15193892
1 0 0 0 1 0 0 0 1 0.0063552856 -0.034276962 -0.0018142462
1 0 0 0 1 0 0 0 1 0.01718998 -0.019927979 0.016332388
1 0 0 0 1 0 0 0 1 0.023926377 0.009964228 0.005139649
1 0 0 0 1 0 0 0 1 -0.024343967 0.006471634 0.064869106
1 0 0 0 1 0 0 0 1 0.04532242 0.051124096 -0.009254536
1 0 0 0 1 0 0 0 1 0.0012509823 0.007570982 -0.010668218
1 0 0 0 1 0 0 0 1 -0.48442817 -0.06231785 0.06649065
1 0 0 0 1 0 0 0 1 0.0164029 0.028429031 -0.018360853
1 0 0 0 1 0 0 0 1 0.014092803 0.007879257 -0.00039601326
1 0 0 0 1 0 0 0 1 -0.08874273 0.045313835 0.022466183
1 0 0 0 1 0 0 0 1 0.00835371 -0.021157742 -0.010991514
1 0 0 0 1 0 0 0 1 0.0028853416 0.004120469 0.0042346716
1 0 0 0 1 0 0 0 1 -0.014139175 0.0039596558 -0.0042796135
1 0 0 0 1 0 0 0 1 0.0078036785 -0.0003299713 -0.0340901
1 0 0 0 1 0 0 0 1 0.009144783 0.019848824 0.018537074
1 0 0 0 1 0 0 0 1 0.028915882 0.018085957 0.021835089
1 0 0 0 1 0 0 0 1 -0.38450193 -0.039800644 0.07699394
1 0 0 0 1 0 0 0 1 0.017510414 -0.0051118135 0.0054315925
1 0 0 0 1 0 0 0 1 0.016474485 0.007200241 -0.010919809
1 0 0 0 1 0 0 0 1 -0.005864382 0.008214951 0.012664437
1 0 0 0 1 0 0 0 1 0.0031604767 -0.005792618 0.020142794
1 0 0 0 1 0 0 0 1 0.039768457 -0.028931975 0.004496813
1 0 0 0 1 0 0 0 1 0.030549288 -0.008838177 -0.016751528
1 0 0 0 1 0 0 0 1 -0.01835239 0.016860962 -0.0045032203
1 0 0 0 1 0 0 0 1 0.0035729408 0.008743286 -0.0097677335
1 0 0 0 1 0 0 0 1 0.07099867 -0.0063877106 0.0031945705
1 0 0 0 1 0 0 0 1 0.004826784 0.016039243 0.003779173
1 0 0 0 1 0 0 0 1 0.01611936 -0.022508621 0.0055291653
1 0 0 0 1 0 0 0 1 0.018224955 0.0025310516 0.0012671351
1 0 0 0 1 0 0 0 1 0.0032346249 0.005982399 0.003047347
1 0 0 0 1 0 0 0 1 -0.0003876686 0.008916855 -0.010221481
1 0 0 0 1 0 0 0 1 0.0070028305 0.012475014 -0.00789018
1 0 0 0 1 0 0 0 1 0.002245903 0.0027017593 -0.00277555
0.60812825 -0.7615865 0.22397795 -0.3119458 -0.4887089 -0.81477207 0.72997934 0.42561704 -0.5347712 6.2567573 14.585851 -0.8746501
1 0 0 0 1 0 0 0 1 -0.005208969 0.036884308 -0.047003984
1 0 0 0 1 0 0 0 1 -0.008337498 -0.01539135 0.0004813671
1 0 0 0 1 0 0 0 1 0.025271714 0.024163246 0.0063662566
0.26352906 0.71790224 -0.644336 0.5348418 -0.6646184 -0.52175367 -0.80280566 -0.20712048 -0.5591103 -4.7304435 13.895826 3.8696194
0.9981731 0.029113442 0.052942783 -0.030988783 0.9989084 0.034952216 -0.051867396 -0.036529172 0.9979857 -0.48728037 -0.099900246 0.07017946
1 0 0 0 1 0 0 0 1 -0.44590968 0.051086426 0.15699911
1 0 0 0 1 0 0 0 1 -0.4318412 0.033727646 0.10206127
1 0 0 0 1 0 0 0 1 0.0070433617 0.018874168 0.006731987
1 0 0 0 1 0 0 0 1 0.0329808 0.008307934 0.009041846
1 0 0 0 1 0 0 0 1 0.016970634 -0.017678738 -0.00040507317
1 0 0 0 1 0 0 0 1 0.027011871 -0.01752472 -0.03904537
1 0 0 0 1 0 0 0 1 0.012922287 0.012008667 -0.013405196
1 0 0 0 1 0 0 0 1 0.023242414 0.019739151 0.015260637
1 0 0 0 1 0 0 0 1 0.013605654 0.005651474 0.012567997
1 0 0 0 1 0 0 0 1 0.026080132 -0.023703814 -0.006014079
1 0 0 0 1 0 0 0 1 0.008428574 -0.029074192 -0.0012332201
1 0 0 0 1 0 0 0 1 0.017883062 -0.038729668 0.0016729236
1 0 0 0 1 0 0 0 1 0.010415316 0.0061998367 0.028275728
1 0 0 0 1 0 0 0 1 0.036966324 -0.017324924 0.015261756
0.99829507 0.058020722 0.0063695433 -0.058288977 0.9966899 0.056670185 -0.003060414 -0.056944836 0.9983727 -0.38914645 -0.024294853 0.38375497
1 0 0 0 1 0 0 0 1 0.024055958 0.014129639 0.014248788
1 0 0 0 1 0 0 0 1 0.011897117 0.01776123 0.007639408
1 0 0 0 1 0 0 0 1 0.016516209 -0.013188429 -8.9645386E-05
1 0 0 0 1 0 0 0 1 0.020432234 -0.0062025785 0.010997057
1 0 0 0 1 0 0 0 1 0.0054261684 -0.004828453 -0.0040584803
1 0 0 0 1 0 0 0 1 0.011629105 -0.012782574 0.001127854
1 0 0 0 1 0 0 0 1 -0.021906257 0.030895233 -0.016139269
1 0 0 0 1 0 0 0 1 0.007998824 -0.0121946335 0.006252408
1 0 0 0 1 0 0 0 1 0.010057807 -0.0048885345 0.00095027685
1 0 0 0 1 0 0 0 1 0.003957778 -0.0011463165 0.0076327324
1 0 0 0 1 0 0 0 1 0.009242892 0.01201725 0.023180246
1 0 0 0 1 0 0 0 1 0.05254793 -0.06335199 0.023352861
1 0 0 0 1 0 0 0 1 -0.0039305687 0.011049271 -0.065650046
1 0 0 0 1 0 0 0 1 0.0062502623 0.012514114 -0.0114581585
1 0 0 0 1 0 0 0 1 0.016824007 0.014959335 -0.0236063
1 0 0 0 1 0 0 0 1 -0.0016920567 -0.0098695755 0.026596427
1 0 0 0 1 0 0 0 1 0.01172328 0.01725483 0.025380015
1 0 0 0 1 0 0 0 1 0.024948835 -0.008803248 0.01317358
1 0 0 0 1 0 0 0 1 -0.018185496 -0.012636185 0.0031427145
1 0 0 0 1 0 0 0 1 -0.3562386 0.002459526 0.09465504
1 0 0 0 1 0 0 0 1 0.009345114 -0.0013751984 0.010823727
1 0 0 0 1 0 0 0 1 0.008997291 0.015075684 0.010745525
1 0 0 0 1 0 0 0 1 0.011582166 0.0061416626 -0.018763304
1 0 0 0 1 0 0 0 1 0.0148406625 -0.0064048767 -0.022131741
1 0 0 0 1 0 0 0 1 0.00056028366 -0.047023773 -0.019781351
1 0 0 0 1 0 0 0 1 -0.41020882 0.0025959015 0.11740255
1 0 0 0 1 0 0 0 1 -0.0060675144 0.025663376 -0.021269917
1 0 0 0 1 0 0 0 1 0.039882302 -0.0059947968 -0.012321711
1 0 0 0 1 0 0 0 1 -0.0029616356 0.004217148 -0.017115057
0.8126526 0.5709257 -0.11678919 -0.4875622 0.5563498 -0.67287284 -0.31918472 0.6037539 0.73048097 -7.837192 5.582173 -8.400497
1 0 0 0 1 0 0 0 1 0.03204155 -0.03737259 -0.004491329
1 0 0 0 1 0 0 0 1 0.011970997 0.0075950623 0.002747178
1 0 0 0 1 0 0 0 1 0.0015028715 0.0040187836 -0.016338516
1 0 0 0 1 0 0 0 1 0.002216816 -0.0042495728 0.0024274588
1 0 0 0 1 0 0 0 1 -0.011882305 0.008906364 0.004329264
1 0 0 0 1 0 0 0 1 0.04991758 -0.00038909912 -0.0033437014
1 0 0 0 1 0 0 0 1 0.014096916 0.0223279 0.017033339
1 0 0 0 1 0 0 0 1 0.082387805 -0.0146484375 0.096384585
1 0 0 0 1 0 0 0 1 -0.026380539 0.012029648 -0.10399294
1 0 0 0 1 0 0 0 1 0.010921687 -0.013386726 0.015913248
1 0 0 0 1 0 0 0 1 0.0017066002 -0.015621245 0.07953048
1 0 0 0 1 0 0 0 1 0.005833715 0.028734207 -0.028436184
1 0 0 0 1 0 0 0 1 0.0019545555 -0.11647987 -0.011792064
0.14119528 -0.049267545 -0.98875505 -0.40763402 -0.9130569 -0.012714878 -0.9021632 0.40484548 -0.14900261 -1.3932761 7.2648168 -3.416706
1 0 0 0 1 0 0 0 1 0.0110554695 -0.0035333633 -0.0007264614
1 0 0 0 1 0 0 0 1 -0.007193327 0.023985863 -0.016462207
1 0 0 0 1 0 0 0 1 -0.040403366 0.022107601 0.070664644
1 0 0 0 1 0 0 0 1 0.014163017 -0.03948927 -0.025123715
1 0 0 0 1 0 0 0 1 -0.005273223 -0.06532955 -0.032641888
1 0 0 0 1 0 0 0 1 -0.0025229454 0.015832901 0.08855116
1 0 0 0 1 0 0 0 1 0.012068391 -0.014783859 0.019695997
0.88313264 0.45956424 0.0942201 -0.3933822 0.8348837 -0.38499296 -0.25559184 0.30293536 0.9180975 -5.5535088 1.5689907 -3.8804176
1 0 0 0 1 0 0 0 1 0.036106586 -0.031897545 0.02106762
1 0 0 0 1 0 0 0 1 0.001478672 0.0012893677 0.0035691261
1 0 0 0 1 0 0 0 1 -0.353436 -0.121287346 0.042699337
0.22173941 0.8346955 0.50409794 -0.96512556 0.26164243 -0.008699626 -0.13915482 -0.48458886 0.8636027 -7.6461368 7.4271936 4.687723
1 0 0 0 1 0 0 0 1 0.021039963 -0.018399239 0.017788589
1 0 0 0 1 0 0 0 1 0.0025298595 -0.033293724 0.014205217
1 0 0 0 1 0 0 0 1 -0.031949043 -0.012397766 0.011658907
1 0 0 0 1 0 0 0 1 0.018086433 -0.0055179596 0.0037106276
1 0 0 0 1 0 0 0 1 -0.0164392 -0.011126518 0.0114171505
1 0 0 0 1 0 0 0 1 0.005748272 -0.013236403 0.0063835382
1 0 0 0 1 0 0 0 1 -0.40668416 0.00111866 0.13117075
1 0 0 0 1 0 0 0 1 -0.3031137 -0.08543396 0.06609392
1 0 0 0 1 0 0 0 1 -0.010117531 0.028051376 -0.03657651
1 0 0 0 1 0 0 0 1 -0.0006127693 -0.0069332123 0.032381713
1 0 0 0 1 0 0 0 1 0.015098274 0.0068092346 0.01300472
1 0 0 0 1 0 0 0 1 0.023208618 0.030639172 0.04418193
1 0 0 0 1 0 0 0 1 0.011496067 0.014707565 0.013798714
1 0 0 0 1 0 0 0 1 0.05703664 -0.046315193 0.030758858
1 0 0 0 1 0 0 0 1 0.03252746 -0.0016407967 0.023445368
1 0 0 0 1 0 0 0 1 -0.030299425 0.030555725 -0.0078935325
1 0 0 0 1 0 0 0 1 -0.0040915012 0.023000717 -0.018362224
1 0 0 0 1 0 0 0 1 0.019775808 0.008257866 0.021108031
1 0 0 0 1 0 0 0 1 0.006233871 0.014155388 0.010937691
1 0 0 0 1 0 0 0 1 0.05074215 -0.027766228 -0.063366055
1 0 0 0 1 0 0 0 1 -0.3615569 0.03314972 0.13319874
1 0 0 0 1 0 0 0 1 0.015222125 0.028730392 -0.0046793222
1 0 0 0 1 0 0 0 1 0.007086098 0.00014400482 0.027097732
1 0 0 0 1 0 0 0 1 0.01244998 0.0025396347 0.007524729
1 0 0 0 1 0 0 0 1 0.02914095 0.0062026978 -0.0254277
1 0 0 0 1 0 0 0 1 -0.0028071404 0.010996342 0.00050735474
1 0 0 0 1 0 0 0 1 -0.008803844 0.003520012 0.0027689934
1 0 0 0 1 0 0 0 1 -0.010370493 -0.0041999817 0.021933973
1 0 0 0 1 0 0 0 1 -0.007303238 0.01173687 0.0070762634
1 0 0 0 1 0 0 0 1 0.00480029 -0.007592678 0.022885382
1 0 0 0 1 0 0 0 1 0.01865983 0.023505785 -0.036563575
1 0 0 0 1 0 0 0 1 -0.41572833 -0.09483051 0.035063267
1 0 0 0 1 0 0 0 1 0.0011034012 0.0036935806 -0.002796501
1 0 0 0 1 0 0 0 1 0.029795647 0.018577576 -0.03708926
1 0 0 0 1 0 0 0 1 0.014733076 0.019088745 -0.007238984
1 0 0 0 1 0 0 0 1 0.0030913055 -0.0018510818 0.0054166317
1 0 0 0 1 0 0 0 1 -0.011622667 0.015760422 -0.009545907
1 0 0 0 1 0 0 0 1 0.01983577 0.022349358 0.015981197
0.22759606 -0.8652807 -0.44664228 -0.23088752 -0.49355364 0.8385081 -0.94598687 -0.08771703 -0.31211346 3.3429813 4.088818 1.638917
1 0 0 0 1 0 0 0 1 -0.012820482 -0.02473855 -0.04456967
1 0 0 0 1 0 0 0 1 0.00046396255 0.012964249 0.031906366
1 0 0 0 1 0 0 0 1 0.003064394 0.014486313 0.02399826
1 0 0 0 1 0 0 0 1 0.00832057 0.023360252 0.0036466122
1 0 0 0 1 0 0 0 1 -0.0014398098 0.007522583 -0.02229476
1 0 0 0 1 0 0 0 1 0.01491642 -0.004828453 -0.007415764
1 0 0 0 1 0 0 0 1 0.002199918 -0.0019779205 -0.009859525
1 0 0 0 1 0 0 0 1 0.034013987 -0.014792383 -0.0041348934
1 0 0 0 1 0 0 0 1 -0.0037750602 0.014356613 0.015173078
1 0 0 0 1 0 0 0 1 -0.004612446 0.0061426163 -0.0045622587
1 0 0 0 1 0 0 0 1 -0.24831939 -0.05259323 0.12724662
1 0 0 0 1 0 0 0 1 0.010740042 0.009096146 -0.013069153
0.9668015 0.17681634 0.1844737 -0.04319963 0.8246398 -0.5640063 -0.25184995 0.537313 0.80490136 -1.682136 2.3052354 -3.8902676
1 0 0 0 1 0 0 0 1 -0.37853193 0.026889324 0.1307602
1 0 0 0 1 0 0 0 1 0.009152889 0.0016822815 0.0122931
1 0 0 0 1 0 0 0 1 -0.03473723 -0.0042152405 -0.01587832
1 0 0 0 1 0 0 0 1 -0.44147825 -0.059791565 0.069586754
1 0 0 0 1 0 0 0 1 -0.4647243 -0.08112717 0.048687935
1 0 0 0 1 0 0 0 1 0.027493358 -0.007121086 0.014585018
1 0 0 0 1 0 0 0 1 0.04310465 -0.007989883 -0.015831202
1 0 0 0 1 0 0 0 1 0.012535393 0.012189865 0.019649625
1 0 0 0 1 0 0 0 1 0.017978191 -0.0074882507 -0.029969156
1 0 0 0 1 0 0 0 1 0.0069931746 -0.005600691 -0.008901715
1 0 0 0 1 0 0 0 1 0.011758804 0.0023703575 -0.0061523914
1 0 0 0 1 0 0 0 1 0.010070503 -0.0064926147 -0.017028213
1 0 0 0 1 0 0 0 1 -0.42265952 -0.013881683 0.11882591
1 0 0 0 1 0 0 0 1 0.01954937 0.0047397614 -0.0270406
1 0 0 0 1 0 0 0 1 0.024487436 -0.009597778 -0.023702145
1 0 0 0 1 0 0 0 1 -0.4401219 -0.106975555 0.026934624
1 0 0 0 1 0 0 0 1 0.023220718 -0.05800152 -0.004363835
1 0 0 0 1 0 0 0 1 0.004022002 0.00052547455 0.007350087
1 0 0 0 1 0 0 0 1 0.09330124 -0.026168346 0.026242971
1 0 0 0 1 0 0 0 1 0.021187901 -0.008427024 0.025401384
0.9970949 -0.040570006 -0.064463586 0.041952625 0.99891454 0.020241225 0.06357248 -0.022886837 0.9977147 0.08806324 -0.10302758 -0.115095556
1 0 0 0 1 0 0 0 1 0.02251339 -0.02244854 -7.212162E-05
1 0 0 0 1 0 0 0 1 0.008617401 -0.0066947937 -0.0011959672
1 0 0 0 1 0 0 0 1 0.04023552 0.024867058 0.05479957
1 0 0 0 1 0 0 0 1 0.015773058 0.010974884 -0.030367017
1 0 0 0 1 0 0 0 1 -0.012255669 0.03888464 0.019620657
1 0 0 0 1 0 0 0 1 -0.012215912 -0.016155243 -0.010957956
1 0 0 0 1 0 0 0 1 0.023774385 -0.006713867 -0.013726711
1 0 0 0 1 0 0 0 1 -0.008193016 -0.006866455 -0.0045449734
1 0 0 0 1 0 0 0 1 0.023693562 0.009743631 -0.018098474
-0.7849542 -0.24577582 0.56871927 -0.09036292 -0.8627168 -0.49754882 0.612929 -0.44194388 0.6549839 3.7704377 12.875116 2.3150272
1 0 0 0 1 0 0 0 1 -0.39735663 0.042443275 0.14064312
0.32289875 -0.53504133 0.7806837 -0.3169341 0.7161158 0.62187684 -0.89178985 -0.44822857 0.061660074 5.558936 2.6772208 6.6720805
0.9946169 0.09123069 -0.049132437 -0.08563581 0.99067724 0.10594723 0.058340013 -0.10116929 0.993157 -1.2046671 0.15194416 1.3276467
1 0 0 0 1 0 0 0 1 0.015277863 0.009690285 0.015467882
1 0 0 0 1 0 0 0 1 0.014617205 0.01189518 -0.024707198
1 0 0 0 1 0 0 0 1 -0.21986341 0.060338974 -0.09439826
1 0 0 0 1 0 0 0 1 0.002553463 -0.009531021 0.0065028667
1 0 0 0 1 0 0 0 1 0.005036354 0.024538994 -0.009793997
1 0 0 0 1 0 0 0 1 -0.08883202 -0.034446716 0.007990837
1 0 0 0 1 0 0 0 1 -0.009445637 0.003964424 0.02951318
1 0 0 0 1 0 0 0 1 0.0033489168 0.021986961 0.016743422
1 0 0 0 1 0 0 0 1 0.0489676 -0.025501251 -0.07350612
0.97937155 -0.19276085 -0.06061831 0.18458125 0.9754879 -0.119803876 0.08222592 0.106143415 0.9909452 0.7966777 -0.12116861 -0.5950055
1 0 0 0 1 0 0 0 1 0.0026257038 -0.06509471 0.0028785467
1 0 0 0 1 0 0 0 1 0.016098738 -0.027330399 -0.005396545
1 0 0 0 1 0 0 0 1 -0.00011920929 0.010916948 -0.011332512
0.9858685 -0.15074132 -0.07307716 -0.018780762 0.33402225 -0.9423781 0.16646473 0.93043345 0.326471 0.4559915 1.7509899 -8.230461
1 0 0 0 1 0 0 0 1 0.018885612 0.014256477 0.018202782
1 0 0 0 1 0 0 0 1 0.018425941 -0.008323908 0.00947094
1 0 0 0 1 0 0 0 1 -0.009604216 0.0054416656 -0.016980112
1 0 0 0 1 0 0 0 1 0.0057063103 0.0072846413 -0.015290022
0.93199205 -0.35432792 -0.07643587 0.34721944 0.933223 -0.09237747 0.104063496 0.059555 0.992786 1.430854 -0.17823315 -0.31573358
1 0 0 0 1 0 0 0 1 0.004011154 -0.050323486 0.01801999
0.95043576 -0.30998072 -0.024155572 0.039151892 0.04224727 0.99833953 -0.30844554 -0.9498036 0.052289624 0.54315466 0.8469803 2.1581001
1 0 0 0 1 0 0 0 1 0.012803316 -0.006917298 0.0063209534
1 0 0 0 1 0 0 0 1 0.031421483 -0.008106232 0.02519226
1 0 0 0 1 0 0 0 1 0.018618822 -0.009114265 0.007373929
1 0 0 0 1 0 0 0 1 -0.03511691 -0.012025833 0.012724578
1 0 0 0 1 0 0 0 1 -0.00061416626 -0.0047308505 -0.00513196
1 0 0 0 1 0 0 0 1 0.01439023 0.0022172928 0.011584759
1 0 0 0 1 0 0 0 1 -0.00045269728 0.005858898 0.018658519
1 0 0 0 1 0 0 0 1 0.008351684 -0.011285782 0.014011025
1 0 0 0 1 0 0 0 1 0.015838385 -0.0471676 -0.009333134
1 0 0 0 1 0 0 0 1 0.04007101 -0.025304079 -0.014718652
1 0 0 0 1 0 0 0 1 -0.018976808 -0.000957489 0.00917244
1 0 0 0 1 0 0 0 1 0.008373618 -0.0003976822 0.009625226
1 0 0 0 1 0 0 0 1 -0.011017799 -0.005548477 0.028515637
1 0 0 0 1 0 0 0 1 -0.0029757023 0.006292343 -0.016716897
1 0 0 0 1 0 0 0 1 -0.0040225983 -0.031389236 0.004978776
1 0 0 0 1 0 0 0 1 0.013935849 0.009370804 -0.014531374
1 0 0 0 1 0 0 0 1 0.0051101446 -0.00022244453 0.031102449
1 0 0 0 1 0 0 0 1 0.010675669 0.010662079 0.0118870735
-0.4207047 0.9007623 0.10786402 0.41213617 0.08384839 0.9072559 0.8081778 0.42614156 -0.4065118 -6.8633733 6.162612 -2.0693262
1 0 0 0 1 0 0 0 1 0.011180699 0.0020740032 0.0030055046
1 0 0 0 1 0 0 0 1 0.0099025965 0.013544083 -0.00076007843
1 0 0 0 1 0 0 0 1 0.0032322407 0.01124835 0.0018868446
1 0 0 0 1 0 0 0 1 0.0061085224 -0.02265501 0.03723824
1 0 0 0 1 0 0 0 1 0.020638227 0.018810272 0.011291698
1 0 0 0 1 0 0 0 1 0.022355556 -0.0026760101 -0.020216703
1 0 0 0 1 0 0 0 1 0.018763423 0.008638859 0.032071352
1 0 0 0 1 0 0 0 1 0.0021992922 -4.4822693E-05 -0.002494812
1 0 0 0 1 0 0 0 1 0.021041062 -0.028558731 -0.046269044
1 0 0 0 1 0 0 0 1 0.01713276 -0.0017142296 0.020459361
1 0 0 0 1 0 0 0 1 0.013300121 -0.021751404 0.031263113
1 0 0 0 1 0 0 0 1 0.00544405 -0.01633954 0.0010076165
1 0 0 0 1 0 0 0 1 0.012833238 -0.031972885 0.0031994581
1 0 0 0 1 0 0 0 1 0.018220901 0.009510994 0.019659996
1 0 0 0 1 0 0 0 1 0.025827885 -0.0028511286 0.015070409
0.95394933 0.26535383 0.13988613 -0.27737963 0.95786077 0.07459064 -0.11419864 -0.1099572 0.98735416 -2.750389 0.6121378 1.2160771
1 0 0 0 1 0 0 0 1 0.07655732 -0.011110306 0.005073905
0.35156232 0.82049155 0.45077422 -0.7738896 -0.016234636 0.6331124 0.52678156 -0.5714279 0.62926245 -3.458066 0.372077 2.5598576
1 0 0 0 1 0 0 0 1 0.008189201 -0.015490055 -0.0056610107
1 0 0 0 1 0 0 0 1 0.029975891 -0.011333466 -0.021435857
1 0 0 0 1 0 0 0 1 0.021657467 0.00062179565 0.008919716
1 0 0 0 1 0 0 0 1 -0.40144384 -0.013616562 0.069437504
1 0 0 0 1 0 0 0 1 -0.2892728 -0.047618866 -0.0072249174
1 0 0 0 1 0 0 0 1 0.018734634 0.0035438538 0.025194168
1 0 0 0 1 0 0 0 1 0.031662703 -0.008213401 0.023795962
1 0 0 0 1 0 0 0 1 -0.3169514 0.009082794 0.104454994
-0.5171366 0.5520985 0.65403116 0.8148279 0.083690435 0.57363015 0.26196435 0.82956797 -0.49314463 -4.6994705 6.4559774 -5.0566297
1 0 0 0 1 0 0 0 1 -0.0022292137 0.0066871643 0.026462317
1 0 0 0 1 0 0 0 1 0.011756331 0.005115509 0.020695686
1 0 0 0 1 0 0 0 1 0.0010602474 0.002735138 0.0017983429
1 0 0 0 1 0 0 0 1 0.01711762 0.010858536 -0.004458636
1 0 0 0 1 0 0 0 1 0.019197702 0.005595207 0.019190073
1 0 0 0 1 0 0 0 1 0.020866632 0.02168274 0.0075683594
1 0 0 0 1 0 0 0 1 0.008949161 0.0128417015 0.023480415
1 0 0 0 1 0 0 0 1 0.017046794 -0.0099544525 0.011167526
1 0 0 0 1 0 0 0 1 -0.0015421053 -0.0045785904 0.013870239
1 0 0 0 1 0 0 0 1 0.028105378 -0.008841515 -0.010605574
1 0 0 0 1 0 0 0 1 0.007712245 -0.0035114288 0.013233185
1 0 0 0 1 0 0 0 1 0.007859826 -0.0009870529 0.004160881
1 0 0 0 1 0 0 0 1 0.026108265 -0.018404007 -0.0039011315
1 0 0 0 1 0 0 0 1 -0.0151593685 0.02227974 0.0027179718
1 0 0 0 1 0 0 0 1 0.010631874 0.0032701492 0.020616055
1 0 0 0 1 0 0 0 1 -0.5224929 -0.054937363 0.10740614
1 0 0 0 1 0 0 0 1 0.029345006 -0.004849434 0.015150547
1 0 0 0 1 0 0 0 1 0.01265353 0.009159088 0.0052422136
1 0 0 0 1 0 0 0 1 -0.023640752 -0.012710571 -0.015076637
1 0 0 0 1 0 0 0 1 0.01734212 -0.01458931 -0.014198884
1 0 0 0 1 0 0 0 1 -0.40002155 0.04637146 0.11792517
1 0 0 0 1 0 0 0 1 0.0044665337 -0.028709427 -0.0003838539
1 0 0 0 1 0 0 0 1 -0.015975475 -0.0064706802 0.004844427
1 0 0 0 1 0 0 0 1 0.017718315 -0.0046167374 0.016941547
1 0 0 0 1 0 0 0 1 0.021550417 -0.021320343 0.0047447383
1 0 0 0 1 0 0 0 1 -0.03862834 0.030359268 0.0031453073
1 0 0 0 1 0 0 0 1 -0.07069731 -0.018886566 0.043860674
1 0 0 0 1 0 0 0 1 -0.16277027 0.063744545 -0.021088988
1 0 0 0 1 0 0 0 1 0.021306634 0.0073451996 -0.025928617
1 0 0 0 1 0 0 0 1 0.015612006 0.004798889 0.013353825
1 0 0 0 1 0 0 0 1 0.02350998 -0.021786511 -0.0019769669
1 0 0 0 1 0 0 0 1 -0.010469198 -0.041279793 0.026661485
1 0 0 0 1 0 0 0 1 0.0203259 -0.006116867 0.03347397
1 0 0 0 1 0 0 0 1 0.02619648 -0.06556463 -0.04125631
1 0 0 0 1 0 0 0 1 0.0013923645 -0.060999155 -0.019993544
1 0 0 0 1 0 0 0 1 0.011980563 -0.0145664215 0.004786968
1 0 0 0 1 0 0 0 1 0.012537718 0.02933979 0.005158454
1 0 0 0 1 0 0 0 1 -0.497496 0.0021400452 0.11829424
1 0 0 0 1 0 0 0 1 0.01969409 -0.002008438 0.0040748715
0.9984396 -0.05540451 0.0069437325 0.05574207 0.99627364 -0.06581449 -0.003271401 0.06609888 0.99780774 0.12303662 0.16723013 -0.17232502
1 0 0 0 1 0 0 0 1 -0.40841198 -0.06480026 0.06880283
1 0 0 0 1 0 0 0 1 0.016925335 -0.0034236908 -0.013071656
1 0 0 0 1 0 0 0 1 0.02376458 0.011888504 -0.011492491
1 0 0 0 1 0 0 0 1 0.04712391 -0.007760048 0.016197443
1 0 0 0 1 0 0 0 1 0.030111969 0.03035736 0.022478461
1 0 0 0 1 0 0 0 1 0.015446171 -0.0028419495 -0.011468768
0.98684657 -0.1551352 -0.04546327 -0.072745346 -0.17500323 -0.9818768 0.14436747 0.97226894 -0.18398672 0.57006574 5.112534 -10.085646
1 0 0 0 1 0 0 0 1 0.01796627 -0.027740002 -0.0010014176
1 0 0 0 1 0 0 0 1 -0.005665779 0.032707214 -0.030257702
1 0 0 0 1 0 0 0 1 0.041005135 -0.009757996 0.05546224
1 0 0 0 1 0 0 0 1 -0.0048873425 0.014232397 0.002543211
1 0 0 0 1 0 0 0 1 0.023450345 0.011808395 -0.017291427
1 0 0 0 1 0 0 0 1 0.012903482 -0.0028409958 -0.024427444
1 0 0 0 1 0 0 0 1 0.020143032 -0.009581566 0.015096888
0.9415231 -0.11748175 -0.315804 0.20936705 0.9383331 0.27512956 0.2640067 -0.32515967 0.90805924 1.5355655 0.83337116 4.2654667
1 0 0 0 1 0 0 0 1 0.008133411 -0.015427589 -0.0152339935
1 0 0 0 1 0 0 0 1 -0.40048337 0.02420044 0.16493034
1 0 0 0 1 0 0 0 1 0.02825141 0.05630493 -0.059314504
1 0 0 0 1 0 0 0 1 0.019753933 -0.01727295 0.0039575696
1 0 0 0 1 0 0 0 1 0.031896114 -0.002363205 -0.015634656
0.98860514 0.12828103 0.078764185 -0.12044823 0.9879457 -0.097237706 -0.090288505 0.08664262 0.9921395 -0.51807344 0.30885696 -0.13551044
1 0 0 0 1 0 0 0 1 0.036593437 0.0013961792 -0.025759146
1 0 0 0 1 0 0 0 1 0.0002925396 -0.030045033 -0.002276659
1 0 0 0 1 0 0 0 1 0.011606693 -0.0050668716 0.0035077333
1 0 0 0 1 0 0 0 1 0.027585983 0.017223358 -0.024537206
1 0 0 0 1 0 0 0 1 0.0072073936 0.0035591125 -0.0128932
1 0 0 0 1 0 0 0 1 0.029153068 -0.01639843 0.013091505
1 0 0 0 1 0 0 0 1 0.024333298 0.017372131 -0.027065098
1 0 0 0 1 0 0 0 1 0.017586946 -0.01056385 0.016962528
1 0 0 0 1 0 0 0 1 0.017080426 -0.011485815 0.021042377
1 0 0 0 1 0 0 0 1 0.033643622 0.01358223 0.013702154
1 0 0 0 1 0 0 0 1 0.0522964 -0.016076088 0.03051877
1 0 0 0 1 0 0 0 1 0.0028083324 2.7656555E-05 0.0165025
1 0 0 0 1 0 0 0 1 -0.025933266 0.026964188 -0.045192957
1 0 0 0 1 0 0 0 1 0.017985344 -0.0065364838 0.005728245
1 0 0 0 1 0 0 0 1 0.019316316 -0.016739845 0.01846011
1 0 0 0 1 0 0 0 1 -0.013787508 -0.024326324 0.009380102
1 0 0 0 1 0 0 0 1 0.025221407 -0.045105934 -0.014457881
1 0 0 0 1 0 0 0 1 -0.005704105 -0.0058379173 0.014623277
1 0 0 0 1 0 0 0 1 0.015338659 0.024814606 -0.027430773
1 0 0 0 1 0 0 0 1 0.025339842 -0.031705856 0.029116273
1 0 0 0 1 0 0 0 1 0.0138401985 0.0080833435 -0.009987146
1 0 0 0 1 0 0 0 1 0.02464962 0.019464016 0.030325651
1 0 0 0 1 0 0 0 1 -0.0033261776 0.022928238 0.0010381937
1 0 0 0 1 0 0 0 1 0.015481353 -0.01154995 -0.024366558
1 0 0 0 1 0 0 0 1 0.010706425 -0.0022542477 0.0029060543
-0.48574907 -0.23410293 0.84216595 -0.8728663 0.1810467 -0.45312965 -0.04639232 -0.95520556 -0.29228377 -3.0519376 0.31390083 2.8472807
1 0 0 0 1 0 0 0 1 -0.0041484833 0.07279205 0.0654037
1 0 0 0 1 0 0 0 1 0.0044079944 0.006433487 -0.014150061
1 0 0 0 1 0 0 0 1 0.009509802 0.013158798 0.0054101944
1 0 0 0 1 0 0 0 1 -0.00092417747 0.014586449 0.027054787
1 0 0 0 1 0 0 0 1 0.022303104 -0.011761546 0.013418317
1 0 0 0 1 0 0 0 1 -0.038028717 -0.056266546 -0.03557372
1 0 0 0 1 0 0 0 1 0.03982258 0.022632599 0.040943664
1 0 0 0 1 0 0 0 1 -0.032443523 0.029111862 -0.029157758
1 0 0 0 1 0 0 0 1 -0.00086569786 -0.01027298 -0.026825875
1 0 0 0 1 0 0 0 1 -0.010880232 -0.002913475 -0.01572299
1 0 0 0 1 0 0 0 1 0.0017896891 0.0030460358 0.0029289722
1 0 0 0 1 0 0 0 1 0.020006657 -0.018786281 -0.00643301
1 0 0 0 1 0 0 0 1 0.0840016 0.03709984 -0.027312279
1 0 0 0 1 0 0 0 1 -0.0012754749 -0.0028953552 -0.003460288
1 0 0 0 1 0 0 0 1 -0.43246603 -0.11956501 0.0053310394
1 0 0 0 1 0 0 0 1 0.007331133 -0.038098156 -0.059440494
1 0 0 0 1 0 0 0 1 0.020153165 0.022165298 0.028014064
1 0 0 0 1 0 0 0 1 0.007919431 0.013820648 -0.0155828595
1 0 0 0 1 0 0 0 1 -0.0032827854 -0.018557489 -0.018995285
1 0 0 0 1 0 0 0 1 0.00967294 0.0066537857 0.019141838
1 0 0 0 1 0 0 0 1 0.023141384 0.012008667 -0.012331963
1 0 0 0 1 0 0 0 1 0.003571391 -0.02546668 -0.011876106
1 0 0 0 1 0 0 0 1 -0.16379976 0.1173563 -0.025050819
1 0 0 0 1 0 0 0 1 0.01294589 -0.010123253 0.005587101
1 0 0 0 1 0 0 0 1 -0.0013117194 0.016252518 -0.015681148
1 0 0 0 1 0 0 0 1 0.009494662 0.02311325 0.014205933
1 0 0 0 1 0 0 0 1 -0.0012711287 -0.019391537 0.017671406
1 0 0 0 1 0 0 0 1 -0.46235365 0.013097763 0.12734365
1 0 0 0 1 0 0 0 1 0.020716906 -0.0049185753 0.003143549
1 0 0 0 1 0 0 0 1 0.031101942 0.04261017 0.0063139796
1 0 0 0 1 0 0 0 1 0.014057934 0.0015232563 0.020869106
0.08894248 0.97704816 -0.19356146 -0.905868 -0.0014475733 -0.42355743 -0.41411617 0.21301335 0.8849479 -6.497612 11.477667 -0.7753159
1 0 0 0 1 0 0 0 1 0.003139913 -2.7656555E-05 0.017956853
0.99151516 -0.09464666 -0.089104325 0.09550821 0.99541384 0.0054474473 0.088180125 -0.01391132 0.99600744 0.3236258 -0.14879632 -0.10316837
1 0 0 0 1 0 0 0 1 -0.43617165 0.029743195 0.1277976
1 0 0 0 1 0 0 0 1 -0.24985075 0.0073661804 -0.029726923
1 0 0 0 1 0 0 0 1 -0.07963896 0.03400898 -0.03415382
-0.2169575 0.69628906 -0.68418646 -0.06407456 -0.70952684 -0.70175946 -0.9740761 -0.10841307 0.19855161 -9.425745 20.279295 0.33052096
1 0 0 0 1 0 0 0 1 0.014612913 0.013543129 -0.023005962
1 0 0 0 1 0 0 0 1 -0.006887436 -0.039610922 -0.01636362
1 0 0 0 1 0 0 0 1 0.051516533 0.021158218 0.07352799
1 0 0 0 1 0 0 0 1 0.0339911 -0.0357126 0.0037591457
1 0 0 0 1 0 0 0 1 0.012690663 -0.006770134 0.012438774
1 0 0 0 1 0 0 0 1 0.027105808 0.029036522 0.016000241
1 0 0 0 1 0 0 0 1 0.015957892 0.014857292 0.030038357
1 0 0 0 1 0 0 0 1 0.019152999 -0.011768341 0.014678627
1 0 0 0 1 0 0 0 1 -0.0011751074 0.00026607513 0.026194334
1 0 0 0 1 0 0 0 1 0.01338768 -0.0028944016 -0.0017517805
1 0 0 0 1 0 0 0 1 0.001188755 0.007376671 0.005937338
1 0 0 0 1 0 0 0 1 -0.11803675 -0.19376183 -0.10784614
0.99868536 0.04499215 0.024557697 -0.03973876 0.9822214 -0.18347238 -0.032375798 0.18225522 0.9827182 -0.19618231 0.21573615 -0.66869426
0.9976095 0.06667532 0.0181657 -0.06640154 0.9976759 -0.015279122 -0.0191423 0.01403629 0.99971825 -0.5463575 0.0015230179 -0.13282037
1 0 0 0 1 0 0 0 1 -0.00134027 0.020397186 -0.009066343
1 0 0 0 1 0 0 0 1 0.018579364 0.023488998 -0.03366089
1 0 0 0 1 0 0 0 1 -0.42377257 0.0038204193 0.14090729
1 0 0 0 1 0 0 0 1 0.035893768 0.0045547485 0.024416804
1 0 0 0 1 0 0 0 1 -0.0021243095 -0.062217236 0.008259773
1 0 0 0 1 0 0 0 1 0.0010130405 0.0112633705 0.01948452
1 0 0 0 1 0 0 0 1 0.0058229566 0.010853767 0.012259901
1 0 0 0 1 0 0 0 1 0.013539791 -0.008827686 -0.0067052543
1 0 0 0 1 0 0 0 1 -0.21700716 -0.021733284 0.01688242
1 0 0 0 1 0 0 0 1 0.024418116 -0.032348156 0.012770176
1 0 0 0 1 0 0 0 1 -0.012539983 -0.14058685 -0.010085106
1 0 0 0 1 0 0 0 1 0.0035039186 0.021811485 0.011660337
1 0 0 0 1 0 0 0 1 0.01821804 -0.008616149 0.0065028667
1 0 0 0 1 0 0 0 1 0.011032343 -0.031445503 -0.013782842
1 0 0 0 1 0 0 0 1 0.0080189705 0.030228615 0.008181334
1 0 0 0 1 0 0 0 1 0.023284912 0.0073127747 -0.039376557
1 0 0 0 1 0 0 0 1 -0.287529 -0.13005829 -0.004189968
1 0 0 0 1 0 0 0 1 0.040111274 0.01223278 -0.0036896467
1 0 0 0 1 0 0 0 1 0.016472459 -0.020821571 -0.020468354
1 0 0 0 1 0 0 0 1 -0.011779308 -0.020023346 -0.012851387
1 0 0 0 1 0 0 0 1 0.019378424 0.015082836 0.013308525
1 0 0 0 1 0 0 0 1 0.019065171 0.0108881 0.05312991
1 0 0 0 1 0 0 0 1 0.015719175 -0.0022964478 0.0066993237
1 0 0 0 1 0 0 0 1 0.0102620125 -0.065769196 0.014699876
1 0 0 0 1 0 0 0 1 0.019556522 0.0030255169 -0.0005108118
1 0 0 0 1 0 0 0 1 0.032554403 -0.01102066 -0.029025316
1 0 0 0 1 0 0 0 1 0.014690101 -0.0156030655 0.0114393085
1 0 0 0 1 0 0 0 1 0.02117446 -0.019310951 0.01475054
1 0 0 0 1 0 0 0 1 0.0107037425 -0.011528969 0.012837768
1 0 0 0 1 0 0 0 1 0.013920307 0.00084114075 0.013722897
1 0 0 0 1 0 0 0 1 0.052944183 0.0698185 -0.043502867
1 0 0 0 1 0 0 0 1 0.0064167976 -0.0035104752 -0.017015219
1 0 0 0 1 0 0 0 1 -0.0003194809 -0.005469322 0.02757299
1 0 0 0 1 0 0 0 1 0.010006666 0.016289234 0.033237472
1 0 0 0 1 0 0 0 1 0.044772625 0.0400362 -0.0006315708
1 0 0 0 1 0 0 0 1 0.007899761 -0.0010595322 0.015212432
1 0 0 0 1 0 0 0 1 0.027521968 -0.01581192 -0.011908673
1 0 0 0 1 0 0 0 1 0.02060008 0.020522118 0.015648603
1 0 0 0 1 0 0 0 1 -9.703636E-05 -0.0052423477 -0.0029137135
1 0 0 0 1 0 0 0 1 -0.009397745 0.02135086 -0.014085621
1 0 0 0 1 0 0 0 1 0.016936779 -2.9563904E-05 0.0007993579
1 0 0 0 1 0 0 0 1 0.0014259815 0.01569271 0.015721247
1 0 0 0 1 0 0 0 1 0.021623015 0.010320663 -0.03101027
1 0 0 0 1 0 0 0 1 -0.01002121 0.0062561035 -0.015959442
1 0 0 0 1 0 0 0 1 -0.09026909 -0.020868301 -0.11042583
1 0 0 0 1 0 0 0 1 0.06818056 0.06064415 0.012250006
1 0 0 0 1 0 0 0 1 -0.017065287 -0.01335907 -0.0037603378
1 0 0 0 1 0 0 0 1 0.019402146 0.008107185 0.018418014
1 0 0 0 1 0 0 0 1 0.006516814 0.021561623 0.02141118
1 0 0 0 1 0 0 0 1 -0.00055491924 0.008500099 0.010783114
1 0 0 0 1 0 0 0 1 0.0093925 -0.015396595 -0.015255809
1 0 0 0 1 0 0 0 1 0.00856334 -0.016233444 0.0035619438
1 0 0 0 1 0 0 0 1 0.015952349 -0.015784264 -0.000472188
1 0 0 0 1 0 0 0 1 0.020306349 0.00901413 0.021286905
1 0 0 0 1 0 0 0 1 0.014897406 0.00578022 0.012507677
1 0 0 0 1 0 0 0 1 -0.011377573 -0.007771492 0.0076100826
1 0 0 0 1 0 0 0 1 -0.32085967 -0.046133995 -0.042212486
1 0 0 0 1 0 0 0 1 -0.009407997 0.009884357 0.004493177
1 0 0 0 1 0 0 0 1 0.014911175 -0.005604744 -0.03077364
0.9893339 -0.1401628 0.039655596 0.14198473 0.98872244 -0.04761985 -0.032534033 0.05274239 0.99807805 1.0630169 -0.2123785 -0.30014816
1 0 0 0 1 0 0 0 1 0.0028823614 -0.009488583 0.005700469
1 0 0 0 1 0 0 0 1 0.008318424 0.0009031296 -0.021315098
1 0 0 0 1 0 0 0 1 0.014158726 -0.00024223328 -0.002082467
1 0 0 0 1 0 0 0 1 -0.01706767 -0.03652692 -0.029194236
1 0 0 0 1 0 0 0 1 0.0030565262 0.008893967 -0.03172648
1 0 0 0 1 0 0 0 1 0.018386722 -0.0043706894 0.019584894
1 0 0 0 1 0 0 0 1 -0.18233919 0.030652046 0.04514718
1 0 0 0 1 0 0 0 1 -0.0420115 -0.0051441193 -0.07144058
1 0 0 0 1 0 0 0 1 0.016299129 0.000579834 -0.011942029
1 0 0 0 1 0 0 0 1 0.0068559647 0.02513504 -0.030997157
1 0 0 0 1 0 0 0 1 0.012843341 0.016438484 0.00122118
1 0 0 0 1 0 0 0 1 0.020589948 -0.0043678284 0.0010316372
1 0 0 0 1 0 0 0 1 -0.00032520294 -0.009000301 -0.0024724007
1 0 0 0 1 0 0 0 1 0.018179893 0.007953644 0.01101768
1 0 0 0 1 0 0 0 1 0.015067577 0.0020666122 0.009792566
1 0 0 0 1 0 0 0 1 0.015055314 -0.014619827 -0.028285742
1 0 0 0 1 0 0 0 1 0.014519215 -0.038214207 -0.008088008
1 0 0 0 1 0 0 0 1 0.0023410916 0.0048599243 0.008672833
1 0 0 0 1 0 0 0 1 0.043337584 -0.0077939034 -0.0076260567
0.9991251 0.0029889792 0.04171309 -0.006471917 0.9964772 0.0836155 -0.04131618 -0.08381228 0.9956247 -0.015203267 0.058605194 1.0943197
1 0 0 0 1 0 0 0 1 -0.008899689 0.0030765533 -0.020511746
1 0 0 0 1 0 0 0 1 -0.005233288 -0.011454582 0.017642021
1 0 0 0 1 0 0 0 1 -0.0007445812 -0.010188341 0.0054397583
1 0 0 0 1 0 0 0 1 0.008750737 -0.0024728775 0.013246536
0.24117902 -0.25410104 -0.93662447 -0.07080896 0.95793414 -0.27811542 0.9678939 0.13339704 0.21304098 2.1087413 0.60920906 1.2914956
1 0 0 0 1 0 0 0 1 -0.28121567 -0.00053453445 -0.03698778
1 0 0 0 1 0 0 0 1 0.05598855 -0.014761806 0.031326234
1 0 0 0 1 0 0 0 1 0.0069152415 0.022102356 -0.015573025
1 0 0 0 1 0 0 0 1 -0.017148495 -0.04818344 -0.055930138
1 0 0 0 1 0 0 0 1 0.022143006 -0.014503956 0.019874096
1 0 0 0 1 0 0 0 1 0.0045422316 -0.0005970001 -0.021934986
1 0 0 0 1 0 0 0 1 0.013912691 -0.009840488 0.007454723
1 0 0 0 1 0 0 0 1 0.0153108835 -0.02934742 0.010122478
1 0 0 0 1 0 0 0 1 -0.02356267 0.024857521 -0.04074192
1 0 0 0 1 0 0 0 1 -0.0024021864 0.014429092 0.0008113384
1 0 0 0 1 0 0 0 1 0.006464362 -0.028617859 -0.0024062097
1 0 0 0 1 0 0 0 1 -0.00058075786 -0.056552887 0.048606813
1 0 0 0 1 0 0 0 1 0.054843187 0.0797596 0.040473446
1 0 0 0 1 0 0 0 1 0.017471552 0.009463644 -0.013507143
1 0 0 0 1 0 0 0 1 0.021755934 0.008262634 -0.00861311
1 0 0 0 1 0 0 0 1 -0.003140688 0.014627457 0.018353105
1 0 0 0 1 0 0 0 1 0.008391917 -0.00634861 0.0064424276
1 0 0 0 1 0 0 0 1 0.00469923 -6.866455E-05 0.0023539066
1 0 0 0 1 0 0 0 1 -0.38108087 -0.0026931763 0.1731286
1 0 0 0 1 0 0 0 1 0.018325448 0.011191368 0.034540415
1 0 0 0 1 0 0 0 1 -0.0025283098 0.008719444 0.0061579943
1 0 0 0 1 0 0 0 1 0.00094372034 0.021183014 0.018944144
1 0 0 0 1 0 0 0 1 0.015590906 -0.0076494217 0.009427547
1 0 0 0 1 0 0 0 1 0.00062036514 -0.019983292 -0.011832714
1 0 0 0 1 0 0 0 1 -0.053443313 -0.008556366 0.004745722
1 0 0 0 1 0 0 0 1 0.03247714 0.0012512207 0.008576155
1 0 0 0 1 0 0 0 1 0.004231319 -0.011362076 -0.041950524
-0.17863493 -0.8084752 0.5607651 -0.25716263 -0.51175696 -0.819739 0.9497142 -0.2906418 -0.116491795 5.423269 15.275177 5.5317183
1 0 0 0 1 0 0 0 1 0.011237502 -0.0005788803 0.013984561
1 0 0 0 1 0 0 0 1 0.009192705 -0.013258219 0.020037748
1 0 0 0 1 0 0 0 1 -0.010468125 -0.02277565 0.015195012
1 0 0 0 1 0 0 0 1 0.006877184 0.03649342 0.009593487
1 0 0 0 1 0 0 0 1 0.00724411 0.011014938 -0.020802379
1 0 0 0 1 0 0 0 1 -0.34414887 -0.013505936 0.071958065
1 0 0 0 1 0 0 0 1 -0.3795104 0.006829262 0.16623974
1 0 0 0 1 0 0 0 1 -0.062274516 0.060920715 -0.05471182
1 0 0 0 1 0 0 0 1 0.0069155693 -0.007191658 0.022546053
1 0 0 0 1 0 0 0 1 0.0043786764 -0.004799366 0.025670707
1 0 0 0 1 0 0 0 1 0.0055441856 0.00968647 -0.009161979
1 0 0 0 1 0 0 0 1 0.014378071 -0.0074710846 -0.0007212162
1 0 0 0 1 0 0 0 1 0.02916643 0.02864647 -0.037632823
1 0 0 0 1 0 0 0 1 -0.008289263 -0.02563095 -0.021918178
1 0 0 0 1 0 0 0 1 0.0024988651 0.023947716 0.0126104355
1 0 0 0 1 0 0 0 1 0.020951748 0.0032589436 -0.007792473
1 0 0 0 1 0 0 0 1 0.04577005 0.00579834 -0.007612109
1 0 0 0 1 0 0 0 1 0.014347553 0.018285751 0.0047411323
1 0 0 0 1 0 0 0 1 -0.39359093 -0.050925255 0.07823944
0.9888724 0.08900178 -0.119205944 -0.046499114 0.9460658 0.32062045 0.14131239 -0.31150967 0.93967676 -0.56950057 -0.087491035 2.9088674
1 0 0 0 1 0 0 0 1 -0.012861222 0.0009365082 0.012155026
1 0 0 0 1 0 0 0 1 -0.020185709 -0.0053920746 -0.020586252
1 0 0 0 1 0 0 0 1 0.009002924 -0.003194809 -0.009117752
1 0 0 0 1 0 0 0 1 0.02812767 -0.0533545 -0.0117890835
1 0 0 0 1 0 0 0 1 0.009850025 -0.012796402 -0.0023294091
1 0 0 0 1 0 0 0 1 -0.016202658 0.011089325 -0.0003825426
1 0 0 0 1 0 0 0 1 0.028811812 -0.01616478 0.018074103
1 0 0 0 1 0 0 0 1 -0.26605344 -0.055838585 0.10441828
1 0 0 0 1 0 0 0 1 -0.0025321245 -0.011310577 -0.023797184
0.07459094 0.23857135 -0.96825624 0.9972107 -0.020397598 0.0717958 -0.0026215725 -0.97091085 -0.23942733 -0.81434715 3.154558 2.8828182
1 0 0 0 1 0 0 0 1 -0.0059654713 -0.017196178 -0.04577452
1 0 0 0 1 0 0 0 1 -0.07502508 0.07733345 -0.04908222
1 0 0 0 1 0 0 0 1 0.013896465 0.007253647 0.017828226
1 0 0 0 1 0 0 0 1 0.02031529 0.009567261 -0.004311681
1 0 0 0 1 0 0 0 1 0.009127259 0.008350372 -0.015574694
1 0 0 0 1 0 0 0 1 -0.1759305 0.058664322 -0.008472919
1 0 0 0 1 0 0 0 1 0.01416707 0.0064258575 -0.015287995
1 0 0 0 1 0 0 0 1 -0.0013754368 0.022996902 -0.018674374
1 0 0 0 1 0 0 0 1 -0.0146873 -0.19609427 0.012160659
1 0 0 0 1 0 0 0 1 0.007315874 -0.048768997 -0.0014728308
1 0 0 0 1 0 0 0 1 0.015462637 0.011367798 -0.0028264523
1 0 0 0 1 0 0 0 1 0.008214831 0.0036182404 0.021969318
0.3935683 0.883985 0.2523377 -0.9078096 0.4169775 -0.044847514 -0.1448637 -0.21142398 0.9665993 -2.5420752 3.2146816 0.9815295
1 0 0 0 1 0 0 0 1 0.008780956 0.029697895 0.00977993
1 0 0 0 1 0 0 0 1 -0.02272026 0.003862381 -0.00940156
1 0 0 0 1 0 0 0 1 -0.36839902 0.027445793 0.1285901
1 0 0 0 1 0 0 0 1 0.017323494 -0.0230155 -0.013440132
1 0 0 0 1 0 0 0 1 -0.0055942535 0.0030117035 0.0041743517
1 0 0 0 1 0 0 0 1 0.0045820475 0.008443832 -0.019568682
1 0 0 0 1 0 0 0 1 -0.033899784 -0.04836607 -0.032761335
1 0 0 0 1 0 0 0 1 0.009986877 0.015533447 -0.009452105
1 0 0 0 1 0 0 0 1 0.015669346 -0.0126543045 -0.004698217
1 0 0 0 1 0 0 0 1 -0.014055431 -0.02368164 -0.015657902
1 0 0 0 1 0 0 0 1 0.014197588 -0.0018720031 0.00024938583
1 0 0 0 1 0 0 0 1 0.0013952255 0.0110993385 -0.0032764673
1 0 0 0 1 0 0 0 1 0.0009787083 -0.00020313263 8.98242E-05
1 0 0 0 1 0 0 0 1 -0.27983952 -0.024978638 -0.004152775
1 0 0 0 1 0 0 0 1 0.025316477 -0.019964576 -0.0186072
-0.57351947 -0.6084359 0.5485261 -0.8179438 0.38837272 -0.42442265 0.045201533 -0.69207823 -0.7204057 -0.89399064 0.93369865 3.487938
1 0 0 0 1 0 0 0 1 0.02062416 0.0077590942 0.012851477
0.99996525 0.0077040493 0.0032191724 -0.00757429 0.99922866 -0.038532674 -0.0035135373 0.038506895 0.9992522 -0.023767054 0.047728777 -0.14524817
1 0 0 0 1 0 0 0 1 0.0135912895 -0.0026418925 0.010380864
