0.99674964 -0.0805605 -0.0005889535 0.07879322 0.9763547 -0.20130403 0.016792137 0.20060314 0.9795287 0.8448222 0.20114899 -2.1120265
0.95151114 -0.2952047 0.086492024 0.307608 0.9112712 -0.27379164 0.0020070523 0.28712142 0.9578921 0.28898036 -0.012008309 -0.28419918
1 0 0 0 1 0 0 0 1 0.009495497 -0.009979248 -0.0018669367
0.025269317 0.7750852 -0.63135123 0.22586423 -0.6196488 -0.7516787 -0.9738309 -0.123605266 -0.19072211 -9.096031 15.176435 -0.93424916
0.7616028 0.627748 0.16091487 -0.6475862 0.7465607 0.1525758 -0.024353713 -0.22040841 0.97510356 -2.2747865 1.555939 0.8939525
1 0 0 0 1 0 0 0 1 0.008749723 -0.016878128 0.0071792006
0.99976313 0.020216845 0.0079956055 -0.020027421 0.999532 -0.023108602 -0.008458793 0.02294293 0.9997007 -0.14667815 -0.0628171 -0.17856479
1 0 0 0 1 0 0 0 1 0.0020976067 0.031647682 0.0027288795
1 0 0 0 1 0 0 0 1 0.01304388 -0.009336472 -0.026383996
0.8181956 -0.45702437 0.34883305 0.36756015 -0.05075245 -0.9286139 0.44210327 0.88800496 0.1264585 1.330513 2.970554 -2.5488005
0.9991759 -0.038415223 0.013092458 0.03888026 0.9985455 -0.03734821 -0.011638597 0.03782651 0.99921644 0.21615332 0.044898033 -0.24510217
1 0 0 0 1 0 0 0 1 0.0033529997 0.008226395 0.012246728
1 0 0 0 1 0 0 0 1 0.008031845 0.01035881 0.00035977364
1 0 0 0 1 0 0 0 1 -0.016444683 0.0033769608 0.008504391
0.080087006 -0.7805836 0.61989933 0.24557239 -0.5872776 -0.7712325 0.96606433 0.21399583 0.14465642 5.040229 17.254585 0.9952508
0.9996996 0.020847455 -0.012897231 -0.020735696 0.9997468 0.008733511 0.013075985 -0.0084632635 0.9998788 -0.04579842 0.03183651 -0.0020344853
0.99673414 -0.036330752 -0.07211995 0.03503813 0.9992033 -0.019108579 0.07275659 0.016519085 0.997213 -0.0030709505 -0.038764477 -0.106313705
0.9921036 -0.10001536 -0.07567987 0.09945756 0.9949796 -0.011111736 0.07641117 0.0034971833 0.9970702 1.0782177 0.16644669 0.05231428
0.2708737 0.88861895 -0.37011343 -0.9617153 0.26643747 -0.06414783 0.041609075 0.3733197 0.9267693 2.2986765 1.8476963 0.12101036
0.99969804 0.0023145676 0.024464399 -0.00028565526 0.9965813 -0.08261692 -0.024572015 0.08258505 0.996281 -0.04532458 0.08762193 -0.30880377
1 0 0 0 1 0 0 0 1 0.113343716 0.17818975 -0.22089183
1 0 0 0 1 0 0 0 1 0.020920992 -0.02835083 -0.017815828
1 0 0 0 1 0 0 0 1 0.027906537 0.076649666 0.037687063
1 0 0 0 1 0 0 0 1 0.007854581 0.00044631958 -0.004557371
-0.5382467 -0.25694013 0.80266595 0.49667272 0.6727333 0.54840326 -0.68088686 0.69383836 -0.23448125 2.8427005 0.88069534 -2.2974365
0.98050493 0.16399966 -0.108233094 -0.11710813 0.93003184 0.34831953 0.15778461 -0.32885396 0.93110645 -0.87203 0.38263607 1.7835746
0.99883276 -0.031960845 -0.03620953 0.031722754 0.99947107 -0.0071324855 0.036418326 0.0059757233 0.9993185 0.106731236 -0.00080013275 -0.035623312
0.9996949 0.018061563 0.016857222 -0.018298268 0.99973464 0.013988614 -0.016600095 -0.014292866 0.99976 -0.08833814 0.0014948845 0.0619812
1 0 0 0 1 0 0 0 1 0.018171236 0.001367569 0.0038927346
0.99928904 -0.026228815 0.027081715 0.027708441 0.9980576 -0.05579744 -0.025565654 0.05650825 0.99807465 0.24241328 0.14314175 -0.58708906
1 0 0 0 1 0 0 0 1 -0.009988785 0.028424263 0.002145648
-0.22895157 0.8779113 -0.4205388 0.046915174 -0.42156035 -0.9055858 -0.9723066 -0.22706497 0.055329423 -2.9776545 7.723861 2.7028883
-0.061307564 -0.87331074 -0.48329073 0.45236772 -0.4559279 0.76648104 -0.8897218 -0.17163397 0.42300934 4.652815 6.981483 1.1557543
0.9085982 -0.22390094 0.35258716 0.34421253 0.8795564 -0.32847843 -0.23657358 0.41981977 0.87623286 1.3744277 1.2636628 -3.1162624
0.95909524 0.0250509 0.2819727 -0.08278948 0.97734904 0.19476885 -0.2707066 -0.21014622 0.9394448 -0.14720058 0.030008256 0.7526592
1 0 0 0 1 0 0 0 1 0.01448071 -0.018095016 -0.023953438
1 0 0 0 1 0 0 0 1 -0.018786192 0.00581789 -0.0011835098
0.99983394 0.0023504794 -0.018072605 -0.0025894195 0.99990964 -0.013198197 0.018039942 0.013242796 0.9997496 0.009893298 0.026865005 -0.030972123
0.93985224 0.13082483 -0.31553578 -0.011005923 0.93486816 0.35482472 0.34140426 -0.33000958 0.8800777 1.0880904 -0.67736244 -1.9605156
0.9992395 -0.0037301183 0.038815677 0.0031667352 0.9998889 0.014567705 -0.038865708 -0.014433822 0.9991401 -0.015470624 0.006239414 0.03817913
0.9994192 0.033748716 -0.004696518 -0.03364536 0.9992221 0.020563409 0.00538674 -0.020393208 0.9997774 -0.09026289 0.033694744 0.058992386
1 0 0 0 1 0 0 0 1 -0.022693157 -0.005033493 0.010882378
0.9999459 0.0074957386 -0.007218063 -0.0077157766 0.99949145 -0.030939981 0.0069823563 0.030993812 0.9994951 -0.04960358 0.035868645 -0.25420475
1 0 0 0 1 0 0 0 1 -0.0013329983 0.013756752 0.0011082888
1 0 0 0 1 0 0 0 1 0.011915565 0.022242546 0.00043052807
1 0 0 0 1 0 0 0 1 -0.017831087 0.0023941994 0.010879874
0.99887544 0.0472839 0.0035066307 -0.04711156 0.99812776 -0.039005473 -0.005344391 0.03879653 0.9992329 -0.516178 0.004091263 -0.43493527
0.99951893 0.023167402 -0.020614468 -0.02337128 0.9996798 -0.009706818 0.02038303 0.010183863 0.99974036 -0.16021293 0.006052494 -0.07155883
0.99481654 0.040678013 0.09319535 -0.03507091 0.9975194 -0.061032355 -0.0954469 0.057447642 0.9937756 -0.24424946 0.11739445 -0.1265949
-0.99708873 0.008078324 0.07581888 -0.0035059815 -0.99817723 0.060247313 0.076167464 0.059806168 0.9952999 -1.9539566 10.833721 -0.25593555
1 0 0 0 1 0 0 0 1 -0.03177333 0.007045746 0.016571045
0.99985665 0.011287034 0.012644142 -0.0113267 0.99993134 0.0030780733 -0.012608498 -0.0032208562 0.9999155 -0.15529564 -0.0072021484 0.03944826
0.9990951 0.0423823 -0.0035893917 -0.042478353 0.99854386 -0.033250928 0.002174735 0.033373326 0.9994406 -0.3423034 0.10112095 -0.28524077
0.9632368 -0.26865292 -0.00039169937 0.2686345 0.9631522 0.013165578 -0.0031596944 -0.012786955 0.9999131 2.5900545 0.9930916 0.12378296
0.9997849 -0.020365417 0.003918797 0.020213515 0.9991641 0.035529077 -0.0046390593 -0.035442293 0.999361 0.20701122 -0.008208275 0.34528407
1 0 0 0 1 0 0 0 1 -0.031486154 -0.0008621216 0.01985228
0.99857056 0.053416252 -0.0017496049 -0.053442642 0.9976887 -0.04196623 -0.00049585104 0.041999668 0.9991175 -0.2169314 0.06011629 -0.16786861
1 0 0 0 1 0 0 0 1 -0.0035090446 -0.048960924 0.005277753
1 0 0 0 1 0 0 0 1 0.0017969608 -0.008478165 0.0035440922
1 0 0 0 1 0 0 0 1 -2.5570393E-05 0.020780563 -0.00037169456
1 0 0 0 1 0 0 0 1 -0.006728649 -0.07050514 -0.0079751015
0.9814148 0.06996339 -0.17869002 -0.09603357 0.9852423 -0.14168565 0.16614029 0.15621272 0.97365034 -0.2706337 0.15771627 -0.8125992
-0.33627284 -0.9122311 0.23399796 0.6376728 -0.40339553 -0.6562359 0.6930325 -0.07146019 0.71735597 3.598926 6.788788 0.6555856
1 0 0 0 1 0 0 0 1 0.011134028 -0.0082092285 0.014677942
0.99966437 -0.0059074415 0.025225379 0.005946155 0.99998116 -0.0014581103 -0.025216281 0.0016076304 0.99968076 0.06581485 0.0064373016 -0.030931532
1 0 0 0 1 0 0 0 1 0.00022363663 -0.006664276 0.0048261285
1 0 0 0 1 0 0 0 1 0.0006132126 0.0059366226 -0.003751278
1 0 0 0 1 0 0 0 1 -0.0041599274 -0.0031147003 0.0029568672
1 0 0 0 1 0 0 0 1 0.018640041 0.006136894 0.0008172989
0.9929009 0.112813644 0.037697554 -0.114439815 0.99244714 0.04418849 -0.032427877 -0.04818891 0.9983118 -0.115709424 0.19291317 0.102566004
0.9999716 0.003530383 -0.0066592693 -0.0033714697 0.99971265 0.023729704 0.0067410767 -0.023706608 0.9996962 -0.02810812 -0.013832092 0.22018576
-0.0530186 0.8978977 -0.43699938 0.7964544 -0.22595477 -0.5608961 -0.60236955 -0.37778813 -0.7031551 -8.064667 11.783457 4.641468
0.9916109 0.088722706 0.09400092 -0.089022726 0.9960292 -0.0010038763 -0.09371664 -0.0073729157 0.9955716 -0.97447604 0.096076965 0.1482929
1 0 0 0 1 0 0 0 1 -0.0050270557 -0.043572187 -0.0028066635
0.9998191 -0.0071151853 -0.017644852 0.0069042146 0.9999043 -0.011986792 0.017728537 0.011862796 0.9997724 0.02180636 0.0026750565 -0.05434203
0.99989706 -0.012607068 -0.006842375 0.012704477 0.99981594 0.014374852 0.006659895 -0.014460266 0.9998733 0.023611188 -0.01654768 0.015648723
-0.32366964 0.63598156 -0.7005464 0.10261801 -0.7124388 -0.69419014 -0.94058895 -0.29657686 0.1653317 -0.88889223 4.426175 1.308647
-0.18069306 0.49022067 0.8526627 -0.9824444 -0.13085955 -0.13296092 0.0463989 -0.8617189 0.50526005 -0.22420526 9.452663 5.5309114
0.99928325 -0.031428695 -0.02110304 0.031939685 0.99919367 0.024322331 0.02032166 -0.024978796 0.9994814 0.1481781 0.024581432 0.15085351
1 0 0 0 1 0 0 0 1 -0.0011249781 -0.023700625 0.0012464523
0.9942297 -0.0245637 0.10442336 0.017101176 0.9972749 0.07176563 -0.10590163 -0.06956574 0.99194014 -0.037120223 -0.055350065 0.24919635
0.99467534 -0.045791563 -0.09232619 0.053483874 0.9951431 0.08264187 0.088093616 -0.08713998 0.9922935 0.037182093 0.057241976 0.19453907
0.9994235 -0.033949573 -0.00026116148 0.033901837 0.9983709 -0.045893595 0.0018187948 0.04585825 0.99894637 0.17904952 -0.004319668 -0.2639671
0.67621845 0.66314274 0.32088977 0.16773427 0.28554592 -0.9435724 -0.71735185 0.69188535 0.08185965 -3.7309527 2.262465 -7.500247
1 0 0 0 1 0 0 0 1 0.006705761 0.008195877 -0.0023758411
1 0 0 0 1 0 0 0 1 -0.039455295 0.07481122 -0.047063768
1 0 0 0 1 0 0 0 1 -0.016925216 0.015978813 -0.00086802244
0.9983291 0.05644566 0.012374878 -0.056159884 0.9981722 -0.022324353 -0.0136123 0.02159229 0.9996742 -0.47233677 0.13969898 -0.15468687
1 0 0 0 1 0 0 0 1 0.0032732487 -0.0066566467 -0.006192686
1 0 0 0 1 0 0 0 1 0.005088091 0.014220476 0.008629143
0.9951929 0.097070396 0.012974203 -0.09762162 0.9938449 0.052366257 -0.0078111887 -0.053381205 0.9985436 -0.75352204 0.14826918 0.4112363
1 0 0 0 1 0 0 0 1 0.025616646 -0.023357391 0.014093161
1 0 0 0 1 0 0 0 1 0.023628771 0.001001358 0.0051050186
1 0 0 0 1 0 0 0 1 0.002608776 -0.032832146 0.08706242
0.9899957 0.13219889 -0.049313307 -0.12004871 0.97283775 0.19792746 0.07413956 -0.19002722 0.9789755 -0.3425504 -0.11405945 0.57341945
-0.6643013 -0.119946085 0.73777837 -0.47528905 0.82957983 -0.29308283 -0.5768919 -0.5453533 -0.6081 1.0330045 0.66180515 1.725611
1 0 0 0 1 0 0 0 1 0.020180821 -0.0007610321 0.0018371046
0.1014888 0.52156436 -0.84715456 0.6852657 0.5806645 0.43959007 0.721187 -0.6251394 -0.2984792 -6.408647 5.194971 8.197476
0.9993281 -0.033269644 0.015375957 0.03407219 0.9978899 -0.055271998 -0.013504595 0.055758506 0.9983528 0.09869963 -0.025092602 -0.18221772
1 0 0 0 1 0 0 0 1 -0.03450656 -0.0046749115 -0.0036309958
0.9976778 -0.059982106 -0.032267816 0.05975078 0.99818075 -0.008083126 0.03269404 0.006136153 0.99944663 0.3491947 0.028889656 -0.032422543
1 0 0 0 1 0 0 0 1 -0.014084816 -0.010622501 -0.00059890747
1 0 0 0 1 0 0 0 1 0.02352009 -0.009742737 0.0038998127
1 0 0 0 1 0 0 0 1 0.056307495 0.019205093 -0.032402247
1 0 0 0 1 0 0 0 1 0.014148116 -0.010158539 -0.0006492138
0.5795983 -0.72430265 -0.37343198 0.21191159 0.5764529 -0.7891739 0.7868667 0.3782694 0.48759928 0.2006805 1.7835047 1.9922667
0.79264605 -0.41500312 0.44663692 0.385827 0.90866464 0.15958007 -0.4720694 0.045834117 0.880369 0.4447441 0.5616803 -0.6572168
0.99779856 -0.037539862 -0.054668877 0.03827748 0.999189 0.012508884 0.054154877 -0.01457376 0.99842614 0.35796827 0.027359962 0.19313802
1 0 0 0 1 0 0 0 1 -0.007012844 0.008667946 0.0026091672
1 0 0 0 1 0 0 0 1 0.04292941 -0.024709702 0.0020105839
1 0 0 0 1 0 0 0 1 0.003257513 -0.004256159 -0.020238638
1 0 0 0 1 0 0 0 1 0.011492968 -0.017155647 0.01236099
0.99737144 0.07239884 -0.0028911345 -0.0723598 0.9973075 0.011899188 0.0037448388 -0.011658713 0.9999249 -0.598105 -0.050183296 0.10454272
0.43558764 -0.3303143 -0.8373506 0.6514325 0.7576512 0.03999871 0.6212077 -0.56290025 0.54520106 3.185934 0.6379237 2.8936584
0.9977091 0.05733037 -0.035912193 -0.059158742 0.99688774 -0.05210556 0.032813188 0.054110788 0.9979958 -0.3184899 0.1524806 -0.3728392
0.9954371 0.09027058 0.030924067 -0.0927434 0.9915192 0.09103909 -0.022443667 -0.093491584 0.99536717 -0.54387397 0.13391685 0.594575
1 0 0 0 1 0 0 0 1 -0.01607418 0.025382042 0.010671616
0.9996932 -0.018419277 0.01655206 0.018357836 0.99982405 0.0038556755 -0.016620152 -0.0035505295 0.99985534 0.15864801 0.035072327 0.0016276836
0.9996549 0.021989346 0.014383651 -0.022623688 0.9987071 0.045524776 -0.01336398 -0.045834452 0.9988596 -0.23222613 -0.08681297 0.43474704
0.99893683 -0.02023222 0.04141739 0.01764106 0.99791986 0.06200301 -0.04258597 -0.06120642 0.99721617 0.016913652 -0.027074814 0.14508837
0.9999514 -0.00917328 -0.003585551 0.009245656 0.9997426 0.020714737 0.0033946112 -0.020746885 0.999779 0.078245476 -0.012439251 0.16170365
0.99885887 0.045794144 0.013550278 -0.04298848 0.98576236 -0.16255623 -0.020801501 0.16178817 0.98660624 -0.36163086 0.38438272 -1.2101375
0.9999642 0.008359179 -0.0013896823 -0.008326709 0.9997232 0.022004478 0.0015731454 -0.021991804 0.99975693 -0.058983684 0.014867306 0.14485157
0.99960035 -0.015839562 0.023412794 0.015898883 0.99987084 -0.0023568869 -0.023372471 0.0027281046 0.99972296 0.19575313 -0.010791302 -0.012704372
0.99403995 -0.010396153 -0.1085183 0.0026343986 0.99744236 -0.07142473 0.10898331 0.070713334 0.99152493 -0.2733798 -0.21242619 -0.6294842
0.99907094 0.041752428 -0.010658115 -0.04204586 0.9986964 -0.028944328 0.009435657 0.029365685 0.9995242 -0.3960023 0.0064888 -0.28858244
1 0 0 0 1 0 0 0 1 0.01010704 0.01366806 0.0034394562
0.99930793 0.0039736046 0.036986202 -0.0034928592 0.9999086 -0.013056728 -0.03703472 0.01291852 0.9992305 -0.089338124 0.014293194 -0.075397015
1 0 0 0 1 0 0 0 1 0.10626221 0.0034751892 -0.15577956
1 0 0 0 1 0 0 0 1 0.009621859 -0.02012062 0.01836819
1 0 0 0 1 0 0 0 1 0.023233974 0.007314682 0.0034171343
0.93510187 -0.16621037 0.31298363 -0.25757447 -0.9253608 0.27814165 0.24339277 -0.3407073 -0.908118 0.26404464 9.114882 5.2404776
1 0 0 0 1 0 0 0 1 -0.010091305 -0.056854248 0.01338467
0.34869897 -0.73070455 0.5869241 0.91441905 0.40257663 -0.042070866 -0.20554051 0.5513646 0.80854815 -4.2499585 0.07580519 1.4734752
1 0 0 0 1 0 0 0 1 -0.030945301 -0.045636773 -0.0032436848
0.9958143 0.090589225 -0.0121591985 -0.08982521 0.9945419 0.0530881 0.016902044 -0.051773667 0.9985159 -0.5097586 -0.0771966 0.30669105
0.99695843 -0.035396583 -0.069433935 0.033047467 0.9988514 -0.034694374 0.07058219 0.032294124 0.99698323 0.019350052 0.00024080276 0.10616683
0.99988693 0.009317977 0.011810377 -0.009393707 0.9999358 0.0063701198 -0.011750281 -0.006480247 0.99991 -0.085362315 -0.0038371086 0.05256617
0.44905615 -0.8708948 0.19972722 0.8819945 0.46781772 0.05685201 -0.14294806 0.1506286 0.9782009 7.8390875 3.0658717 -1.0167143
1 0 0 0 1 0 0 0 1 0.025806786 -0.010989189 0.014867544
0.99888754 -0.041036718 0.023227096 0.040980063 0.9991556 0.0029083863 -0.023326755 -0.0019533169 0.99972594 -0.0038169622 -0.073505506 0.02712138
1 0 0 0 1 0 0 0 1 0.038463354 0.082166374 0.07557514
1 0 0 0 1 0 0 0 1 -0.0073547363 -0.0011434555 0.031764418
0.9908893 0.13229895 -0.025205582 -0.13367309 0.9889405 -0.06425308 0.016426027 0.06703697 0.99761534 -0.48308635 -0.23452258 -0.20567505
0.9405372 0.15489298 -0.3023206 0.15174586 -0.9878338 -0.034023196 -0.3039125 -0.013875842 -0.95259887 -1.4068098 18.383974 0.30461907
1 0 0 0 1 0 0 0 1 -0.0012078285 0.010112762 -0.0005735159
1 0 0 0 1 0 0 0 1 0.01810813 -0.005701065 0.016951144
0.99969864 -0.016953701 0.01775367 0.017887173 0.99839085 -0.053812116 -0.016812783 0.054113533 0.99839324 0.13847235 0.12200737 -0.495057
0.99929625 0.01688987 0.033492416 -0.015968122 0.99949133 -0.027602315 -0.033941418 0.027048245 0.9990577 -0.10647404 0.040028572 -0.112071335
0.9449427 -0.26991314 0.18501453 0.28727418 0.95498395 -0.07402077 -0.15670677 0.123095304 0.9799441 0.08023262 -0.41007292 0.21120363
0.9702796 -0.23789781 0.044292334 0.22676226 0.9577737 0.17677253 -0.0844758 -0.1614748 0.9832547 -0.8223574 -0.999779 -0.34063494
0.99312323 0.092715144 0.071484976 -0.0925019 0.99569255 -0.00629507 -0.07176067 -0.00036070496 0.9974219 -0.8500112 0.053925514 0.023708701
0.9997037 0.011439502 -0.021480232 -0.010149941 0.99819386 0.059210006 0.022118738 -0.058974486 0.99801445 -0.06867242 -0.069187164 0.57760143
0.9844144 -0.03384802 -0.17257647 0.059867837 0.9871919 0.14787874 0.16536066 -0.1559058 0.9738322 0.16620958 0.09281731 0.90527594
0.9997611 0.00548923 0.021144956 -0.0055870414 0.9999739 0.0045707524 -0.021119267 -0.0046878755 0.99976593 -0.025386453 -0.004217148 0.0370287
1 0 0 0 1 0 0 0 1 0.0031132102 0.014216542 -0.009036308
1 0 0 0 1 0 0 0 1 0.015030265 -0.012346268 -0.0071599483
1 0 0 0 1 0 0 0 1 -0.006238699 -0.016571045 -0.012979269
1 0 0 0 1 0 0 0 1 0.018519491 0.027944565 0.013432026
1 0 0 0 1 0 0 0 1 0.009818748 0.004295826 0.008061647
0.9780749 -0.19665122 0.06854153 0.20462263 0.96867216 -0.14072588 -0.038720444 0.15166573 0.9876732 2.0430503 0.4986887 -1.6032319
0.08398494 -0.9912925 -0.10141933 0.053941637 -0.09710693 0.99381113 -0.9950061 -0.088935815 0.045316383 12.104002 14.025271 0.49822474
0.9710465 -0.02213559 -0.23786294 -0.018656632 0.9856296 -0.16788638 0.2381611 0.16746324 0.95667934 -0.032566667 -0.08343315 -0.24022749
0.99895084 0.042910308 0.01599406 -0.042746782 0.9990314 -0.010434374 -0.016426269 0.009739637 0.9998175 -0.2964319 -0.020226955 -0.073122025
0.79213774 -0.5966668 0.12847598 0.60437924 0.73747194 -0.30143103 0.08510659 0.31642315 0.9447926 5.12627 3.8427567 -2.7891178
1 0 0 0 1 0 0 0 1 -0.005739093 -0.013242722 -0.028469682
0.80185676 -0.44320813 0.4007397 0.49629477 0.12053752 -0.8597454 0.33274204 0.88827765 0.31661576 -1.4938934 -5.468279 3.1785326
0.99985784 -0.0099874735 0.013567388 0.010197908 0.9998269 -0.01553835 -0.013409793 0.015674472 0.9997869 0.1265217 0.008118629 -0.2101652
0.9990501 0.0428826 0.0077511817 -0.04280411 0.9990334 -0.010014147 -0.008173123 0.00967285 0.9999199 -0.1328783 -0.11010814 -0.038909107
1 0 0 0 1 0 0 0 1 0.016673803 0.020609856 0.0006660223
1 0 0 0 1 0 0 0 1 0.0070019364 -0.012001038 -0.001970877
0.997838 0.042290673 0.05030638 -0.044687666 0.99787045 0.047517456 -0.04818955 -0.04966288 0.9976028 -0.26179028 0.055466175 0.3527025
1 0 0 0 1 0 0 0 1 0.0043188334 -0.007815361 0.004414201
0.99964595 -0.010064319 0.024630561 0.010109231 0.9999474 -0.0016964674 -0.024612144 0.0019447803 0.9996952 0.08134389 0.0050492287 -0.033235937
0.99937296 -0.02641907 0.023568556 0.026203465 0.99961215 0.009406067 -0.023807913 -0.008782513 0.99967796 0.09090534 -0.021746635 0.05516672
0.9997388 -0.021785676 0.0068897307 0.021984681 0.9993 -0.030265637 -0.0062255114 0.030409057 0.99951816 0.28581762 0.026599884 -0.39625314
0.22113289 -0.927975 -0.2999379 0.96381235 0.2548998 -0.07804938 0.148882 -0.27182463 0.9507605 6.5356016 9.251396 2.8770733
0.030421019 -0.45600134 -0.88945913 0.9008677 -0.373008 0.22204211 -0.4330269 -0.8080396 0.39944953 3.8907802 10.652727 6.521407
1 0 0 0 1 0 0 0 1 -0.010332108 -0.036785513 0.048479915
0.99773145 -0.06436229 0.019739179 0.06330055 0.99672276 0.050366644 -0.022916287 -0.049002923 0.99853575 0.6043516 0.017626762 0.4789603
1 0 0 0 1 0 0 0 1 -0.0077552795 -0.018565804 0.009269595
0.99965274 0.02254894 -0.01362896 -0.021895528 0.99868613 0.046327516 0.01465559 -0.046013102 0.99883336 -0.073625445 -0.061540127 0.19612604
1 0 0 0 1 0 0 0 1 0.01710987 0.0068449974 -0.043661714
0.99969816 0.009516239 0.022640139 -0.0094702095 0.9999527 -0.0021318048 -0.022659421 0.0019167662 0.99974114 -0.07174015 -0.012007713 -0.035860956
1 0 0 0 1 0 0 0 1 -0.031016827 -0.0049009323 0.09196091
0.6357516 -0.766501 0.09108258 0.77120894 0.63571876 -0.033136595 -0.032503627 0.09131031 0.9952918 -2.6631868 0.84564114 0.13984114
0.99930394 -0.01779437 -0.032782942 0.014063753 0.99375397 -0.11070445 0.034548104 0.11016638 0.99331254 0.26612324 0.19182968 -1.4028871
-0.3303529 -0.5159676 -0.7903447 0.63662875 0.49639395 -0.590167 0.69682956 -0.6981193 0.1644944 1.7715242 -3.6846948 -4.4540777
0.99993265 0.00907366 -0.007229563 -0.009995803 0.990121 -0.13985862 0.0058890246 0.1399214 0.9901451 -0.02674961 0.27926397 -0.6836662
0.9999829 -0.0004811883 0.0058044493 0.00014226139 0.9983019 0.058249727 -0.0058226585 -0.058247775 0.99828506 0.018488497 0.039384842 0.709983
0.9993594 -0.024141572 0.026417464 0.023598894 0.9995078 0.020670116 -0.02690342 -0.020033658 0.99943715 0.029818654 -0.034142017 0.06701803
0.21576516 0.97589815 -0.03268428 -0.6346484 0.16559792 0.75485015 0.74206936 -0.14212742 0.6550824 -8.233099 5.5526247 1.9265943
0.9994635 -0.018091366 -0.027302802 0.01959128 0.9982547 0.055712104 0.026247323 -0.05621708 0.9980735 0.02937448 0.20599413 0.4261098
0.99917424 -0.021913618 -0.034213632 0.023143351 0.99908483 0.03597471 0.03339401 -0.036736786 0.9987667 0.25160342 -0.07163429 0.30759418
0.87253976 0.4438446 0.20414725 -0.35134175 0.8604396 -0.3690562 -0.33946002 0.25029093 0.906709 -2.8179965 0.73736954 -1.6609535
0.9976065 0.03334686 0.060578294 -0.031181216 0.99885255 -0.03634906 -0.061720878 0.03437326 0.9975013 -0.26524854 0.043584824 -0.23703277
0.99901664 0.033488072 0.029057771 -0.03371118 0.9994058 0.007221222 -0.02879873 -0.008193718 0.9995518 -0.30787766 0.03724003 0.10838938
0.9949573 -0.085357055 -0.05266688 0.0886156 0.9940719 0.062992916 0.046977863 -0.067342475 0.9966232 0.446339 0.13185978 0.42645794
0.9798374 0.19785258 -0.02780421 -0.16839989 0.89271486 0.41797328 0.1075184 -0.40486372 0.9080336 -1.4131577 0.42688036 3.0186977
0.44099456 0.89540046 -0.061495632 -0.60116327 0.24381283 -0.7610241 -0.666428 0.37257653 0.6458021 1.7646285 0.8047836 1.6956685
0.9987948 0.030358553 -0.038568765 -0.023935795 0.98726857 0.1572509 0.0428517 -0.1561383 0.9868053 -0.32509297 0.48481178 1.0471969
0.99939907 -0.033835888 0.007507786 0.03383681 0.9994273 -4.2915344E-06 -0.0075034127 0.00025838614 0.9999717 0.24398458 0.025327682 -0.021116972
0.65581554 -0.62987065 0.4161358 -0.34643197 -0.74086297 -0.575419 0.6707392 0.23320594 -0.7040768 4.7872906 16.551197 1.2395955
0.99752855 -0.018992715 0.06764742 0.016614944 0.9992301 0.035540238 -0.06827034 -0.03432855 0.9970763 0.0269039 0.0021390915 0.116369255
1 0 0 0 1 0 0 0 1 0.008660555 0.0059785843 -0.0063205957
0.9999576 0.006943047 0.0060703605 -0.006889537 0.9999376 -0.0087762475 -0.006130919 0.008733898 0.999943 -0.034296274 0.004989147 -0.02532205
1 0 0 0 1 0 0 0 1 -0.0053007603 -0.0073480606 -0.010082483
1 0 0 0 1 0 0 0 1 -0.0033067465 0.009160042 -0.0015823841
0.99943125 -0.017246336 0.02897872 0.017895728 0.99959123 -0.022298515 -0.028582364 0.022804573 0.99933136 0.07256456 0.0173378 -0.13620102
1 0 0 0 1 0 0 0 1 -0.009510517 0.017421722 0.009208351
0.9977817 0.001253128 0.066557854 0.0026454031 0.9982865 -0.05845318 -0.066517144 0.058499526 0.9960687 -0.038424015 0.036587715 -0.6337488
1 0 0 0 1 0 0 0 1 0.008756459 -0.0018057823 0.0045463443
0.9998934 0.010844976 -0.009768158 -0.010940701 0.99989206 -0.009797685 0.00966084 0.009903599 0.9999043 -0.041817993 0.02243805 -0.049138427
1 0 0 0 1 0 0 0 1 0.026899338 0.0044374466 0.025252819
0.999063 0.000999935 -0.043267637 -0.0006980151 0.9999753 0.0069924295 0.043273583 -0.006955713 0.99903905 -0.17656252 0.046370983 0.06658316
0.65667945 0.53660643 -0.5299297 0.64594793 -0.03751558 0.7624591 0.3892598 -0.8429982 -0.3712556 -4.2279882 8.4341545 8.701486
1 0 0 0 1 0 0 0 1 0.012138188 -0.0024318695 0.014836431
0.9990332 0.02513801 0.03606376 -0.023908898 0.99913186 -0.034115627 -0.036890056 0.0332205 0.99876696 -0.2334589 0.066832066 -0.20435572
1 0 0 0 1 0 0 0 1 -0.0015740395 -0.0016880035 0.026425838
1 0 0 0 1 0 0 0 1 -0.005579591 -0.0016283989 0.014534712
1 0 0 0 1 0 0 0 1 0.013804436 0.010989189 0.042397738
1 0 0 0 1 0 0 0 1 0.0066194534 -0.0008420944 0.0012548864
-0.23225275 -0.79089886 -0.5661603 -0.9723321 0.20379621 0.11418106 0.02507566 0.57701474 -0.81634855 0.3919685 -1.100858 4.738202
0.99788094 -0.042687267 -0.049105242 0.04831879 0.9916105 0.11989206 0.043575436 -0.12201068 0.9915717 0.21603656 0.08737612 0.70530605
1 0 0 0 1 0 0 0 1 0.010787249 -0.03316821 0.027275234
0.9998263 0.006168619 0.017581657 -0.004320696 0.9946444 -0.10326478 -0.018124446 0.10317099 0.9944985 0.0027775764 -0.26694202 -0.8195547
1 0 0 0 1 0 0 0 1 0.014547825 -0.020565033 0.010342747
0.48155585 0.28020677 -0.83041453 0.27099583 -0.94868517 -0.16296485 -0.8334659 -0.1465622 -0.53277975 -3.4007585 23.7012 1.7940934
1 0 0 0 1 0 0 0 1 0.0078082085 0.0037841797 0.017958403
0.9911579 0.017666562 0.13150547 -0.028447244 0.9963439 0.08055806 -0.12960148 -0.08358673 0.9880369 -0.20629197 -0.06820774 0.3416183
0.99961966 -0.003113579 -0.027400367 0.02158051 0.7069133 0.70697093 0.017168473 -0.7072934 0.70671165 0.020733833 0.40673983 1.1808689
1 0 0 0 1 0 0 0 1 0.0161345 0.010073662 0.0065950155
0.9988627 0.038397133 -0.028264672 -0.039589405 0.99829406 -0.04290922 0.02656889 0.043979585 0.998679 -0.12691045 0.04076743 -0.1378107
1 0 0 0 1 0 0 0 1 -0.004268527 -0.053688884 0.017698169
0.9990759 -0.039278656 -0.017453903 0.039051175 0.9991503 -0.013190083 0.017957155 0.012496427 0.9997607 0.069719195 -0.067688465 -0.045755982
1 0 0 0 1 0 0 0 1 0.011870146 -0.019187927 -0.0015535355
0.9990856 -0.016903095 -0.039273947 0.016803414 0.9998549 -0.0028686747 0.039316744 0.0022062361 0.99922454 0.17449379 0.037917614 0.05931884
1 0 0 0 1 0 0 0 1 0.018177032 0.010690689 -0.005412698
0.7578119 0.6400044 0.1269462 -0.6200636 0.76696503 -0.16518304 -0.20308127 0.046462998 0.97805876 3.3451986 0.73297596 0.77769136
1 0 0 0 1 0 0 0 1 0.018621773 -0.006544113 0.0058645867
1 0 0 0 1 0 0 0 1 -0.008416772 -0.05171442 -0.001809746
0.6379487 0.5326722 -0.55613106 0.55455774 -0.81884867 -0.14816393 -0.53431 -0.21388575 -0.817781 -2.3656683 9.518843 2.4255543
0.047135957 -0.05525888 -0.99735886 0.3010893 -0.95124406 0.06693359 -0.9524303 -0.30344903 -0.028199911 1.5421554 -9.709831 0.42850566
1 0 0 0 1 0 0 0 1 -0.0075793266 -0.009654999 -0.0047750473
0.12534207 -0.73480606 -0.66659546 -0.11446711 -0.67811835 0.7259841 -0.9854882 -0.014693126 -0.1691078 7.565196 16.65148 0.42882925
0.99588245 0.07840853 0.04549937 -0.081946865 0.99326044 0.08196607 -0.038765937 -0.08535719 0.99559605 -0.6642343 -0.11969566 0.64610934
1 0 0 0 1 0 0 0 1 -0.013405703 0.010839462 0.008006096
0.99710965 0.0044484143 -0.07584575 -0.0049731256 0.9999647 -0.0067303022 0.075813025 0.0070879906 0.99709696 0.054744244 0.011737108 -0.14053726
0.9979019 0.017050833 -0.06245762 -0.012194902 0.9969317 0.07731916 0.06358439 -0.0763952 0.99504805 -0.10060787 -0.045009613 0.7890006
0.9984978 0.051247276 -0.01939091 -0.05244167 0.99636453 -0.06713869 0.01587978 0.06805447 0.99755514 -0.46018055 -0.17726803 -0.5367558
0.99707735 -0.058354735 0.04931 0.054683864 0.99584836 0.07277346 -0.05335188 -0.06986436 0.9961289 0.58483654 0.25916672 0.5137048
0.9900111 -0.025672853 -0.13863185 0.0424273 0.9919526 0.119289756 0.13445377 -0.12398003 0.9831333 0.23814565 -0.14146972 0.24540687
-0.7644619 0.4961133 -0.4116671 0.58962125 0.79626334 -0.13531838 0.26066232 -0.3461735 -0.9012319 -6.271593 2.4901714 3.6981168
0.99477565 0.02025026 0.10005647 -0.021970987 0.9996284 0.016126232 -0.099692725 -0.018240448 0.9948512 -0.209061 -0.010754585 0.132159
1 0 0 0 1 0 0 0 1 0.0037562847 0.0035419464 0.014103845
0.9994127 0.013214678 -0.031612724 -0.012010187 0.99920547 0.037998796 0.0320898 -0.037596703 0.9987777 -0.0074476004 0.0416044 -0.009517252
0.99857867 -0.040899783 0.03417873 0.03886965 0.99755454 0.058085695 -0.036470946 -0.05667451 0.9977263 -0.06848776 -0.13348055 0.011390686
0.99817157 0.036723495 0.04801035 -0.035796616 0.99915856 -0.020024924 -0.048705325 0.018269693 0.998646 -0.4262272 0.013170242 -0.22555664
0.9996935 0.009189323 -0.022985946 -0.0074962825 0.99732655 0.07268708 0.02359241 -0.072492436 0.99708974 -0.1748082 0.27558565 0.6065004
0.9931692 -0.015124187 0.1156981 0.02635333 0.9950175 -0.09615089 -0.113667846 0.09854311 0.98861945 0.07328391 0.13048935 -1.0989747
-0.45366237 -0.54057753 -0.708496 0.76242805 0.17618622 -0.6226249 0.46140438 -0.82263863 0.33222237 6.981961 11.067877 11.00987
1 0 0 0 1 0 0 0 1 -0.031197071 -0.018461227 -0.0055093765
1 0 0 0 1 0 0 0 1 0.020837069 0.0029315948 0.008749008
1 0 0 0 1 0 0 0 1 0.00057959557 -0.010757446 0.003645599
0.9987926 -0.048687562 0.006562099 0.048827305 0.9985388 -0.023154892 -0.0054251477 0.023447342 0.9997104 0.09536761 -0.010419607 -0.04330218
0.99874425 -0.015466273 -0.047650963 0.016786367 0.9994827 0.027429104 0.04720211 -0.028194562 0.9984875 0.034447312 -0.027251124 0.09459481
0.99717164 0.019395825 0.07261345 -0.026619263 0.99464446 0.099870406 -0.070287764 -0.101520985 0.9923474 -0.07109618 -0.043614566 0.2078579
0.8255908 -0.29977748 -0.47805154 0.49612316 -0.017965823 0.8680663 -0.26881534 -0.9538401 0.13389413 2.901512 5.748191 8.192856
0.99864745 0.027696624 -0.044001915 -0.027475469 0.9996066 0.0056256354 0.044140317 -0.004409075 0.99901557 -0.080751896 -0.08644366 0.10665338
1 0 0 0 1 0 0 0 1 0.005477369 -0.005001068 0.0057605207
0.98822093 0.14709628 -0.0422097 -0.14625818 0.9889945 0.02231685 0.045027703 -0.01588029 0.9988596 -1.4371246 -0.16853428 0.24411291
0.9996731 0.009119019 -0.023882007 -0.009045333 0.99995404 0.0031945184 0.023910083 -0.002977416 0.99970967 0.052934527 -0.017740011 -0.051968157
-0.33008075 0.3856794 0.8615672 -0.10111133 -0.92191756 0.3739578 0.93852186 0.036322057 0.34330386 -3.2517514 14.421996 -0.023196578
1 0 0 0 1 0 0 0 1 0.002254784 -0.0024108887 0.0034496784
0.44199657 0.6615061 -0.6058454 -0.7654181 -0.07404362 -0.6392595 -0.467733 0.7462754 0.47360188 -1.6831585 3.854549 -1.9848287
1 0 0 0 1 0 0 0 1 -0.012202501 -0.03379655 -0.013846874
0.8646009 -0.48953032 -0.11324831 0.46048406 0.86216766 -0.21123724 0.20104605 0.13048705 0.97085184 3.509675 0.43476963 -1.1148942
1 0 0 0 1 0 0 0 1 -0.017632902 0.006303787 0.0060653687
0.99151224 -0.072372496 0.10800908 0.065761 0.9958083 0.063572094 -0.1121572 -0.05592969 0.99211526 0.6439996 -0.12338734 0.7135935
0.9996551 0.024693578 0.008926228 -0.024374962 0.99911773 -0.034198344 -0.009763017 0.033969104 0.999375 -0.33893228 0.025265694 -0.44932708
1 0 0 0 1 0 0 0 1 0.010627747 0.004047394 -0.008309364
1 0 0 0 1 0 0 0 1 0.0073907375 -0.000497818 -0.010902405
0.2077553 0.20903006 0.95558584 -0.66890556 0.7431502 -0.017132998 -0.7137249 -0.6356371 0.29421464 -4.3808103 0.37128305 3.8127675
0.99794245 0.0023591146 -0.06407353 -0.0034238845 0.9998579 -0.016512696 0.0640257 0.01669798 0.99780893 0.01161015 0.008361816 0.03198725
0.9957359 -0.036509693 -0.08471811 0.035975397 0.9993222 -0.007825829 0.084946156 0.0047446974 0.99637425 0.3531608 0.0644331 0.072721004
0.9960437 0.06358871 0.062076263 -0.06970772 0.9923415 0.10197546 -0.055116385 -0.105899185 0.9928481 -0.29139328 0.39459705 0.87929964
-0.25991878 -0.9558899 0.13680927 0.8391861 -0.2936958 -0.45772183 0.47771195 -0.004162103 0.8785067 2.6978633 3.9294267 0.09348522
1 0 0 0 1 0 0 0 1 0.0004941225 -0.005264282 -0.0044255257
1 0 0 0 1 0 0 0 1 0.008573532 -0.0019226074 -0.0041027665
0.99953115 -0.0070752054 -0.02979239 0.0062018037 0.99955124 -0.029307783 0.029986449 0.029109031 0.99912643 -0.0653816 -0.10061073 -0.218956
1 0 0 0 1 0 0 0 1 -0.02883029 0.0012001991 -0.023666859
0.99959403 0.027832948 0.006074086 -0.028009772 0.9991183 0.03127027 -0.0051983595 -0.031427648 0.99949247 -0.36402085 -0.012626648 0.402076
1 0 0 0 1 0 0 0 1 -0.015082121 0.023555994 0.014679909
0.99999577 -0.0013984572 0.0026558992 0.0014490113 0.999816 -0.019129306 -0.0026285853 0.01913333 0.9998137 -0.015482575 -0.06481266 -0.15468884
0.99862397 0.027261987 0.04479742 -0.02764365 0.9995863 0.007923797 -0.044562787 -0.009151205 0.99896467 -0.19920218 -0.02102518 0.013317227
0.96692324 0.04253968 0.25149536 -0.14300051 0.90687317 0.39639872 -0.21121174 -0.41925105 0.88296 -0.2951795 -0.28797036 0.56840146
1 0 0 0 1 0 0 0 1 0.011522174 -0.009473801 0.0021291375
1 0 0 0 1 0 0 0 1 0.057389736 -0.079435825 -0.026813626
0.98585653 0.16419142 0.03358168 -0.16562417 0.9851341 0.0455978 -0.025595665 -0.050514795 0.99839526 -0.60273767 0.25256062 0.22060096
1 0 0 0 1 0 0 0 1 0.0009239912 -0.014883041 0.01371732
0.9968008 0.036513105 -0.07110053 -0.038149774 0.9990342 -0.021799386 0.07023594 0.024442136 0.9972309 -0.037862062 0.048223376 -0.1132347
1 0 0 0 1 0 0 0 1 0.012409687 0.024023443 0.025036454
0.9990886 0.03524962 -0.024073184 -0.034767345 0.99919194 0.02016744 0.024764627 -0.01931201 0.99950683 -0.17617394 -0.048729897 0.11300886
1 0 0 0 1 0 0 0 1 0.010912657 0.012589455 0.00040137768
1 0 0 0 1 0 0 0 1 0.00793004 -0.009241104 0.0005184412
1 0 0 0 1 0 0 0 1 -0.014646292 0.058721907 0.004575491
0.9487047 0.28723252 -0.13212353 -0.31498083 0.82256246 -0.47347438 -0.027317269 0.49080372 0.8708417 -0.494268 0.8677852 -0.92152846
0.04467362 0.99766564 -0.051647365 0.99900067 -0.044687293 0.00088812783 -0.0014219303 -0.05163542 -0.99866503 -4.4882336 4.666188 -1.1244088
-0.0009604405 -0.062168367 0.9980652 -0.13378413 -0.9890855 -0.06173777 0.99100995 -0.13358459 -0.007367179 -0.8431082 13.180962 2.194382
0.9983833 0.053593207 0.018946968 -0.05352034 0.9985576 -0.0043231547 -0.019151375 0.003302008 0.9998113 -0.051519394 -0.09380478 -0.025273323
0.99839884 -0.015003704 0.054542203 0.0153875705 0.99985945 -0.0066253096 -0.054435037 0.0074540526 0.99848956 -0.06700587 -0.04009807 0.11101526
0.98135966 -0.022556588 0.19085145 0.06966642 0.9672943 -0.24390152 -0.17910805 0.25265113 0.95083535 -0.05618012 0.49544382 -1.6365341
0.9978349 -0.034625612 0.055916183 0.02948291 0.99547714 0.09031205 -0.05879038 -0.088467926 0.99434257 0.26970774 0.05099392 0.64734584
1 0 0 0 1 0 0 0 1 0.0016856194 -0.009320259 0.018325567
0.9938761 -0.100690186 -0.04551445 0.09623125 0.99115753 -0.091357484 0.05431069 0.086418256 0.9947775 1.0445248 0.22719002 -0.79193854
0.9959416 0.04867358 -0.07570699 -0.025816616 0.96029985 0.2777722 0.08622165 -0.27469042 0.9576591 0.04338932 -0.009798765 0.80666256
1 0 0 0 1 0 0 0 1 0.01318118 0.0055761337 -0.0025708675
1 0 0 0 1 0 0 0 1 -0.006742716 0.005273223 0.0037593096
0.9866245 0.13262704 -0.09477523 -0.12673284 0.9897559 0.06574066 0.10252336 -0.05285011 0.9933256 -0.6699543 -0.16620493 0.4233734
0.9946015 0.018096652 -0.10217935 -0.017843537 0.9998349 0.0033917278 0.10222396 -0.0015501902 0.9947603 -0.073654935 -0.01832676 0.069062084
-0.5376668 -0.8430314 -0.014581822 0.8431552 -0.53754365 -0.011675855 0.0020048905 -0.018572522 0.9998256 1.876764 1.8679311 0.047959358
0.9982867 0.0059100837 0.058212247 -0.056703478 0.34312484 0.9375766 -0.014432917 -0.9392713 0.34287214 -0.060719788 6.152497 10.538653
1 0 0 0 1 0 0 0 1 -0.051540136 0.0007712841 -0.03131306
-0.68786603 0.5413664 -0.4834903 -0.50155675 0.12698442 0.8557545 0.5246724 0.83114225 0.18417773 0.1828711 2.5829027 -2.4906034
0.996326 0.08414954 0.015915036 -0.08411622 0.99645215 -0.0027563162 -0.016090676 0.00140735 0.9998696 -0.5567714 -0.06465626 -0.015163545
1 0 0 0 1 0 0 0 1 0.070474625 -0.06470108 -0.040741622
1 0 0 0 1 0 0 0 1 -0.0014661998 0.010747433 0.0060606003
1 0 0 0 1 0 0 0 1 0.034765333 0.0041952133 0.026144505
0.4847359 0.20664907 -0.84989846 0.362729 -0.9316874 -0.01965475 -0.79590124 -0.29875544 -0.52658 -2.4974296 23.489702 3.6394086
0.9998133 0.0136217475 -0.013692673 -0.013379656 0.9997554 0.01761806 0.013929322 -0.017431498 0.999751 -0.022892356 0.016396761 0.028698932
0.99806976 0.06172836 0.0068214834 -0.06198261 0.9969572 0.047271386 -0.0038828552 -0.047602974 0.9988588 -0.4104839 -0.002359867 0.31309333
1 0 0 0 1 0 0 0 1 -0.009843111 -0.050808668 -0.0006031692
0.9741872 -0.22439599 0.02459838 0.22382253 0.97433317 0.024046913 -0.029363148 -0.017920613 0.9994079 2.8996942 0.20629406 0.24356252
1 0 0 0 1 0 0 0 1 0.0070266724 0.012247562 0.0040564537
1 0 0 0 1 0 0 0 1 0.0053670406 0.0053350925 0.0016124845
0.93210304 -0.35776168 -0.056485504 0.35410708 0.9329128 -0.06543556 0.07610632 0.040990755 0.99625665 3.7689767 0.48124123 -0.4625306
0.39775488 -0.1426206 0.90633905 -0.8671316 -0.38121316 0.32056102 0.29978976 -0.91341984 -0.2753002 1.212651 18.48008 13.460022
0.99641025 0.035022017 -0.07706988 -0.037758086 0.9986968 -0.034334533 0.07576704 0.037121296 0.99643433 -0.024739265 -0.021662235 0.017838717
0.9208448 -0.08229059 -0.38114727 0.29893458 0.7766035 0.5545498 0.25036612 -0.6245922 0.7397306 0.25601637 0.51121867 1.8666666
0.81769824 0.4401603 -0.37098348 -0.045976482 0.69234174 0.7201035 0.5738083 -0.5717709 0.5863636 -3.8620462 2.6838846 5.096581
1 0 0 0 1 0 0 0 1 -0.026904345 0.053934097 -0.030794382
1 0 0 0 1 0 0 0 1 -0.021283798 -0.010419846 -0.0143585205
0.9798658 -0.018865243 0.19876361 0.0042123124 0.9972576 0.07388705 -0.19961253 -0.07156199 0.9772581 0.2764659 0.08039951 0.05600357
0.9953375 -0.0048116744 0.09633353 -0.0038108528 0.9960132 0.08912276 -0.09637837 -0.08907436 0.9913511 -0.095695645 -0.11078739 0.5442646
0.9998717 -0.0047421157 0.015299171 0.004190147 0.99934614 0.035911843 -0.015459746 -0.035843104 0.9992378 -0.0020982027 -0.043563366 0.035250902
0.08605403 -0.21987325 -0.9717256 0.95689595 0.28979754 0.0191679 0.27738923 -0.9314897 0.23533404 -2.8934135 5.6998053 3.7283444
0.9983696 0.051807493 0.023964632 -0.051434964 0.9985496 -0.015905742 -0.024753839 0.014647128 0.9995862 -0.3475177 -0.011063099 -0.12207703
1 0 0 0 1 0 0 0 1 -0.016113639 1.9073486E-06 -0.00049108267
0.15439287 0.16489926 0.9741515 0.6954378 -0.71849597 0.011403598 0.70180434 0.675701 -0.22560781 -2.5814974 13.389259 -3.63739
0.8070313 -0.34936905 -0.4760691 0.5263003 0.7911522 0.31158632 0.26778448 -0.50201523 0.82235765 3.2454278 1.2235079 4.0791197
1 0 0 0 1 0 0 0 1 0.0054306984 0.0097875595 0.004387021
1 0 0 0 1 0 0 0 1 0.01101923 0.030871391 -0.008632183
0.99582547 0.0010832399 0.09127171 0.0047299117 0.9979738 -0.06344922 -0.091155544 0.06361596 0.99380267 -0.06643546 0.03650713 -0.35561103
1 0 0 0 1 0 0 0 1 0.015012145 0.0075473785 0.004591644
1 0 0 0 1 0 0 0 1 0.009862915 -0.011314392 -0.01344347
0.3279043 0.38249922 0.86381316 0.56557214 0.65292144 -0.5038075 -0.75670797 0.65374935 -0.0022352263 -1.3284408 1.2765272 -3.023229
0.9899348 -0.13457268 0.04380671 0.13702005 0.9888267 -0.05871314 -0.035416037 0.064124525 0.99731326 0.8021512 0.05726099 -0.39314532
0.99757123 0.035699815 -0.059806854 -0.04206778 0.9931681 -0.10884529 0.055512466 0.11109689 0.99225795 -0.031737268 0.19051051 -0.34633183
0.9986718 -0.03885393 -0.03383848 0.039193332 0.9991871 0.009422123 0.03344497 -0.010735899 0.99938285 0.16551149 0.038892746 0.088255286
1 0 0 0 1 0 0 0 1 0.0023114681 -0.024057865 -0.0042629912
1 0 0 0 1 0 0 0 1 0.0005787611 -0.009306908 0.00021505356
0.9988489 -0.036792457 0.030779481 0.03845498 0.9977301 -0.05528155 -0.028675467 0.05640158 0.99799645 0.08802618 0.038423777 -0.1991803
0.8681017 -0.41955876 -0.26527378 0.12992662 0.7078316 -0.6943296 0.47908133 0.5682824 0.6689814 2.7149994 0.6320882 -5.530762
0.9994445 0.01690805 -0.028728135 -0.016129762 0.9995024 0.027111039 0.029172227 -0.026632592 0.99921966 -0.08256993 -0.037320614 0.20148635
0.7599828 0.6423037 -0.0993581 -0.6499309 0.7519765 -0.11009675 0.0039993674 0.14824755 0.98894227 -3.4298754 1.5559974 -0.91476816
0.9972189 -0.07297008 0.015162695 0.073018 0.99732715 -0.0026396513 -0.014929585 0.003739506 0.99988157 0.54002017 -0.009832859 -0.013954639
0.2638919 0.9266679 -0.26767117 -0.9639957 0.2628087 -0.04055052 0.0327693 0.26873475 0.96265674 -12.336068 10.258812 -3.6371498
0.9999044 -0.01377511 0.0012871623 0.01377213 0.9999025 0.0023328364 -0.0013192594 -0.0023147464 0.99999666 0.06881115 -0.013436794 0.0051362514
0.9995084 -0.027375717 -0.015290886 0.027574264 0.99953604 0.012927093 0.014929831 -0.013342239 0.99979955 0.016269922 -0.06495772 -0.02419722
1 0 0 0 1 0 0 0 1 0.008093715 -0.0008792877 0.0045731068
0.99979734 -0.005638838 0.01931861 0.0048651397 0.99919295 0.03986767 -0.019527853 -0.039765477 0.9990182 -0.0032185316 -0.043759346 0.1953103
1 0 0 0 1 0 0 0 1 -0.008926988 -0.04916954 0.016076773
1 0 0 0 1 0 0 0 1 0.0050957203 -0.015002251 -0.00016310811
-0.5504749 -0.4021594 0.7316047 -0.7642114 0.59552485 -0.24765179 -0.33609322 -0.69542664 -0.6351563 5.270829 5.023452 8.34905
0.993093 0.059031248 0.1013979 -0.06125602 0.99794185 0.01896701 -0.10006958 -0.025047302 0.99466515 -0.52038 -0.14497995 -0.06129706
