1 0 0 0 1 0 0 0 1 0.011176586 0.000667572 -0.0019563735
1 0 0 0 1 0 0 0 1 0.0183599 -0.01821661 0.0025670528
1 0 0 0 1 0 0 0 1 0.0062327385 -0.015916824 0.007098794
1 0 0 0 1 0 0 0 1 -0.00065612793 0.0062799454 -0.026366174
1 0 0 0 1 0 0 0 1 -0.015602589 0.02439928 0.032220244
1 0 0 0 1 0 0 0 1 -0.0049328804 -0.018489838 0.009004474
1 0 0 0 1 0 0 0 1 -0.33251682 0.08915901 0.050445557
1 0 0 0 1 0 0 0 1 0.0061564445 0.0016155243 0.0074341297
1 0 0 0 1 0 0 0 1 0.029518604 0.020011902 -0.008416951
1 0 0 0 1 0 0 0 1 0.06015396 -0.0053806305 0.014582872
1 0 0 0 1 0 0 0 1 0.01010257 0.0016059875 -0.012647271
1 0 0 0 1 0 0 0 1 0.037148833 0.04507065 -0.029396057
1 0 0 0 1 0 0 0 1 0.005153656 0.0029478073 -0.0030605793
1 0 0 0 1 0 0 0 1 -0.26745233 0.06094551 0.11045647
1 0 0 0 1 0 0 0 1 0.0035271645 0.0010738373 -0.029361248
0.9995529 -0.020902395 0.021376856 0.020063505 0.99904823 0.03873089 -0.022166062 -0.03828484 0.9990208 0.044283986 -0.062832355 0.12972108
0.99850035 -0.054614067 -0.003815174 0.05434922 0.9972193 -0.05098718 0.0065892637 0.050703317 0.99869204 0.16981703 -0.1428814 -0.36608887
1 0 0 0 1 0 0 0 1 0.0051574707 0.031957626 -0.0099442005
1 0 0 0 1 0 0 0 1 0.01492691 -0.024579287 0.011273384
1 0 0 0 1 0 0 0 1 -0.0066437423 0.014706612 0.0124953985
1 0 0 0 1 0 0 0 1 -0.013411045 -0.0020561218 0.002566576
1 0 0 0 1 0 0 0 1 0.004499197 0.004594803 0.0065255165
1 0 0 0 1 0 0 0 1 -0.0025366545 0.005563736 0.0145894885
1 0 0 0 1 0 0 0 1 0.0048862696 0.004535675 0.00088119507
1 0 0 0 1 0 0 0 1 -0.0009431839 -0.00095176697 0.010052718
1 0 0 0 1 0 0 0 1 -0.0004210472 -0.023266792 0.013633788
0.9641627 -0.251594 -0.084206015 0.24299134 0.96481395 -0.10044631 0.10651474 0.07638517 0.9913728 1.372612 0.07034254 -0.5305228
1 0 0 0 1 0 0 0 1 -0.30241704 -0.107066154 -0.07362461
1 0 0 0 1 0 0 0 1 0.0057195425 0.0072841644 -0.00253433
1 0 0 0 1 0 0 0 1 0.014409184 0.012321472 -0.025335789
1 0 0 0 1 0 0 0 1 -0.008969426 0.00046157837 0.015944958
1 0 0 0 1 0 0 0 1 -0.005581379 -0.014001846 -0.0017031506
1 0 0 0 1 0 0 0 1 -0.010134935 -0.0022649765 0.014691919
1 0 0 0 1 0 0 0 1 -0.008113623 -0.01417923 0.011447266
1 0 0 0 1 0 0 0 1 0.010046482 -0.004600644 0.015527129
1 0 0 0 1 0 0 0 1 -0.0061192513 0.00031280518 0.018907666
1 0 0 0 1 0 0 0 1 -0.010799408 -0.0057549477 -0.004346609
1 0 0 0 1 0 0 0 1 0.0029315948 -0.018594742 0.00036501884
1 0 0 0 1 0 0 0 1 -0.018033028 -0.001065731 -0.016315699
1 0 0 0 1 0 0 0 1 -0.0073201656 -0.028474808 0.015179753
0.9941771 0.07076895 0.081261575 -0.072307825 0.9972515 0.016149476 -0.07989547 -0.021931142 0.9965618 -0.2553178 0.098585606 0.15874678
1 0 0 0 1 0 0 0 1 -0.3995483 -0.039966583 -0.011035442
-0.026620597 0.018874288 0.9994675 -0.97524834 0.21905306 -0.030112244 -0.2195046 -0.9755304 0.01257585 -2.061203 5.400094 8.576562
1 0 0 0 1 0 0 0 1 0.011463642 0.0023994446 -0.013119936
1 0 0 0 1 0 0 0 1 0.005843997 0.01379776 0.009388648
1 0 0 0 1 0 0 0 1 0.0086939335 -0.020207882 0.008212328
1 0 0 0 1 0 0 0 1 0.025471449 0.011724472 -0.013396382
0.7479282 -0.63965166 -0.17734021 0.6485553 0.7611024 -0.009966001 0.14134884 -0.107561186 0.9840992 5.242781 2.3148184 0.9647489
1 0 0 0 1 0 0 0 1 0.015641212 0.005812645 0.0094207525
1 0 0 0 1 0 0 0 1 0.015699983 -0.010583878 0.036398888
1 0 0 0 1 0 0 0 1 -0.0023200512 -0.009457588 -0.0007529259
1 0 0 0 1 0 0 0 1 0.064134836 -0.101882935 0.019836903
1 0 0 0 1 0 0 0 1 -0.0049693584 -0.010467529 0.011759758
1 0 0 0 1 0 0 0 1 0.0054121017 0.025030136 -0.021300375
0.44316182 0.7001087 0.55987096 -0.7894996 0.008986462 0.6136852 0.42461523 -0.7139798 0.55671793 -7.7202005 9.142564 7.6951723
1 0 0 0 1 0 0 0 1 0.005984664 -0.03929901 0.031746447
1 0 0 0 1 0 0 0 1 0.030197859 0.023595333 0.0047590733
1 0 0 0 1 0 0 0 1 0.0030579567 -0.0206182 -0.011060715
1 0 0 0 1 0 0 0 1 0.016700387 -0.027009964 0.024208307
1 0 0 0 1 0 0 0 1 -0.010984182 -0.015323639 0.002564907
1 0 0 0 1 0 0 0 1 -0.0024824142 -0.027179718 -0.0033459663
1 0 0 0 1 0 0 0 1 0.0265584 0.011364937 0.023424149
1 0 0 0 1 0 0 0 1 -0.013868749 -0.010536194 0.011721
1 0 0 0 1 0 0 0 1 0.007467985 0.004858017 0.00049090385
1 0 0 0 1 0 0 0 1 0.113025546 0.03227997 -0.03549552
1 0 0 0 1 0 0 0 1 0.009169102 -0.036619186 0.026255935
1 0 0 0 1 0 0 0 1 -0.0031261444 -0.013331413 0.019883871
1 0 0 0 1 0 0 0 1 0.04199314 0.032193184 0.00070118904
1 0 0 0 1 0 0 0 1 -0.0017945766 0.004447937 -0.0018625259
1 0 0 0 1 0 0 0 1 -0.0032331944 -0.014307499 0.011926413
0.18985736 -0.8072877 0.55878496 -0.9604568 -0.27077025 -0.064854845 0.20365892 -0.5243756 -0.8267728 4.7304597 8.738839 6.058079
1 0 0 0 1 0 0 0 1 0.02027136 0.0074710846 -0.011148214
1 0 0 0 1 0 0 0 1 0.012358189 0.02157402 0.010529995
1 0 0 0 1 0 0 0 1 -0.0021021366 -0.023794174 -0.019138634
0.48556823 -0.31201833 -0.81661993 0.116535455 0.94890106 -0.29326814 0.8663966 0.047236636 0.4971174 2.3623734 0.19611692 -1.0882952
0.49808133 -0.28886232 -0.8176024 -0.27881956 -0.9461623 0.164427 -0.82108146 0.14606562 -0.5518062 1.8985572 4.4591603 1.9163859
1 0 0 0 1 0 0 0 1 0.016777515 0.009252071 0.011422306
1 0 0 0 1 0 0 0 1 -0.05843258 0.046390533 0.013795614
1 0 0 0 1 0 0 0 1 0.0002361536 0.036845207 0.00886023
1 0 0 0 1 0 0 0 1 0.009029865 -0.030502513 -0.008374691
1 0 0 0 1 0 0 0 1 0.01397419 0.009742737 0.015321493
1 0 0 0 1 0 0 0 1 5.6743622E-05 -0.009100795 -0.0018240511
1 0 0 0 1 0 0 0 1 -0.0062997937 -0.004281044 0.0139170885
1 0 0 0 1 0 0 0 1 -0.27375987 0.04252863 0.05805254
1 0 0 0 1 0 0 0 1 0.01733613 -0.0061359406 -0.017092824
1 0 0 0 1 0 0 0 1 0.0138196945 -0.021437168 0.031784296
1 0 0 0 1 0 0 0 1 -0.0032746792 0.010693073 0.012396216
1 0 0 0 1 0 0 0 1 -0.009346962 -0.0016975403 -0.013198197
1 0 0 0 1 0 0 0 1 0.016777039 0.01974821 0.0018369365
1 0 0 0 1 0 0 0 1 -0.004532099 0.00842762 -0.007882118
1 0 0 0 1 0 0 0 1 -0.41576874 -0.04091263 0.0034604073
1 0 0 0 1 0 0 0 1 0.002690196 0.020759583 -0.01406455
1 0 0 0 1 0 0 0 1 0.035852432 0.024503708 0.0007507801
1 0 0 0 1 0 0 0 1 -0.03046894 -0.024500847 0.17330337
1 0 0 0 1 0 0 0 1 -0.008257389 -0.005800247 0.0038750172
1 0 0 0 1 0 0 0 1 0.0020427704 -0.0038516521 -0.003226161
1 0 0 0 1 0 0 0 1 -0.003982663 0.014503479 0.007346928
1 0 0 0 1 0 0 0 1 0.020858288 -0.005514145 -0.025669158
1 0 0 0 1 0 0 0 1 0.008399129 0.0023646355 0.022414207
1 0 0 0 1 0 0 0 1 0.0023107529 -0.0009074211 0.0139273405
1 0 0 0 1 0 0 0 1 -0.30417967 -0.04773903 -0.014942646
1 0 0 0 1 0 0 0 1 0.012571812 0.0056265593 -0.0044781566
1 0 0 0 1 0 0 0 1 0.022615418 0.01124382 -0.00714159
1 0 0 0 1 0 0 0 1 -0.004769087 0.0066041946 0.013138175
1 0 0 0 1 0 0 0 1 -0.007135868 -0.027395248 0.012361288
1 0 0 0 1 0 0 0 1 0.026266813 -0.022651076 0.005230665
1 0 0 0 1 0 0 0 1 0.030536175 -0.013204098 -0.023804188
1 0 0 0 1 0 0 0 1 -0.02280736 0.01603508 -0.012273818
1 0 0 0 1 0 0 0 1 0.00592041 0.014922142 0.0054424033
1 0 0 0 1 0 0 0 1 -0.022479534 0.011016846 -0.009096146
1 0 0 0 1 0 0 0 1 -0.019251823 -0.015466962 0.017607927
1 0 0 0 1 0 0 0 1 0.013081074 -0.014760971 0.014834642
1 0 0 0 1 0 0 0 1 0.0048542023 -0.011098862 -0.012435436
1 0 0 0 1 0 0 0 1 0.007629156 -0.0009794235 0.010648251
1 0 0 0 1 0 0 0 1 -0.001686573 -0.010723114 -0.00084757805
1 0 0 0 1 0 0 0 1 0.008131027 0.027542114 0.017145783
1 0 0 0 1 0 0 0 1 -0.008359432 0.014345169 0.004886627
0.56211454 -0.76327085 0.3185045 -0.49604672 -0.6192872 -0.60862195 0.66178924 0.18412217 -0.72672814 6.0389023 15.20314 1.5827913
1 0 0 0 1 0 0 0 1 0.012812138 0.008378983 -0.029004335
1 0 0 0 1 0 0 0 1 -0.0021836758 -0.0056767464 0.00059497356
1 0 0 0 1 0 0 0 1 0.00940612 0.0027742386 0.017550953
0.84432226 0.5303519 0.076464474 -0.014025434 0.16452603 -0.9862731 -0.5356521 0.83165985 0.14635149 -4.2579994 8.092728 -5.125066
0.99731493 0.0018489361 0.07320812 -0.003304094 0.99979913 0.019761205 -0.07315679 -0.019950002 0.99712086 -0.17616844 -0.04775715 -0.1299057
0.043202493 -0.99813926 -0.043032467 -0.36343768 -0.055823177 0.92994463 -0.93061626 -0.024536341 -0.365173 7.350485 11.641645 -4.478549
1 0 0 0 1 0 0 0 1 -0.36766922 -0.0011577606 0.065283775
1 0 0 0 1 0 0 0 1 0.026383877 0.0041799545 0.008757591
1 0 0 0 1 0 0 0 1 0.021268845 0.01452589 0.010924369
1 0 0 0 1 0 0 0 1 0.008604407 -0.0047712326 -0.001773119
1 0 0 0 1 0 0 0 1 0.0017309189 -0.0056734085 -0.015755855
1 0 0 0 1 0 0 0 1 0.018472195 -0.017625809 0.010519035
1 0 0 0 1 0 0 0 1 0.03558004 0.016166687 0.013719201
1 0 0 0 1 0 0 0 1 0.016177773 -0.002234459 0.025509834
1 0 0 0 1 0 0 0 1 0.018891335 -0.020198822 0.004285872
1 0 0 0 1 0 0 0 1 -0.002380848 -0.003200531 -0.0026441813
1 0 0 0 1 0 0 0 1 0.011535406 -0.0025058985 -0.025564551
1 0 0 0 1 0 0 0 1 -0.00077700615 -0.0070934296 0.009884834
1 0 0 0 1 0 0 0 1 0.023216844 -0.01905787 0.011470169
0.7707529 0.63421524 0.06091491 0.62712127 -0.77204853 0.10324623 0.1125096 -0.041376304 -0.99278873 -3.9955134 10.733817 3.4210982
1 0 0 0 1 0 0 0 1 0.03792858 0.022663116 0.017696857
1 0 0 0 1 0 0 0 1 0.006682113 0.012083054 0.0076346397
1 0 0 0 1 0 0 0 1 0.013364077 -0.017081074 0.01123172
1 0 0 0 1 0 0 0 1 0.00940299 -0.017461956 0.015040278
1 0 0 0 1 0 0 0 1 0.0065238476 -0.014943123 -0.02391535
1 0 0 0 1 0 0 0 1 -0.0044465065 -0.006278038 0.0153852105
1 0 0 0 1 0 0 0 1 -0.05307889 0.016235352 -0.012722611
1 0 0 0 1 0 0 0 1 -0.006429434 -0.03263569 0.012161732
1 0 0 0 1 0 0 0 1 0.030468345 0.00989151 0.015376508
1 0 0 0 1 0 0 0 1 0.011544824 0.0028076172 0.010855436
1 0 0 0 1 0 0 0 1 0.010706425 0.010806084 0.015747786
1 0 0 0 1 0 0 0 1 0.0053503513 -0.025867403 0.011260629
1 0 0 0 1 0 0 0 1 0.09942484 -0.08850193 -0.08450401
1 0 0 0 1 0 0 0 1 0.00091153383 0.009468079 0.0063807964
1 0 0 0 1 0 0 0 1 0.010651827 0.0068130493 -0.004057169
1 0 0 0 1 0 0 0 1 -0.013825893 -0.0125255585 0.030406952
-0.054415956 -0.037435263 -0.99781644 0.9939876 0.093057044 -0.05769836 0.09501381 -0.99495685 0.032146364 1.4241663 2.1443172 3.5658429
1 0 0 0 1 0 0 0 1 0.008254528 -0.0032951832 0.0134939365
1 0 0 0 1 0 0 0 1 -0.015279055 -0.0129060745 0.017930508
1 0 0 0 1 0 0 0 1 -0.23267365 -0.012086868 -0.016700268
1 0 0 0 1 0 0 0 1 -0.0058186054 0.005832672 0.012523174
1 0 0 0 1 0 0 0 1 -0.006488383 0.0016241074 0.010737896
1 0 0 0 1 0 0 0 1 0.0040156096 0.007915497 -0.0047956705
1 0 0 0 1 0 0 0 1 0.025140166 -0.0014419556 -0.046951145
1 0 0 0 1 0 0 0 1 0.009602547 -0.10257101 0.0057127476
1 0 0 0 1 0 0 0 1 -0.3194852 0.056978226 0.0770669
1 0 0 0 1 0 0 0 1 -0.0011436939 0.012760162 -0.0073804855
1 0 0 0 1 0 0 0 1 0.016195774 -0.0012645721 0.004812479
1 0 0 0 1 0 0 0 1 -0.013151646 0.014673233 0.0050911903
0.9998028 -0.005295813 0.019123077 0.005698949 0.9997612 -0.021087795 -0.019006819 0.021192566 0.99959445 0.08479965 -0.0012292862 -0.302502
1 0 0 0 1 0 0 0 1 0.028687954 -0.038407326 0.0125617385
1 0 0 0 1 0 0 0 1 0.03148508 0.007033348 -0.0055143833
1 0 0 0 1 0 0 0 1 0.005894959 0.010065079 -0.012513004
1 0 0 0 1 0 0 0 1 0.008422136 -0.013007164 0.0059065223
1 0 0 0 1 0 0 0 1 -0.014577866 -0.0086221695 0.0071704388
1 0 0 0 1 0 0 0 1 0.012005329 -0.0058908463 0.0042406917
1 0 0 0 1 0 0 0 1 0.003200233 0.017295837 0.009310722
1 0 0 0 1 0 0 0 1 0.032874644 -0.022071838 -0.021308899
1 0 0 0 1 0 0 0 1 0.05534649 -0.039844513 -0.014202595
1 0 0 0 1 0 0 0 1 0.0020890236 -0.008063316 0.0047979355
1 0 0 0 1 0 0 0 1 0.011806726 0.06405237 0.0452832
1 0 0 0 1 0 0 0 1 0.00541088 0.011140823 -0.0009715557
1 0 0 0 1 0 0 0 1 -0.016597748 -0.025184095 0.00029802322
0.9990987 0.031446397 -0.028514937 -0.03262426 0.99859214 -0.041828845 0.027159542 0.042721365 0.9987179 -0.13096881 -0.07879114 -0.12834777
1 0 0 0 1 0 0 0 1 0.002404213 0.0003299713 0.009482503
1 0 0 0 1 0 0 0 1 0.004084587 0.035290718 0.012053728
1 0 0 0 1 0 0 0 1 -0.04044199 -0.022066593 0.12528753
1 0 0 0 1 0 0 0 1 -0.00496006 -0.008685589 0.0044806004
1 0 0 0 1 0 0 0 1 -0.013867021 -0.08035755 -0.035638332
1 0 0 0 1 0 0 0 1 -0.04564905 -0.004450798 0.1294365
1 0 0 0 1 0 0 0 1 0.0152949095 -0.025913239 0.020982742
0.27041328 -0.5697663 -0.7760433 0.9390173 -0.021763712 0.34318048 -0.21242219 -0.82151866 0.5291352 6.1253886 13.077045 9.5696745
-0.0023975987 -0.98901916 0.14776817 -0.99222714 -0.016032413 -0.12340434 0.12441832 -0.14691542 -0.9812929 2.534268 2.8937545 2.7029815
1 0 0 0 1 0 0 0 1 0.0046395063 -0.0040974617 0.008520126
1 0 0 0 1 0 0 0 1 -0.27397537 -0.07908249 -0.044186592
0.71748215 -0.68068373 -0.14794841 0.6390443 0.72772735 -0.24906847 0.27720302 0.08415651 0.95711875 6.5699177 2.3215847 -0.9063486
1 0 0 0 1 0 0 0 1 -0.00015807152 -0.002192974 0.009017885
1 0 0 0 1 0 0 0 1 0.008830667 -0.017395973 0.023408413
1 0 0 0 1 0 0 0 1 0.00162673 -0.01376152 -0.0019099712
1 0 0 0 1 0 0 0 1 -0.0023620129 -0.013789177 0.01484108
1 0 0 0 1 0 0 0 1 0.011459112 -0.00525856 -0.0034151077
1 0 0 0 1 0 0 0 1 -0.0005276203 -0.023388863 0.0026023388
0.5241802 0.43626863 -0.73137176 0.49001127 0.54789025 0.6780156 0.6965085 -0.7137828 0.07341667 -5.291187 4.996546 2.9114
1 0 0 0 1 0 0 0 1 -0.2015624 -0.08486557 -0.0061240196
1 0 0 0 1 0 0 0 1 -0.013248444 0.010070801 -0.010196686
1 0 0 0 1 0 0 0 1 0.019043973 -0.0030989647 0.02861464
1 0 0 0 1 0 0 0 1 0.0015848279 0.002855301 0.007888436
1 0 0 0 1 0 0 0 1 0.011404991 0.018698215 0.014888436
1 0 0 0 1 0 0 0 1 0.012619495 0.0048160553 0.010907531
1 0 0 0 1 0 0 0 1 0.017856002 -0.03340912 0.019916534
1 0 0 0 1 0 0 0 1 0.0043315887 0.0035762787 0.0152590275
1 0 0 0 1 0 0 0 1 -0.04177165 0.05101013 0.0052846074
0.078394204 -0.9025288 0.42343366 0.8332518 0.2925013 0.469185 -0.5473079 0.31604543 0.7749641 6.856848 7.344316 -3.4609854
1 0 0 0 1 0 0 0 1 0.010084391 -0.003613472 0.023852289
1 0 0 0 1 0 0 0 1 0.0008004308 0.013541222 0.00719738
1 0 0 0 1 0 0 0 1 0.0030732155 0.066737175 -0.04676473
1 0 0 0 1 0 0 0 1 -0.25082612 0.0035381317 0.03990841
1 0 0 0 1 0 0 0 1 0.006009616 0.018684387 0.005970478
1 0 0 0 1 0 0 0 1 0.008716285 -0.007833481 0.022300512
1 0 0 0 1 0 0 0 1 0.005918145 0.015623093 0.008898735
1 0 0 0 1 0 0 0 1 0.033554792 0.009688377 -0.007884622
1 0 0 0 1 0 0 0 1 -0.009224653 -0.014552116 -0.005056143
1 0 0 0 1 0 0 0 1 0.0019154549 0.0061502457 0.0023686886
1 0 0 0 1 0 0 0 1 0.021297216 -2.002716E-05 0.0035708845
1 0 0 0 1 0 0 0 1 0.0056848526 -0.020486832 -0.029259443
1 0 0 0 1 0 0 0 1 -0.0020327568 0.004506588 0.01728174
1 0 0 0 1 0 0 0 1 -0.023896933 0.0029992461 -0.015648067
1 0 0 0 1 0 0 0 1 -0.29715204 -0.059788704 -0.029538155
1 0 0 0 1 0 0 0 1 -0.0010256767 0.008151054 0.007745266
1 0 0 0 1 0 0 0 1 0.021533072 0.030874252 -0.0036434382
1 0 0 0 1 0 0 0 1 0.009753227 0.0020122528 0.0036820173
1 0 0 0 1 0 0 0 1 0.0016530454 0.004737854 0.0071799755
1 0 0 0 1 0 0 0 1 -0.014233828 0.006778002 0.0058796853
1 0 0 0 1 0 0 0 1 0.007940799 0.00951767 0.006560743
0.9971165 -0.075197846 0.010191122 0.072688915 0.9850305 0.15630472 -0.021792293 -0.15511325 0.9876563 0.23659748 -0.14317584 0.5518892
1 0 0 0 1 0 0 0 1 -0.0020899773 -0.03452444 -0.041706562
1 0 0 0 1 0 0 0 1 0.011011124 0.0029754639 0.021477938
1 0 0 0 1 0 0 0 1 0.00750947 -0.0055274963 0.028905869
1 0 0 0 1 0 0 0 1 0.0074908733 0.027321815 -0.00918293
1 0 0 0 1 0 0 0 1 0.037840366 0.014083862 -0.022107363
1 0 0 0 1 0 0 0 1 0.004486084 -0.0078115463 -0.043132097
1 0 0 0 1 0 0 0 1 0.001462996 0.0087070465 -0.0042785928
1 0 0 0 1 0 0 0 1 0.010482311 -0.024791598 0.0032530725
1 0 0 0 1 0 0 0 1 -0.0042664707 0.0015830994 0.0029395819
1 0 0 0 1 0 0 0 1 0.004585743 -0.0027446747 0.00536108
1 0 0 0 1 0 0 0 1 -0.19700575 -0.044794083 0.039068937
1 0 0 0 1 0 0 0 1 0.014114916 0.015304565 -0.005203247
0.9826507 -0.14063665 0.12090756 0.14872256 0.987018 -0.060635924 -0.11081027 0.07756585 0.99081004 0.8460032 0.28095388 -0.622226
1 0 0 0 1 0 0 0 1 -0.27977234 0.02272892 0.027297974
1 0 0 0 1 0 0 0 1 0.008900404 -0.010409832 0.022888422
1 0 0 0 1 0 0 0 1 -0.009170175 0.0019073486 0.016476631
0.66177815 -0.4702638 -0.58386785 -0.06711039 -0.8128351 0.578615 -0.74669 -0.34373116 -0.569476 1.3066909 15.352827 -2.3819962
1 0 0 0 1 0 0 0 1 -0.3932917 -0.08070946 -0.00569582
1 0 0 0 1 0 0 0 1 0.0063501596 0.003162384 0.0063188076
1 0 0 0 1 0 0 0 1 0.016535759 -0.005004883 -0.02819264
1 0 0 0 1 0 0 0 1 0.008949131 0.01933384 0.019091249
1 0 0 0 1 0 0 0 1 0.018032432 -0.010818481 -0.033888802
-0.6358896 -0.156308 -0.7557859 0.6040991 -0.71026343 -0.36137265 -0.4803217 -0.6863626 0.5460746 1.99072 1.4011483 1.3580171
0.6489396 -0.2697931 0.7113993 0.74253213 0.42845663 -0.51485014 -0.16590086 0.86234355 0.47837257 -0.6674788 -1.0468911 1.8041542
1 0 0 0 1 0 0 0 1 0.016272545 -0.0068073273 -0.008504748
1 0 0 0 1 0 0 0 1 -0.25459158 0.0070590973 0.090648174
1 0 0 0 1 0 0 0 1 0.011934161 0.010387421 -0.020553112
1 0 0 0 1 0 0 0 1 0.038178295 -0.016727448 -0.021521807
1 0 0 0 1 0 0 0 1 -0.3507942 -0.07783127 -0.03162861
1 0 0 0 1 0 0 0 1 0.012227356 0.0030727386 0.009724021
1 0 0 0 1 0 0 0 1 0.0025353432 0.0013303757 0.00543344
0.996614 0.03705109 0.0733998 -0.037936166 0.99922276 0.010701671 -0.07294623 -0.013449952 0.997245 -0.14451009 -0.004699707 0.08600116
1 0 0 0 1 0 0 0 1 0.018791199 -0.0076036453 0.02249378
0.99895394 -0.004569711 0.04549785 0.0046854913 0.99998605 -0.0024379082 -0.045486152 0.0026485478 0.99896145 -0.024688482 -0.01520437 0.0943197
1 0 0 0 1 0 0 0 1 0.00038337708 -0.0017814636 -0.008797169
1 0 0 0 1 0 0 0 1 -9.870529E-05 -0.016244411 0.012136847
1 0 0 0 1 0 0 0 1 0.014538527 0.009394646 0.038343683
1 0 0 0 1 0 0 0 1 0.013039827 0.004863739 -0.023561954
1 0 0 0 1 0 0 0 1 0.0016670227 -0.018492222 0.0053054094
1 0 0 0 1 0 0 0 1 -0.007857084 -0.02209568 0.010818481
1 0 0 0 1 0 0 0 1 0.01750648 0.005355835 -0.021881819
1 0 0 0 1 0 0 0 1 -0.0049723387 -0.0031871796 -0.0034382343
1 0 0 0 1 0 0 0 1 0.023805857 0.014527261 0.03153944
-0.2570191 -0.966092 0.024647042 0.69291717 -0.20200172 -0.69214237 0.673652 -0.16081554 0.7213401 8.153734 7.510488 0.33086398
1 0 0 0 1 0 0 0 1 -0.22918975 0.08609867 0.13088274
0.9266741 0.2481984 -0.2822638 -0.26977253 0.96210647 -0.039672047 0.26172125 0.11291006 0.95851624 -2.0297775 0.8274498 -1.4548955
0.99989027 -0.003747344 -0.014326334 0.0038649142 0.99995875 0.008198857 0.014295116 -0.008253157 0.99986374 0.0533531 5.1498413E-05 0.08243096
1 0 0 0 1 0 0 0 1 0.013879776 -0.0058636665 0.0075552464
1 0 0 0 1 0 0 0 1 0.01093936 0.0020866394 -0.023742795
1 0 0 0 1 0 0 0 1 -0.06796217 0.030557632 -0.022517204
1 0 0 0 1 0 0 0 1 -0.011526108 0.026239395 -0.0010281801
1 0 0 0 1 0 0 0 1 0.0023838282 0.008320808 0.0023953915
1 0 0 0 1 0 0 0 1 -0.06962979 0.056666374 0.07329607
1 0 0 0 1 0 0 0 1 -0.00028964877 0.014075756 0.03419012
1 0 0 0 1 0 0 0 1 -0.0005481541 0.00033187866 0.0078042746
1 0 0 0 1 0 0 0 1 0.018532753 -0.008049011 0.003098607
0.9877813 -0.11807352 -0.101719365 0.1211741 0.9923204 0.024839848 0.098005384 -0.036861986 0.9945029 0.22954828 0.18201685 0.35254622
1 0 0 0 1 0 0 0 1 -0.0010101795 -0.005117655 -0.014372945
1 0 0 0 1 0 0 0 1 0.026705742 -0.04166794 -0.005674243
1 0 0 0 1 0 0 0 1 -0.0043411255 -0.012947798 0.0029039383
0.9815712 -0.17204525 -0.083178565 0.1774738 0.9821106 0.06294495 0.070861176 -0.076547 0.99454474 0.60999787 0.42598104 0.6061933
1 0 0 0 1 0 0 0 1 0.012096524 -0.007089615 0.01853323
1 0 0 0 1 0 0 0 1 0.008687019 0.0023362637 0.00217247
1 0 0 0 1 0 0 0 1 -0.008246899 -0.018089294 0.0024236739
1 0 0 0 1 0 0 0 1 0.0129823685 0.017657757 -0.013677716
0.93067294 -0.36481416 -0.027545199 0.35863504 0.9246046 -0.12840395 0.07231198 0.10962333 0.99133945 1.4432535 -0.16812348 -0.47224978
1 0 0 0 1 0 0 0 1 -0.016001225 -0.017492294 0.019297153
0.945926 -0.020477228 -0.32373577 -0.0722703 0.95961773 -0.27186573 0.31622964 0.28056127 0.90624726 0.2370184 0.2628367 -0.7377756
1 0 0 0 1 0 0 0 1 0.017600536 -0.0056387186 0.01950264
1 0 0 0 1 0 0 0 1 0.015025675 -0.002169609 0.01074326
1 0 0 0 1 0 0 0 1 0.020964146 -0.001335144 -0.0047597885
1 0 0 0 1 0 0 0 1 0.0031483173 0.0048332214 0.00970614
1 0 0 0 1 0 0 0 1 0.010132074 -0.009892464 -0.0086147785
1 0 0 0 1 0 0 0 1 0.00023460388 0.020650864 0.013285041
1 0 0 0 1 0 0 0 1 -0.022963643 -0.0034441948 0.020741224
1 0 0 0 1 0 0 0 1 0.0018641949 -0.0068454742 0.021773458
0.6254023 0.07969038 -0.77622247 -0.72350657 0.4317978 -0.5385989 0.29225004 0.89844316 0.32770383 0.49295366 -0.19261539 1.0957729
1 0 0 0 1 0 0 0 1 -0.0013344288 -0.019859552 0.0070739985
1 0 0 0 1 0 0 0 1 0.008189797 0.039494514 0.0039711
1 0 0 0 1 0 0 0 1 0.017583013 0.022481918 0.0039949417
1 0 0 0 1 0 0 0 1 -0.03221655 -0.0135746 0.07252306
1 0 0 0 1 0 0 0 1 0.0070631504 0.009128571 -0.026991367
1 0 0 0 1 0 0 0 1 0.008455992 -0.04378128 0.01193589
1 0 0 0 1 0 0 0 1 0.02913025 0.019675255 -0.0016303062
1 0 0 0 1 0 0 0 1 0.0016094446 -0.00775671 0.02868867
1 0 0 0 1 0 0 0 1 0.009404421 -0.0063085556 0.03014946
0.46187893 -0.2882231 0.83880603 0.7533801 0.6265796 -0.19954059 -0.4680667 0.72410345 0.5065453 1.4681094 2.9640026 -5.006545
1 0 0 0 1 0 0 0 1 -0.012996197 0.0024876595 0.0049369335
1 0 0 0 1 0 0 0 1 0.02148664 0.0050964355 0.0159657
1 0 0 0 1 0 0 0 1 0.01215601 -0.011338711 0.006192088
1 0 0 0 1 0 0 0 1 -0.028488874 0.0017085075 0.039462626
1 0 0 0 1 0 0 0 1 -0.0020136833 -0.014267921 0.01705186
1 0 0 0 1 0 0 0 1 0.018412113 0.0007047653 -0.0254606
1 0 0 0 1 0 0 0 1 0.015467167 0.015517712 0.012752295
1 0 0 0 1 0 0 0 1 -0.00072932243 -0.002606392 0.01348865
1 0 0 0 1 0 0 0 1 -0.0001125671 -0.048534393 -0.050148584
1 0 0 0 1 0 0 0 1 0.00787425 0.002575159 0.0147242695
1 0 0 0 1 0 0 0 1 0.0036766827 -0.0019950867 0.020747572
1 0 0 0 1 0 0 0 1 0.016027689 -0.021194458 0.002018869
1 0 0 0 1 0 0 0 1 0.006643176 0.037270546 0.10782106
1 0 0 0 1 0 0 0 1 0.0071671605 0.0062379837 0.0004990101
1 0 0 0 1 0 0 0 1 0.015201569 -0.009001732 0.011742443
0.6149483 0.6728801 0.41118258 -0.76877517 0.62765217 0.12262756 -0.17556608 -0.39151654 0.903267 -6.8156414 4.3469706 4.201935
1 0 0 0 1 0 0 0 1 0.027037948 -0.006000519 -0.0014842749
0.9998723 -0.01583479 -0.0020239055 0.015805628 0.9997812 -0.013689619 0.002239883 0.013655849 0.99990416 -0.02268982 0.047692537 -0.09771693
1 0 0 0 1 0 0 0 1 0.0046339035 -0.030356407 0.0020478964
1 0 0 0 1 0 0 0 1 0.010467052 0.014136314 -0.00082468987
1 0 0 0 1 0 0 0 1 0.008302689 -0.0074653625 0.012005091
1 0 0 0 1 0 0 0 1 -0.37240303 0.0009326935 0.00080919266
1 0 0 0 1 0 0 0 1 -0.23899269 -0.004020691 -0.050339818
1 0 0 0 1 0 0 0 1 0.0008124113 0.011012077 -0.0048224926
1 0 0 0 1 0 0 0 1 0.02653122 -0.0138396025 0.017914161
1 0 0 0 1 0 0 0 1 -0.20168817 -0.006372452 0.04123974
0.8296252 -0.28923938 0.47755876 0.43608043 0.8698209 -0.23075026 -0.34864846 0.39969027 0.8477569 1.7539775 1.1581564 -2.8363736
1 0 0 0 1 0 0 0 1 0.0013107061 -0.0048236847 0.015831232
1 0 0 0 1 0 0 0 1 -0.0056436956 0.005420685 0.013409376
1 0 0 0 1 0 0 0 1 0.022806883 -0.0047359467 0.0054597594
1 0 0 0 1 0 0 0 1 0.013592958 -0.0013771057 -0.0013484657
1 0 0 0 1 0 0 0 1 0.01718986 -0.0034770966 0.008395433
1 0 0 0 1 0 0 0 1 0.01700592 0.0057649612 0.0055541396
1 0 0 0 1 0 0 0 1 0.0013591051 0.028216839 0.024111867
1 0 0 0 1 0 0 0 1 0.0018206909 -0.0035743713 0.009694636
1 0 0 0 1 0 0 0 1 -0.0013657772 -0.014370918 0.01235646
1 0 0 0 1 0 0 0 1 0.0131902695 0.0021591187 -0.0022004843
1 0 0 0 1 0 0 0 1 0.01238215 0.0018463135 0.009150982
1 0 0 0 1 0 0 0 1 -0.00065016747 0.0032191277 -0.0020201206
1 0 0 0 1 0 0 0 1 0.017923832 -0.015583992 0.0031781346
1 0 0 0 1 0 0 0 1 -0.0048007965 0.004378319 0.003137827
1 0 0 0 1 0 0 0 1 -0.0067248642 0.0024967194 0.01662594
1 0 0 0 1 0 0 0 1 -0.43541574 -0.0010185242 0.021728039
-0.014805488 0.72351515 0.6901499 0.5427583 -0.5738712 0.61325824 0.83975863 0.38366383 -0.38419735 -6.5833054 10.986013 -0.72260356
1 0 0 0 1 0 0 0 1 0.008070707 0.015171051 0.012461409
1 0 0 0 1 0 0 0 1 -0.006966591 0.036400795 -0.0011336803
1 0 0 0 1 0 0 0 1 -0.019293815 0.01676178 -0.025317281
1 0 0 0 1 0 0 0 1 -0.2550813 0.08658886 0.11358023
1 0 0 0 1 0 0 0 1 0.0047724247 -0.029134031 0.001790762
1 0 0 0 1 0 0 0 1 0.005051136 -0.0033493042 0.010625601
1 0 0 0 1 0 0 0 1 0.029786587 -0.00032901764 0.03206396
1 0 0 0 1 0 0 0 1 0.0151360035 -0.03206587 -0.007834166
1 0 0 0 1 0 0 0 1 -0.037564516 -0.0036373138 -0.003050536
1 0 0 0 1 0 0 0 1 -0.0016200542 -0.024080276 0.0014922619
1 0 0 0 1 0 0 0 1 -0.10116291 0.045176506 -0.038678378
1 0 0 0 1 0 0 0 1 0.022177815 0.012292862 -0.014245868
1 0 0 0 1 0 0 0 1 0.009268522 0.0001001358 0.0069823265
1 0 0 0 1 0 0 0 1 0.017219543 -0.010682583 0.0024573803
1 0 0 0 1 0 0 0 1 -0.018851161 -0.01201725 0.015827164
1 0 0 0 1 0 0 0 1 0.016756773 -0.0093717575 0.028344274
-0.56647235 0.5922025 0.5730668 -0.7240912 -0.025675505 -0.68922627 -0.3934476 -0.8053801 0.44335294 3.6452804 1.0513462 0.46557266
1 0 0 0 1 0 0 0 1 -0.01770538 -0.02760005 0.01361686
1 0 0 0 1 0 0 0 1 0.0031785965 0.005101204 0.022763133
1 0 0 0 1 0 0 0 1 -0.0073912144 0.026382446 -0.015193015
1 0 0 0 1 0 0 0 1 -0.393671 0.04267311 0.1466856
1 0 0 0 1 0 0 0 1 0.009445906 0.0047683716 0.0013200641
0.9949796 0.012891158 -0.0992434 -0.01762596 0.9987404 -0.046980567 0.098512724 0.04849396 0.9939536 0.053653598 0.024333 -0.008053899
1 0 0 0 1 0 0 0 1 -0.31706166 -0.10061169 0.017488956
1 0 0 0 1 0 0 0 1 0.02013874 0.0069789886 -0.013015032
1 0 0 0 1 0 0 0 1 0.015991464 0.008436203 0.0015523434
1 0 0 0 1 0 0 0 1 0.014054775 0.009418488 -0.013018727
1 0 0 0 1 0 0 0 1 0.018475533 0.0058908463 0.025044084
1 0 0 0 1 0 0 0 1 0.0195434 0.0017166138 0.00326097
0.9599526 -0.22276539 -0.16990098 0.25039458 0.9542161 0.16362807 0.12567163 -0.19961736 0.9717815 0.70409423 0.98769855 1.437155
1 0 0 0 1 0 0 0 1 0.0076384544 -0.0433774 0.010698855
0.94838005 -0.069700055 0.30938172 0.033331662 0.9920532 0.12132262 -0.31537938 -0.10474774 0.94316673 -0.3049127 -0.050243974 -0.28507555
1 0 0 0 1 0 0 0 1 0.010720253 -0.0015690327 -0.008621097
1 0 0 0 1 0 0 0 1 -0.020968437 0.013020515 0.032054186
1 0 0 0 1 0 0 0 1 0.026089221 0.0019340515 -0.00032866
1 0 0 0 1 0 0 0 1 0.018399239 -0.0032367706 -0.021588504
1 0 0 0 1 0 0 0 1 0.015958548 0.00017738342 0.023376897
0.99997485 -0.0038181692 0.0059858114 0.003933586 0.99980426 -0.019391447 -0.0059106387 0.019414485 0.99979407 0.04823131 0.0023918152 -0.29109877
1 0 0 0 1 0 0 0 1 -0.00080633163 -0.033033848 -0.010085225
1 0 0 0 1 0 0 0 1 -0.31887817 0.020637512 0.049997807
1 0 0 0 1 0 0 0 1 0.02456975 0.026821136 -0.026380658
1 0 0 0 1 0 0 0 1 0.0065534115 -0.020701408 0.0006119609
1 0 0 0 1 0 0 0 1 0.0013551116 -0.026088715 -0.03136313
0.9614934 0.24690628 0.120696485 -0.23969641 0.9682318 -0.07122086 -0.13444702 0.03954771 0.9901312 -0.92881644 0.4988792 0.10760528
1 0 0 0 1 0 0 0 1 0.021699905 -0.002448082 -0.027424768
1 0 0 0 1 0 0 0 1 -0.018268824 -0.062462807 0.015692115
1 0 0 0 1 0 0 0 1 0.00902462 -0.0005226135 0.0125927925
1 0 0 0 1 0 0 0 1 0.021238804 0.018287659 -0.031899214
0.6734971 0.7390208 -0.015804552 0.7391698 -0.6731677 0.021752467 0.0054364167 -0.026332472 -0.99963844 -6.500018 14.798054 2.6326096
1 0 0 0 1 0 0 0 1 -0.0037291162 -0.013289452 0.01979369
1 0 0 0 1 0 0 0 1 0.02207309 0.01794815 -0.0067678094
1 0 0 0 1 0 0 0 1 0.01809144 -0.004671097 0.014647245
1 0 0 0 1 0 0 0 1 0.004101157 0.006780386 0.012299001
1 0 0 0 1 0 0 0 1 0.016238846 0.007083893 0.011811495
1 0 0 0 1 0 0 0 1 0.0169034 -0.015195847 0.014365554
1 0 0 0 1 0 0 0 1 0.011571407 -0.002530098 0.01576364
1 0 0 0 1 0 0 0 1 -0.007229805 -0.0115356445 0.0099589825
1 0 0 0 1 0 0 0 1 0.021677732 0.0032954216 0.0026085377
1 0 0 0 1 0 0 0 1 0.025790215 -0.01787281 0.040945113
1 0 0 0 1 0 0 0 1 0.0010101795 0.032463074 0.0014204979
1 0 0 0 1 0 0 0 1 -0.00969404 0.048833847 -0.060360134
1 0 0 0 1 0 0 0 1 -0.011808574 -0.0060663223 0.02099548
1 0 0 0 1 0 0 0 1 0.032687902 0.01936531 -0.023005486
1 0 0 0 1 0 0 0 1 -0.0006611347 -0.018877983 0.021465302
1 0 0 0 1 0 0 0 1 0.0025206208 0.007537842 -0.008196086
1 0 0 0 1 0 0 0 1 0.013271809 0.009540081 0.026651442
-0.74651086 0.0563377 -0.6629837 -0.06256384 -0.99793756 -0.014354944 -0.6624252 0.030762708 0.7484963 -2.2390857 16.311285 -0.9193789
1 0 0 0 1 0 0 0 1 0.013170719 0.007341385 -0.0038598776
1 0 0 0 1 0 0 0 1 0.006833434 0.00037813187 0.0028183758
0.989732 0.06926638 0.12502864 -0.060253933 0.99540037 -0.0744832 -0.12961283 0.06618498 0.9893533 -0.2327981 -0.030826569 -0.2851385
1 0 0 0 1 0 0 0 1 0.0020599365 0.0043640137 0.022365808
1 0 0 0 1 0 0 0 1 0.0030288175 0.01177597 -0.0042578205
1 0 0 0 1 0 0 0 1 0.008417845 0.0068597794 0.0042225122
0.9981047 -0.035431966 0.0503148 0.03728625 0.9986412 -0.036408275 -0.048956484 0.03821534 0.9980695 0.17654128 0.0758028 -0.26740003
1 0 0 0 1 0 0 0 1 0.013811588 -0.009965479 0.01681149
1 0 0 0 1 0 0 0 1 -0.01015234 -0.038441658 -0.026881933
1 0 0 0 1 0 0 0 1 0.020497322 0.011523247 0.031912215
1 0 0 0 1 0 0 0 1 0.003581047 0.0059432983 -0.06328106
-0.50507843 0.12551168 0.85389847 0.6864189 0.6581632 0.30927345 -0.52318734 0.7423394 -0.41857773 -3.520941 4.2689695 -7.8307877
1 0 0 0 1 0 0 0 1 -0.0010559559 -1.8119812E-05 0.003979206
1 0 0 0 1 0 0 0 1 -0.0013995171 0.003499031 0.003991127
1 0 0 0 1 0 0 0 1 0.0008177757 -0.0048921704 0.0052583814
1 0 0 0 1 0 0 0 1 -0.022746876 -0.044446945 -0.055285454
1 0 0 0 1 0 0 0 1 0.007515581 0.0048570633 -0.0023344755
1 0 0 0 1 0 0 0 1 -0.34732127 -0.08227825 -0.03345871
1 0 0 0 1 0 0 0 1 -0.007030964 -0.045101464 -0.028328061
1 0 0 0 1 0 0 0 1 0.009930551 0.003935814 0.016314268
1 0 0 0 1 0 0 0 1 0.006822467 0.001244545 -0.002246365
1 0 0 0 1 0 0 0 1 -0.0019454956 -0.021479249 -0.00027489662
1 0 0 0 1 0 0 0 1 0.01603818 0.017532349 0.009107611
1 0 0 0 1 0 0 0 1 0.032495975 0.0054836273 -0.032501698
0.99207175 0.10540757 0.06843312 -0.10123796 0.9929417 -0.061787188 -0.07446288 0.05436936 0.9957405 -0.21703112 -0.119601905 -0.20066679
1 0 0 0 1 0 0 0 1 -0.111922026 0.016654968 -0.029264137
1 0 0 0 1 0 0 0 1 0.019512177 0.0020217896 0.001398325
1 0 0 0 1 0 0 0 1 0.0034324527 -0.0032367706 -0.02858758
1 0 0 0 1 0 0 0 1 0.016485333 -0.025690079 -0.0047261715
1 0 0 0 1 0 0 0 1 0.00857383 -0.018820286 0.008164883
1 0 0 0 1 0 0 0 1 -0.23621866 0.094864845 0.11397886
1 0 0 0 1 0 0 0 1 -2.1755695E-05 -0.034416676 0.02099964
1 0 0 0 1 0 0 0 1 0.015325785 0.0015001297 0.02875334
1 0 0 0 1 0 0 0 1 0.0013321042 0.011959314 0.009340286
-0.9145847 0.04515107 -0.40186578 -0.056640126 -0.9982542 0.016746448 -0.4004082 0.03807769 0.91554534 4.4801183 18.130903 0.703469
1 0 0 0 1 0 0 0 1 -0.01253441 0.0018224716 0.028183341
0.9978174 0.054882385 0.03671965 -0.05496057 0.9984878 0.0011236519 -0.036602348 -0.0031392425 0.9993249 -0.12410545 0.10227728 0.07568908
1 0 0 0 1 0 0 0 1 -0.33044463 0.02102375 0.107067585
1 0 0 0 1 0 0 0 1 -0.1821599 -0.0024528503 -0.037446916
1 0 0 0 1 0 0 0 1 -0.039389372 0.01646614 -0.02033192
0.99908835 -0.036568135 -0.022033311 0.03704837 0.9990759 0.021792985 0.02121608 -0.022589229 0.9995198 0.45969844 0.036337852 0.25618926
1 0 0 0 1 0 0 0 1 0.011968136 0.012135506 -0.029242516
1 0 0 0 1 0 0 0 1 0.012851477 0.01076591 -0.04678893
1 0 0 0 1 0 0 0 1 0.00976491 0.089491844 -0.03471923
1 0 0 0 1 0 0 0 1 0.010607958 -0.03240931 0.0078372955
1 0 0 0 1 0 0 0 1 0.0011783838 0.008110046 0.015225172
1 0 0 0 1 0 0 0 1 0.03760469 -0.0039520264 0.013477355
1 0 0 0 1 0 0 0 1 0.007875383 0.0061416626 0.006563425
1 0 0 0 1 0 0 0 1 0.020019293 0.008239746 0.015695587
1 0 0 0 1 0 0 0 1 0.010448398 0.017455101 0.020693302
1 0 0 0 1 0 0 0 1 0.0010976791 -0.01834917 -0.007915199
1 0 0 0 1 0 0 0 1 -0.021948814 -0.003613472 -0.009268522
1 0 0 0 1 0 0 0 1 -0.013533115 -0.032992244 0.014790058
0.9976375 0.06784502 0.010796957 -0.063572526 0.9712934 -0.22923362 -0.026039364 0.22800574 0.97331154 -0.27086842 0.286942 -0.8150281
0.9919277 0.12655786 0.007918259 -0.12630603 0.9916295 -0.026779544 -0.011241377 0.025563324 0.99961 -1.0327934 0.039578438 -0.21810192
1 0 0 0 1 0 0 0 1 0.0058128834 0.012731552 -0.00092601776
1 0 0 0 1 0 0 0 1 0.016866803 0.0005722046 -0.022894502
1 0 0 0 1 0 0 0 1 -0.30288067 0.042247772 0.08271074
1 0 0 0 1 0 0 0 1 0.02323845 -0.0046653748 0.009360552
1 0 0 0 1 0 0 0 1 0.011481285 -0.22258043 -0.015899658
1 0 0 0 1 0 0 0 1 -0.0061137676 0.00856781 0.019138575
1 0 0 0 1 0 0 0 1 -0.012740135 0.017394066 0.024651803
1 0 0 0 1 0 0 0 1 0.0032298565 -0.012507677 0.015318885
1 0 0 0 1 0 0 0 1 -0.17983341 -0.007671356 -0.012558758
1 0 0 0 1 0 0 0 1 -0.0012750626 -0.023989677 -0.0021682978
1 0 0 0 1 0 0 0 1 0.0048754215 -0.023983002 0.006431222
1 0 0 0 1 0 0 0 1 0.012685657 -0.010789871 -0.000579834
1 0 0 0 1 0 0 0 1 0.012571812 -0.005222112 0.010457277
1 0 0 0 1 0 0 0 1 0.0070245266 -0.036595345 -0.017355345
1 0 0 0 1 0 0 0 1 0.00075912476 0.01727295 -0.000207901
1 0 0 0 1 0 0 0 1 0.014426947 0.010892868 -0.0342322
1 0 0 0 1 0 0 0 1 -0.24890852 -0.082344055 -0.07128286
1 0 0 0 1 0 0 0 1 0.028608456 0.0030117035 0.005424261
1 0 0 0 1 0 0 0 1 0.0051635504 -0.015749931 0.009215295
1 0 0 0 1 0 0 0 1 0.0040416718 -0.021962643 -0.008533299
1 0 0 0 1 0 0 0 1 0.007702112 0.0050492287 0.0040159225
1 0 0 0 1 0 0 0 1 0.020208105 0.008090973 0.016853571
1 0 0 0 1 0 0 0 1 0.0058270693 0.0036449432 -0.005418539
1 0 0 0 1 0 0 0 1 -0.02088809 0.06592941 -0.0039739907
1 0 0 0 1 0 0 0 1 0.0047826767 -0.008064866 0.0059256554
1 0 0 0 1 0 0 0 1 0.021320075 0.0022773743 -0.026368737
1 0 0 0 1 0 0 0 1 -0.0014407337 -0.008182526 0.012539804
1 0 0 0 1 0 0 0 1 0.008045346 0.0044050217 0.011506677
1 0 0 0 1 0 0 0 1 0.003101647 -0.0026750565 0.030453563
1 0 0 0 1 0 0 0 1 0.009499788 -0.0013456345 0.0062780976
0.41168612 0.91131186 0.005030155 -0.17531973 0.08461499 -0.9808686 -0.8943028 0.4029281 0.19460571 -8.930187 8.262023 -4.6413584
1 0 0 0 1 0 0 0 1 0.011198103 -0.015154839 -0.01600483
1 0 0 0 1 0 0 0 1 0.012365103 -0.012313843 0.026956797
1 0 0 0 1 0 0 0 1 0.013756156 -0.00030326843 0.043510437
1 0 0 0 1 0 0 0 1 0.008391857 -0.0050234795 0.0059649944
1 0 0 0 1 0 0 0 1 -0.003327787 0.005783081 0.017213665
1 0 0 0 1 0 0 0 1 0.013605773 0.007997513 -0.0004068762
1 0 0 0 1 0 0 0 1 0.011962742 0.03444004 -0.0017175674
1 0 0 0 1 0 0 0 1 -0.0039577484 -0.011241436 0.00035071373
1 0 0 0 1 0 0 0 1 0.00036621094 0.008243561 -0.0020059347
1 0 0 0 1 0 0 0 1 0.0007519722 -0.0020188093 0.006873727
1 0 0 0 1 0 0 0 1 0.0027399063 -0.03496647 0.015483677
1 0 0 0 1 0 0 0 1 0.012058854 -0.008836746 -0.010185361
1 0 0 0 1 0 0 0 1 -0.02569437 -0.0023403168 0.00035971403
1 0 0 0 1 0 0 0 1 0.00032615662 -0.02872467 0.01402545
1 0 0 0 1 0 0 0 1 0.038226843 0.019640923 0.017427862
1 0 0 0 1 0 0 0 1 -0.0062713623 -0.002984047 -0.0056347847
1 0 0 0 1 0 0 0 1 -0.0027852058 0.0028409958 0.015657783
0.048337407 0.500849 -0.8641838 0.07808978 0.86065197 0.50317 0.99577373 -0.091805905 0.0024904888 -2.111964 0.17331982 2.2350779
1 0 0 0 1 0 0 0 1 -0.001416564 0.0011348724 0.0031033158
1 0 0 0 1 0 0 0 1 -0.0041389465 -0.00528574 -0.0014162064
-0.1934232 0.9678795 0.16061413 -0.8560266 -0.08649784 -0.50964355 -0.47938067 -0.23606685 0.8452615 -13.413742 13.1470995 2.6854591
1 0 0 0 1 0 0 0 1 0.0014631748 -0.027637482 -0.008717775
1 0 0 0 1 0 0 0 1 0.020476818 0.011078358 0.027356207
1 0 0 0 1 0 0 0 1 0.0007157326 0.010543346 0.0027451515
1 0 0 0 1 0 0 0 1 -0.005646467 0.005423546 -0.016735911
0.9982465 0.04430918 0.03924907 -0.045803063 0.9982269 0.038017206 -0.037494943 -0.03974833 0.99850595 -0.5228245 -0.08635998 0.11540353
1 0 0 0 1 0 0 0 1 -0.0133218765 -0.023581982 0.027891755
1 0 0 0 1 0 0 0 1 0.0060095787 -0.009645462 -0.014130235
0.99819523 -0.0064266324 0.059705526 0.006974429 0.99993515 -0.008974135 -0.059644163 0.009374708 0.9981757 0.018054962 -0.010809422 0.045285285
1 0 0 0 1 0 0 0 1 -0.0047285557 -0.011250734 -0.0016672611
1 0 0 0 1 0 0 0 1 0.0025753975 0.017896652 -0.016688347
1 0 0 0 1 0 0 0 1 0.018428326 -0.0010671616 -0.0070211887
1 0 0 0 1 0 0 0 1 -0.013683319 -0.052139282 -0.01987338
1 0 0 0 1 0 0 0 1 0.020301819 -0.07382774 -0.025374353
1 0 0 0 1 0 0 0 1 0.013852954 0.004682064 0.008076191
1 0 0 0 1 0 0 0 1 -0.14084148 0.011234283 -0.019783929
1 0 0 0 1 0 0 0 1 0.0025207996 0.04373741 -0.05647552
1 0 0 0 1 0 0 0 1 0.014069915 0.009782791 -0.0006066561
1 0 0 0 1 0 0 0 1 0.023712635 0.01465416 -0.0379197
1 0 0 0 1 0 0 0 1 0.0059257895 0.004050255 0.0062065125
1 0 0 0 1 0 0 0 1 0.009436727 0.014234543 -0.019353867
1 0 0 0 1 0 0 0 1 -0.006793022 -0.0032422543 -0.005290389
1 0 0 0 1 0 0 0 1 0.012193918 -0.0013589859 0.0038152933
1 0 0 0 1 0 0 0 1 0.015824795 -0.00349617 -0.0017803907
1 0 0 0 1 0 0 0 1 0.016673103 0.0026378632 -0.0055402517
1 0 0 0 1 0 0 0 1 0.0076835155 -0.008402348 -0.021876067
1 0 0 0 1 0 0 0 1 -0.040153563 0.018572807 -0.007027626
1 0 0 0 1 0 0 0 1 0.0001821518 -0.012913942 -0.015243769
0.99929106 -0.014276549 0.034831077 0.011925064 0.9976944 0.06680858 -0.035704464 -0.06634581 0.9971576 0.21309903 0.047055244 0.8649509
1 0 0 0 1 0 0 0 1 0.0043230057 -0.032791138 0.0021201372
1 0 0 0 1 0 0 0 1 -0.010425925 -0.013814449 0.020289779
1 0 0 0 1 0 0 0 1 -0.005504608 -0.0023925304 0.002063036
1 0 0 0 1 0 0 0 1 0.0021717846 0.0020446777 0.0063921213
0.9995719 0.022011057 0.019264847 -0.02052205 0.9970216 -0.07434083 -0.020843953 0.073913686 0.99704665 -0.20138466 0.11997032 -0.62294257
1 0 0 0 1 0 0 0 1 -0.22240114 -0.041783333 -0.074564934
1 0 0 0 1 0 0 0 1 0.05550456 0.017050266 0.027173087
1 0 0 0 1 0 0 0 1 -0.005792856 0.011569977 -0.009026885
1 0 0 0 1 0 0 0 1 0.023329735 0.0084142685 0.058938503
1 0 0 0 1 0 0 0 1 0.016110301 -0.0028357506 0.027124643
1 0 0 0 1 0 0 0 1 0.0094486475 0.03096199 -0.009447217
1 0 0 0 1 0 0 0 1 -0.022290463 -0.009407043 0.0055356324
1 0 0 0 1 0 0 0 1 0.011225224 -0.010362625 0.009713769
1 0 0 0 1 0 0 0 1 0.0017471313 0.012048721 -0.02880311
1 0 0 0 1 0 0 0 1 -0.004056379 0.0043964386 -0.007633686
1 0 0 0 1 0 0 0 1 -0.0042083263 -0.0371809 -0.007134199
1 0 0 0 1 0 0 0 1 0.05086854 0.14586258 -0.0040258765
1 0 0 0 1 0 0 0 1 -0.03927517 0.003452301 -0.04000573
1 0 0 0 1 0 0 0 1 -0.005982399 -0.01481927 0.005725622
1 0 0 0 1 0 0 0 1 -0.004809499 0.0011997223 0.0036613941
1 0 0 0 1 0 0 0 1 -0.031789303 0.031136513 0.013483465
1 0 0 0 1 0 0 0 1 0.0026809573 -5.9127808E-05 0.0034692287
1 0 0 0 1 0 0 0 1 -0.009560823 -0.014717102 -0.0073902607
1 0 0 0 1 0 0 0 1 -0.393015 0.0060539246 0.036711693
1 0 0 0 1 0 0 0 1 0.007105112 -0.0034160614 0.009227514
1 0 0 0 1 0 0 0 1 0.01053381 0.013897896 0.01743412
1 0 0 0 1 0 0 0 1 -0.00038295984 0.0066461563 0.0147281885
1 0 0 0 1 0 0 0 1 0.006586075 -0.010458946 0.0035755038
1 0 0 0 1 0 0 0 1 0.012593746 -0.011255264 -0.006589532
1 0 0 0 1 0 0 0 1 0.018175364 -0.0022277832 0.025113702
1 0 0 0 1 0 0 0 1 0.036984682 -0.0017259121 0.007744074
-0.38649693 -0.7566943 -0.5272891 -0.797046 -0.013615742 0.6037652 -0.46404517 0.65362704 -0.5978577 8.628981 12.128206 -8.4004755
0.5863011 0.4261821 0.688927 -0.79816335 0.44931722 0.40130982 -0.13851568 -0.78516454 0.6035978 -5.5793724 3.6560783 7.8664775
1 0 0 0 1 0 0 0 1 -0.004215747 -0.00031375885 0.0055954456
-0.70920384 -0.6972653 0.10416766 -0.6917274 0.7167503 0.0882176 -0.13617328 -0.009491336 -0.99063945 2.901404 1.1530681 0.33083493
1 0 0 0 1 0 0 0 1 0.00039952993 -0.019251347 0.007189393
1 0 0 0 1 0 0 0 1 -0.02499652 0.025004506 0.054264784
1 0 0 0 1 0 0 0 1 0.014568567 0.0011177063 -0.004306078
1 0 0 0 1 0 0 0 1 -0.25999188 -0.033956528 -0.018810272
1 0 0 0 1 0 0 0 1 -0.289217 0.052763462 0.06956291
1 0 0 0 1 0 0 0 1 -0.27881697 0.060832024 0.12260771
1 0 0 0 1 0 0 0 1 0.011894226 -0.023712397 -0.008464217
1 0 0 0 1 0 0 0 1 -0.00059592724 -0.013367653 0.03302759
1 0 0 0 1 0 0 0 1 -0.0011296272 0.002070427 -0.01224494
1 0 0 0 1 0 0 0 1 0.017885685 0.010173798 0.039186478
0.106721915 -0.95196205 -0.2870168 0.8774217 -0.045615 0.47754636 -0.4676984 -0.3027994 0.8304039 11.538212 12.495844 3.6549168
1 0 0 0 1 0 0 0 1 -0.026372641 -0.076654434 -0.095154166
-0.49456888 -0.5532465 0.67031354 0.026538193 -0.78049207 -0.6246026 0.8687334 -0.2911199 0.4006893 3.4085865 10.880894 1.7662814
1 0 0 0 1 0 0 0 1 0.029690266 -0.014181852 0.0012147427
1 0 0 0 1 0 0 0 1 0.032149315 5.6266785E-05 0.016892552
1 0 0 0 1 0 0 0 1 0.013326667 0.00901413 0.009545103
